2 0.049025899609375 0.6360539048611111 0.09805179921875 0.14491522638888885
8 0.220324022265625 0.4041895402777778 0.012870760156249971 0.04423728055555556
8 0.26665875820312496 0.3851217479166667 0.012870760156250017 0.04576270138888887
9 0.15296704375 0.48274884999999995 0.017161014062500014 0.009152541666666597
8 0.48202948046875005 0.41334208125 0.007722456249999965 0.038135584722222164
8 0.527935191796875 0.40952852430555553 0.005148303906250007 0.03661016249999997
9 0.5468123070312501 0.4240200465277778 0.010296607812500014 0.019830504166666665
2 0.21303059062500002 0.5773251027777778 0.08408896718750003 0.1250847222222222
2 0.5292222675781251 0.5689352736111111 0.06092159921875 0.17847454166666665
2 0.570408701171875 0.5796132375 0.04032838203124998 0.12661014444444446
2 0.386356829296875 0.6707665417330647 0.33635586953124996 0.5636254526449818
3 0.5240739640625 0.4842742729166667 0.09181142343749996 0.10372879583333333
4 0.7837117056259801 0.4987657951388889 0.42993075749803966 0.9961015069444444
3 0.415959577734375 0.40495225416666664 0.11068853828124996 0.09457625277777776
