0 0.6562786110614853 0.5496785320617379 0.0254760439979707 0.08766802726427135
0 0.69735458203125 0.54425211875 0.021525596875000018 0.09354333472222223
0 0.7314367765625 0.54000015 0.02032972968750002 0.10204727222222224
0 0.773292101953125 0.5492127479166667 0.02989666171875003 0.15165359027777778
0 0.8288998937500001 0.5623229930555556 0.03109252812500003 0.12118113611111114
0 0.800199098828125 0.5325592006944444 0.016742130468750015 0.1084252263888889
0 0.8133536292968749 0.5463781034722222 0.0167421320312501 0.1062992402777778
2 0.12240531168768523 0.4787009145833333 0.13467766412462956 0.1835433458333334
2 0.15359021386030683 0.5314962104166667 0.16910328477938633 0.18708666527777779
8 0.46117095273437503 0.27425204444444445 0.015546263281250017 0.04251969722222222
8 0.650117855859375 0.3369685972222222 0.01793799609375002 0.0361417416666667
8 0.21781212617187498 0.26362212083333336 0.019133863281249976 0.038267725
8 0.290759980859375 0.4536851694444444 0.007175199218750006 0.017007877777777795
8 0.45100608828125 0.4632521013888889 0.007175198437500007 0.019133863888888904
2 0.247743667578125 0.5084647006944445 0.027504928906250024 0.053149623611111155
2 0.27285686406250004 0.5063387159722222 0.022721464062499974 0.04889765416666671
2 0.291990726953125 0.5052757222222222 0.01793799609375002 0.04677166666666671
2 0.3105266578125 0.49889777013888886 0.021525596874999976 0.03401576250000002
2 0.327866721875 0.49996076041666665 0.013154531250000013 0.036141743055555585
2 0.341619187109375 0.49783477569444445 0.011958664843750012 0.03188977361111114
2 0.3678082248836431 0.50421273125 0.03372430648271374 0.04464568472222226
2 0.39483524335937503 0.4999607625 0.017937996093749974 0.03188977222222225
2 0.413371175 0.49677178541666667 0.014350398437500012 0.01700787916666668
2 0.43071123828125 0.4999607625 0.015546264062500014 0.023385833333333356
2 0.44506163593750003 0.49783477777777774 0.013154531250000013 0.019133863888888904
0 0.5532875519531251 0.5286615583333333 0.016742130468750015 0.06803151111111111
0 0.54312268671875 0.51980329375 0.013154531250000013 0.048897651388888935
0 0.573617283203125 0.5233465972222222 0.01674213046874993 0.057401588888888945
0 0.5906409390625 0.5226379368055555 0.014913451562500058 0.06448821249999999
8 0.384072445703125 0.45956705000000003 0.0059793320312500065 0.019133861111111136
0 0.6010873304687501 0.5251182555555556 0.010762796875000013 0.05527560555555553
