0 0.16365772031249998 0.4680465472222222 0.021093735937500014 0.11953116944444449
0 0.11949271171875 0.4610153020833333 0.0250488109375 0.11953116805555561
0 0.09971733476562501 0.45515592916666664 0.01713865859375 0.11249992222222226
0 0.283628341015625 0.4457809381944445 0.013183585156249978 0.0374999736111111
0 0.306699614453125 0.4492965611111111 0.009228508593749973 0.04453121944444444
0 0.3218607375 0.4446090631944445 0.015820301562500028 0.05390621527777779
0 0.9019384636718751 0.5231246326388889 0.047460905468749995 0.19687486249999994
2 0.48995144140624997 0.48562465902777774 0.01713865937500003 0.06562495416666671
2 0.474790319140625 0.4774215402777778 0.026367169531249957 0.1054686777777778
2 0.440512998828125 0.47859341388888893 0.06855463984375003 0.14062490277777778
2 0.396347990234375 0.49102856576006737 0.11206046953125001 0.1720045573687542
2 0.60201191171875 0.4516403069444444 0.06723628281249994 0.0632812055555556
2 0.845908228125 0.5043746451388889 0.16743152499999994 0.23906233749999994
4 0.72132335234375 0.4610153 0.07119135625000003 0.1007811777777778
4 0.534116451171875 0.45398405625000005 0.08964837578125007 0.05859370972222225
2 0.540049063671875 0.47039029444444447 0.038232396093749975 0.05859371111111113
2 0.6336525140625 0.5552924707725655 0.16743152500000003 0.2283980637673532
2 0.954672802734375 0.5371871229166666 0.08964837578125007 0.1734373819444444
9 0.658701325 0.4246872020833333 0.009228507812500019 0.02343748472222226
9 0.689682748828125 0.4012497173611111 0.013183585156250021 0.014062490277777723
9 0.253306096484375 0.3121872770833333 0.013183585156250021 0.05624995972222221
