9 0.454743980078125 0.3729364770833333 0.007925167968750025 0.03202087916666672
9 0.41619885039062493 0.35180269791666663 0.028818789843750015 0.046110062499999986
9 0.747494856640625 0.37998106944444443 0.015129864843749985 0.02305503055555557
9 0.7456936828125 0.4075190249999999 0.011527517187500003 0.029459205555555534
9 0.79396515390625 0.40751902500000003 0.015850334375000052 0.021774194444444422
9 0.7946856234374999 0.42416988055555555 0.014409395312500007 0.011527516666666631
9 0.809455253515625 0.43249530902777783 0.019452682031250036 0.028178373611111123
8 0.505296943359375 0.4231025215277777 0.010086577343750047 0.02049335972222216
8 0.92689181953125 0.3872391409722222 0.015129864062500076 0.023055031944444457
8 0.993175034375 0.37186911874999995 0.012247984374999988 0.023055031944444457
2 0.713458037109375 0.4427115083333334 0.02809831953124995 0.03714421666666673
2 0.7556055171875 0.49970867222222226 0.10086576249999987 0.15626188055555548
2 0.88168771953125 0.5745178064532814 0.2348731328124999 0.30099356027399826
3 0.6100706300781249 0.3776633791666667 0.19884964609375003 0.49696401111111116
2 0.35235647265625003 0.47989999375 0.05045677500000001 0.05382055972222217
2 0.488589765625 0.45971728472222223 0.035319742187500044 0.04485046666666664
