9 0.34810911953125 0.5221560416666667 0.020393945312499984 0.01919430000000004
2 0.77208015390625 0.6216187249999999 0.040869112499999985 0.10605073055555551
2 0.821368580859375 0.6245256395833333 0.09837078671875003 0.16421789861111113
2 0.9196816179687499 0.6394545423611111 0.16063676406250008 0.3689571013888888
9 0.6486198789062501 0.5626773409722222 0.011996437499999946 0.02345970138888889
2 0.38769736328125 0.6042649937500001 0.02279323124999997 0.02559240138888891
2 0.3619050234375 0.6021322930555556 0.023992876562499977 0.025592400000000026
2 0.34091125703124997 0.61599484375 0.0347896703125 0.03625590138888894
2 0.309120698828125 0.62665834375 0.043187175781249997 0.036255901388888866
2 0.256270805078125 0.6509988881944444 0.04811688828124998 0.0508137930555555
2 0.18495756796875 0.6778431402777778 0.07317826874999997 0.0533175
2 0.091385356640625 0.6682459895833334 0.07077898203125 0.05545019861111105
9 0.4170886359375 0.5221560402777778 0.00959715000000001 0.023459700000000003
2 0.5106608492187499 0.5872033916666667 0.023992876562499977 0.02985780277777776
2 0.49206636992187497 0.5936014916666666 0.02519251796875004 0.042654002777777734
2 0.457876521875 0.6085303909722223 0.05758290000000006 0.07677720416666665
