8 0.6389865425781249 0.18802960208333333 0.010722885156249973 0.046790776388888865
8 0.50446306015625 0.2694802118055556 0.006823654687499925 0.02946085972222225
8 0.49861421328125 0.2703467090277778 0.006823654687500014 0.034659834722222234
8 0.492765366796875 0.2712132048611111 0.0068236554687500115 0.02946085972222221
8 0.287080910546875 0.26514773402777775 0.00877327109374999 0.03465983472222219
8 0.27782023554687496 0.26514773402777775 0.009748078906250023 0.03465983472222219
8 0.29049273867187503 0.3162709888888889 0.007798461718750005 0.029460858333333326
8 0.659944911328125 0.27121320555555556 0.02144577265625003 0.025994877777777762
8 0.6112045191406249 0.340532875 0.013647310156250026 0.022528894444444426
8 0.1540196390625 0.36739424513888885 0.015596926562500002 0.020795898611111124
9 0.6882143394531249 0.25734927152777776 0.015596925781250003 0.025994876388888876
0 0.673592221484375 0.38039168402777773 0.013647310156250026 0.04679077638888892
0 0.6165659621093751 0.3959886090277777 0.012672502343750036 0.0745186430555556
0 0.60486826875 0.3959886097222223 0.012672503124999946 0.06758667777777774
9 0.593170573828125 0.3543968076388889 0.014622116406250019 0.02946085972222225
3 0.56148931953125 0.3621952701388889 0.05263962499999995 0.1178434375
2 0.505925272265625 0.40725305416666663 0.040941930468749985 0.05892171944444442
2 0.48204247890624996 0.4029205763888889 0.008773270312499993 0.015596924999999985
2 0.470344785546875 0.4063865597222222 0.0068236554687500115 0.015596924999999985
2 0.46449593867187494 0.40552006319444445 0.006823655468749923 0.013863931944444453
2 0.45182343671874997 0.40725305555555563 0.018521350000000058 0.024261883333333303
2 0.437201318359375 0.40811955069444444 0.010722885156249973 0.025994873611111066
2 0.42940285624999996 0.40898604722222226 0.008773270312499993 0.02079590000000001
2 0.420629585546875 0.4115855361111111 0.010722886718749968 0.029460858333333326
2 0.41039410273437493 0.4133185284722222 0.013647308593750029 0.0329268430555555
2 0.39869640976562504 0.40985254375 0.015596925781250003 0.04332479305555555
2 0.34870239573119177 0.4193839979166667 0.09413917885011643 0.1247754041666667
2 0.09406826447546959 0.44827477782746245 0.0633611242634392 0.050849594543813874
2 0.05507664335937501 0.4991016159722222 0.10820367109375002 0.24261884305555553
