9 0.8257879738281251 0.23491520902777777 0.024025419531250057 0.04576270138888887
9 0.650316608984375 0.2448304611111111 0.012870761718750057 0.025932197222222206
9 0.5838176804687499 0.25169486736111113 0.008580506249999953 0.018305081944444464
8 0.39770649218750004 0.30305079097222226 0.009438559375000021 0.018305081944444426
8 0.42945436757812505 0.28779655625 0.007722455468749967 0.021355929166666676
8 0.511398208203125 0.2672033430555556 0.006864405468749979 0.016779655555555568
8 0.423877037109375 0.28281352013888894 0.006864403906249983 0.018305081944444426
8 0.508824056640625 0.2736609791666667 0.010296608593750011 0.027457622222222217
8 0.54743633671875 0.3239999513888889 0.005148304687500005 0.024406772222222234
8 0.753368500390625 0.2538304729166667 0.029173724218749975 0.021355929166666676
8 0.727626982421875 0.31484741180555553 0.012012710156249985 0.030508468055555543
4 0.492864319140625 0.3516101013888889 0.013728810156250049 0.032033888888888855
2 0.40786010039062504 0.3394067159722222 0.015444911718749932 0.013728809722222204
2 0.3967054421875 0.3401694270833333 0.015444912500000064 0.012203387499999963
2 0.387695909765625 0.34474569791666665 0.016302963281250006 0.021355929166666638
2 0.374396123046875 0.36838975972222227 0.044618635156249996 0.06559320555555553
2 0.35037070546875004 0.36838976180555555 0.02230931875000004 0.05338981805555554
2 0.34264824843749997 0.3798304375 0.029173721875000024 0.0945762527777778
2 0.43874992539062496 0.44017820530876334 0.14415251484375005 0.20472814493802896
2 0.591339946875 0.4006779006944444 0.0334639765625 0.08237286527777772
2 0.6586969277343749 0.4154236659722222 0.14586861640624998 0.20440674305555556
2 0.83259518984375 0.49474568472222225 0.33349571718750004 0.42406771666666665
2 0.9418536519531251 0.7492371756944445 0.11497879296875002 0.3584745069444444
3 0.223651795703125 0.27980623263888893 0.22304847890625004 0.3905084013888889
2 0.024561687109375 0.36849871666666667 0.04805083828125 0.0549152416666667
1 0.302570109765625 0.38571421944444445 0.04633473671874997 0.170847425
7 0.30171205898437503 0.44673115625 0.039470332031249986 0.10983048749999998
0 0.53576685546875 0.36076264305555555 0.010296607812500014 0.032033888888888855
0 0.5469215140625 0.35618637430555555 0.0051483031250000085 0.038135584722222206
0 0.552069817578125 0.3607626451388889 0.010296608593750011 0.04423728194444448
0 0.5417732117187499 0.36076264444444445 0.010296607812500014 0.047288125
0 0.591540150390625 0.3508473902777778 0.01544491171875002 0.042711858333333276
2 0.10765582656249999 0.3591512659722222 0.0372523921875 0.0356604097222222
