2 0.021204896484375 0.6017389486111111 0.04240979296875 0.2560591277777777
2 0.4045901040448146 0.6659417412105962 0.3702921465978708 0.3552616564676965
2 0.9221656962234576 0.7091415277777778 0.15453016692808513 0.28308759166666664
2 0.644853577418686 0.6565071506944444 0.27385388891262796 0.33998961805555555
2 0.5093176078124999 0.5334565152777778 0.044010162499999964 0.05690202777777774
2 0.19089453821694038 0.5573338424672329 0.07111550481611921 0.11034688493446565
2 0.23325386132812503 0.5534302175442588 0.03280757578125004 0.06555331842185094
2 0.04961145546875 0.5654639055555555 0.05121182500000001 0.10100110000000002
2 0.042409792968750006 0.5064280520833333 0.0592136734375 0.03983142083333335
2 0.03240748359375 0.49077999375000003 0.047210901562500004 0.01707060972222223
2 0.056012933984375 0.47939958819444445 0.08321921640625 0.04552162361111114
2 0.115226607421875 0.49575892152777784 0.04000923828124999 0.01280295694444449
4 0.18484268242187502 0.47299811041666673 0.08001847734374998 0.05832457916666666
2 0.11082559101562502 0.5732879333333334 0.10482420546875 0.14794527222222215
9 0.009602217187500001 0.40187057430555556 0.019204434375000003 0.029873565277777757
8 0.009602217187500001 0.44810347222222224 0.011202585937499999 0.04552162222222225
9 0.58413488359375 0.4338779659722222 0.05921367343749999 0.0597471319444444
