9 0.9003291890625 0.225715 0.05491524375000001 0.14186438055555556
8 0.50948710234375 0.46902004097222216 0.006006354687499993 0.015254234722222215
8 0.31342252109375 0.5048674888888889 0.008580507812499994 0.025932197222222283
8 0.3558960296875 0.49952850555555556 0.007722456249999965 0.02135592499999998
8 0.40180174218750003 0.4919013895833334 0.013728810937500002 0.02440677361111112
2 0.1213454548888752 0.7069860958333334 0.24222286602775042 0.5064405805555556
2 0.495758290625 0.6469208450769104 0.2531249515624999 0.4282660320684017
2 0.30012273515625 0.6360539048611111 0.1415783625 0.1632203097222222
2 0.37477314453125 0.6055454347222222 0.04547668593749998 0.08999998333333331
2 0.211743514453125 0.6009691659722222 0.05405719296875002 0.0411864319444445
