8 0.3294835546875 0.41588715000000004 0.029395165624999997 0.06532258888888888
8 0.490544562109375 0.5672178159722222 0.008573589843750007 0.01959677916666662
9 0.27620481875 0.41588715138888893 0.05756553125000004 0.11758066111111111
9 0.271305625 0.30483874930555555 0.04776714375000002 0.07838710694444444
2 0.4691105882812501 0.6020565291666666 0.014697582812499999 0.019596777777777814
2 0.4580874 0.6162097576388889 0.017147179687500014 0.03048387361111114
2 0.40113426875 0.6183871777777779 0.013472784374999991 0.03919355277777778
2 0.335607547265625 0.6358065340277778 0.04164315078125003 0.05225807083333333
2 0.27681721796875003 0.6434275020833333 0.07103831562500003 0.06314516805555555
2 0.22108888320312498 0.6532258909722223 0.04776714296875002 0.05661290972222217
2 0.15138082797117508 0.6818859749867071 0.10879614562014986 0.10086856108452544
2 0.0643146703125 0.6913307347222223 0.05756553124999999 0.09362904444444453
2 0.02144034765625 0.6994338616767237 0.0428806953125 0.1446740122423364
2 0.598939235546875 0.6053226597222222 0.04164314921875008 0.04354839166666662
2 0.6301715964843749 0.6249269221302375 0.037968753906249916 0.10081823135391209
2 0.5340249101562501 0.633629113888889 0.11513106093749999 0.2090322861111112
2 0.690406403116824 0.649766196521781 0.13639199060864798 0.182641723467232
2 0.9472663778474602 0.7783459698427123 0.10446122399257973 0.25862068042960046
