8 0.45547723515625 0.3696679902777778 0.007197862499999985 0.04691940000000001
8 0.5934362664062499 0.4155210402777778 0.00959715000000001 0.03199050000000001
8 0.463874741796875 0.3686016402777778 0.009597150781250008 0.05331750000000003
8 0.44827937226562503 0.3664689395833334 0.007197863281249983 0.04052129861111114
8 0.41229006015624997 0.4283172402777778 0.011996437500000035 0.027725099999999968
8 0.40749148593749995 0.479502038888889 0.00959715000000001 0.014928899999999995
8 0.6570173859375 0.4784356902777778 0.00959715000000001 0.017061600000000017
8 0.7601867488281251 0.43578169027777786 0.019194300781250017 0.025592400000000026
8 0.736193873046875 0.3579381395833333 0.009597150781250008 0.036255898611111094
8 0.54365105078125 0.46563949027777785 0.005998218750000017 0.017061599999999937
8 0.5124603140625 0.4624404395833333 0.008397507812500038 0.019194298611111153
2 0.48126957578125007 0.5125588902777778 0.020393943749999987 0.025592400000000026
2 0.57304232265625 0.5072271402777777 0.014395725000000059 0.01919430000000004
2 0.55684713203125 0.49869634097222226 0.013196081250000002 0.02345970138888889
2 0.52925532734375 0.5018953902777779 0.013196081250000002 0.02132699999999998
2 0.498064588671875 0.5050944402777778 0.01319608203125 0.01919429999999996
3 0.874752726953125 0.48520666048815114 0.17634763203124998 0.12017694042074657
0 0.88554952109375 0.5274877888888889 0.025192518749999948 0.11090039999999995
2 0.05218987248076153 0.5715955388778058 0.10437974496152307 0.28638222239661965
2 0.6098790320312499 0.5267954506944444 0.02145126718750001 0.032033893055555596
9 0.7094129121093751 0.4520497020833334 0.028315672656249992 0.016779656944444415
