2 0.453953819921875 0.5289627333333333 0.047281882031249986 0.06622647222222224
2 0.42816370078125 0.5208966930555555 0.030088470312499994 0.058584955555555575
2 0.39735883984375 0.5208966916666666 0.04584909843749996 0.0687736472222222
2 0.173128098046875 0.5323589701388889 0.12178666796875001 0.1579246736111111
2 0.29423581650571073 0.5496785320617379 0.17588397969894437 0.17533605452854262
3 0.8189753849704055 0.4766218426748452 0.178421169940811 0.14026884362283415
2 0.8300819076750237 0.6249269221302375 0.21209649191254734 0.24693161012769768
2 0.5958686228118444 0.5756693792393618 0.25807275525919887 0.41265885014539033
8 0.415985035546875 0.3625474819444444 0.014327842968750027 0.03566040833333335
8 0.40237358476562496 0.3667927798611111 0.012895058593749998 0.0458490986111111
9 0.209664095703125 0.4190098104166667 0.020058980468749987 0.022924548611111106
9 0.223275547265625 0.40033054097222226 0.027222900781249983 0.022924548611111106
2 0.10027030618351034 0.6104722395833333 0.20054061236702067 0.30566065138888887
9 0.486907859765625 0.3948116756944445 0.012895060156249994 0.02547172083333338
