8 0.64093615859375 0.31713748611111114 0.008773270312499993 0.017329916666666674
8 0.5926831703125 0.31540449444444446 0.00974807812500007 0.013863933333333339
8 0.6219274054687499 0.3171374861111111 0.007798462500000003 0.02079590000000001
2 0.569287782421875 0.33966637847222225 0.02534500546874998 0.048523768055555534
2 0.490328346484375 0.32233646041666664 0.02144577265625003 0.027727865277777753
2 0.442562762109375 0.32060346875 0.023395388281250006 0.034659834722222234
2 0.467907766015625 0.32771358211354373 0.035093082031250056 0.05234604478264298
2 0.408067270656663 0.31540449374999996 0.03534117349090935 0.04159180138888886
2 0.5199618129388563 0.39249626302976454 0.09475270693478732 0.15071755383730687
2 0.28034157019110195 0.3258024451388889 0.05573267631970391 0.05545573749999997
2 0.10848918373953578 0.366306241700637 0.21697836747907157 0.2410870749767462
2 0.7579131 0.35699629513888886 0.05556404687500001 0.0554557347222222
