9 0.3927922078125 0.35995226111111106 0.03861227968750005 0.10220337222222224
9 0.456716985546875 0.3256302340277778 0.06177965078124999 0.021355926388888866
9 0.45542990859375 0.37291836041666665 0.07465040937499996 0.06711863194444444
9 0.5523896374999999 0.3248675236111111 0.03861227968750001 0.022881352777777805
9 0.539947901171875 0.37368107361111114 0.07207625859375 0.06254236111111114
9 0.5987243734375 0.3828336125 0.023167368749999983 0.04728812777777781
2 0.6935389730468751 0.5771400453438363 0.15273302109374995 0.16132477402100595
2 0.446849402734375 0.5568770410911816 0.07636651171875002 0.102493684960141
2 0.36261386191576517 0.537657288857672 0.05949864179346975 0.08541010549312181
2 0.160260473828125 0.5330878236111112 0.05234108984375001 0.03966100833333333
2 0.5974372984375 0.5506301909722222 0.07036015624999994 0.09610167361111108
2 0.5541057375 0.5385164353982874 0.048908890625000014 0.07492500968546381
2 0.521928837890625 0.5323251104166666 0.029173724218749975 0.05033897361111117
2 0.502622697265625 0.5239352819444445 0.009438557031250027 0.042711855555555504
2 0.494900241015625 0.5323251125 0.006006355468749991 0.03203389444444448
2 0.02585853046875 0.5491047666666666 0.0517170609375 0.05033897222222221
2 0.41467250117187504 0.5269861284722221 0.012012708593749987 0.018305081944444388
