9 0.39656241054687497 0.34132645347222224 0.015497446093749988 0.02755101249999999
9 0.41154327460937506 0.40377542083333334 0.010331630468750052 0.023877547222222184
8 0.479215453125 0.3792856340277778 0.0072321406250000385 0.023877545833333378
8 0.428590465625 0.39214277361111116 0.009298467187500048 0.02387754722222226
8 0.383647872265625 0.3792856340277778 0.010331630468749964 0.023877545833333378
8 0.33405604687499996 0.3875509375 0.008265304687499997 0.022040811111111065
2 0.406033078125 0.4435713361111111 0.014464282812499984 0.022040811111111145
2 0.39311853828125 0.44632643541666667 0.009298467187500003 0.023877545833333298
2 0.5031504027343751 0.4472448013888889 0.022729586718749938 0.036734686111111144
2 0.5310458062500001 0.4573468395833334 0.041326521874999946 0.05326529305555559
2 0.0263456578125 0.4839794888888889 0.052691315625 0.09551018333333335
2 0.090918348046875 0.4702039826388889 0.09918365234375001 0.09367344861111111
2 0.150841805078125 0.4692856152777778 0.06818876171875002 0.0881632472222222
2 0.36677288046875 0.45367337361111104 0.061989782812500005 0.07163263888888885
2 0.22316321718749998 0.4481631701388889 0.028928565625000013 0.027551015277777757
2 0.28463641953124996 0.46928561527777773 0.10021681562500002 0.10653059166666665
2 0.46285704453125 0.44908153680555557 0.012397956249999975 0.011020404166666727
2 0.42514659335937494 0.44908153680555557 0.01343111953124998 0.018367343055555492
2 0.5909692625 0.4702039826388889 0.07128825000000001 0.09734691805555558
