9 0.6927629578125 0.40992078680555555 0.03364803437499999 0.04486404583333328
2 0.572318290625 0.5764615631944444 0.013000376562500016 0.019033231944444475
2 0.5879952152343749 0.5832591444444445 0.022941841406249976 0.02990936388888888
2 0.6143783328125 0.5920960048611111 0.03900113125000004 0.055740179166666654
2 0.751647018359375 0.5825793861111112 0.02294184296875006 0.017673711111111125
2 0.7596766628906251 0.6145280263888888 0.023706567968749946 0.02719033055555558
0 0.82238436484375 0.6301624659722223 0.02064765937500006 0.09924470694444444
0 0.9011513519531249 0.6632785752139094 0.025236024218750153 0.14100562820559664
0 0.927534470703125 0.6580629898357557 0.022941842968749883 0.1251363907826225
2 0.9940658105468749 0.6485159402777777 0.010706192968750017 0.06525679444444445
2 0.97762415859375 0.6009328611111111 0.029824396875000048 0.02990936388888888
2 0.68817459140625 0.6419012176006959 0.1422394203125 0.16622673797916948
