2 0.9252042033608452 0.5201217222222223 0.14416942609080968 0.21203385833333332
2 0.6728636789062501 0.42838974791666673 0.030031773437500055 0.038135587499999936
2 0.315485569921875 0.46118635277777775 0.03775423046875002 0.06711863055555559
2 0.34208514023437503 0.4581355041666667 0.025741521093749987 0.04881354999999993
2 0.366110559765625 0.4512711 0.02917372421875002 0.04118643611111107
3 0.27515718671875 0.47186431319444444 0.07036015624999999 0.07932201527777778
2 0.411587245703125 0.4383050006944444 0.006864405468749979 0.024406776388888888
2 0.39914551054687497 0.44211855763888885 0.018019064843749977 0.0289830402777778
2 0.430035335546875 0.4459321159722222 0.03518007890624997 0.05796608750000003
2 0.4480544 0.4177117826388889 0.011154659374999997 0.022881354166666687
2 0.45577685468749995 0.4154236479166667 0.0077224546874999685 0.015254234722222215
2 0.52055968203125 0.42457618750000004 0.0051483031250000085 0.02135592499999998
2 0.5252789609375 0.42533890069444447 0.009438557812500026 0.019830504166666665
2 0.53772069609375 0.42737280069444444 0.01887711562499996 0.03101694027777771
2 0.492244009765625 0.4077965319444445 0.006864405468749979 0.012203388888888927
2 0.49739231328125 0.4108473777777778 0.005148304687500005 0.015254233333333329
4 0.506401845703125 0.4133897527777778 0.012870760156249971 0.027457622222222255
2 0.47336689375 0.4156778861111112 0.010296606250000017 0.013728811111111128
2 0.48194740078125003 0.4118643291666667 0.006864406249999977 0.012203388888888927
2 0.5834181590477299 0.4364406277671498 0.034763580595459496 0.04237280835458929
9 0.542439974609375 0.3432202756944444 0.016302963281250006 0.00915254027777779
9 0.59820435234375 0.3620338326388889 0.007722454687500058 0.00915254027777779
2 0.5158314875000001 0.4177117888888888 0.004290253125000021 0.0167796583333333
9 0.6042107078125001 0.3780507805555555 0.006006354687499993 0.01983050555555563
8 0.393130239453125 0.34906773333333335 0.0042902539062500186 0.0167796583333333
8 0.51826261328125 0.34207620694444446 0.0034322015625000367 0.01677965833333334
8 0.510111133203125 0.361144 0.00429025390624993 0.012203388888888887
0 0.078472031640625 0.4947691375 0.018521349218750004 0.08145061111111107
