9 0.7853792687500001 0.2854263381944444 0.026392162500000003 0.04052130138888887
9 0.7877785558593751 0.3270139909722222 0.011996436718749948 0.029857801388888876
9 0.86575539921875 0.32914669027777776 0.02879144999999994 0.051184800000000016
9 0.85915735859375 0.1702605388888889 0.08997328281249999 0.12582929999999998
9 0.751789243359375 0.33127938958333336 0.04078788828125006 0.04691940138888889
9 0.679810617578125 0.35687178958333327 0.06478076328125004 0.06398100138888888
2 0.7157999296875 0.44644519097222224 0.021593587500000046 0.029857801388888876
2 0.580240185546875 0.4773693409722223 0.043187175781249997 0.057582901388888844
2 0.5264562591098593 0.48696649027777783 0.07157853803028136 0.09383880000000001
2 0.078982791796875 0.5517654701897844 0.15796558359375 0.3172755570462354
2 0.8320654640624999 0.41507783958333333 0.018457018750000033 0.02109373472222226
