2 0.064824721875 0.6230105256944444 0.12964944375 0.20969199861111107
2 0.864654559375 0.7079271208333334 0.26709734999999996 0.5805522305555555
1 0.31291331835937497 0.55629034375 0.025345003906249986 0.11437745416666666
0 0.175465412109375 0.5380939305555555 0.013647310156250004 0.0987805277777778
0 0.20129781992187498 0.5424264111111111 0.024370196093749998 0.09358155555555554
7 0.30657706757812503 0.5727537652777778 0.024370196093749998 0.08145061111111107
2 0.279282448046875 0.5632223111111111 0.07895943515625001 0.0866495861111111
2 0.33143466796875 0.5432929055555555 0.04484116093749999 0.08145061111111107
2 0.361166306640625 0.5363609388888889 0.024370196093749998 0.06758667777777774
2 0.379200251953125 0.5337614520833334 0.013647310156249981 0.05545573750000001
2 0.391872754296875 0.5320284604166667 0.015596925781250003 0.034659834722222234
2 0.43378949140625 0.5198975173611111 0.013647309375000027 0.045057784722222195
2 0.517622966015625 0.5216305097222222 0.027294619531249963 0.06585368611111109
2 0.47380165856976947 0.5129655506944445 0.046880867139539005 0.10744548749999999
2 0.41867996953125 0.5337614513888889 0.03801750468750002 0.062387702777777714
9 0.781308488671875 0.3370668902777778 0.032168658593749996 0.09184856111111112
2 0.444512377734375 0.5034340965277778 0.013647310156249936 0.04332479305555555
0 0.6536086605468749 0.5441594020833334 0.00877327109374999 0.058921718055555614
