9 0.8046604132812499 0.2676636347222222 0.03581091406249994 0.017956472222222193
9 0.7757362148437499 0.29051732291666665 0.012855201562499996 0.021221281944444413
8 0.55031109609375 0.4137640020833333 0.00642760156250004 0.016324065277777796
9 0.44884683632812494 0.43661769305555553 0.007345827343749977 0.02285369166666666
2 0.43323695156250003 0.44967694444444445 0.012855203124999992 0.029383316666666638
2 0.42084086406250004 0.44967694444444445 0.01193697187499998 0.029383316666666638
2 0.411199464453125 0.44886074027777784 0.014691658593750035 0.034280533333333335
2 0.39926249375000006 0.45212555416666667 0.016528114062500033 0.037545347222222206
2 0.390080204296875 0.4545741631944445 0.018364567968750033 0.045707379166666666
2 0.381816150390625 0.457022775 0.020201028906249974 0.04733978888888891
2 0.35304719655863004 0.4635523972222222 0.04346723999226003 0.05386940833333335
2 0.30652140585937504 0.4717144298611111 0.040402057031249994 0.07019347361111114
2 0.24821389140625 0.4839574777777778 0.10008691562500001 0.10447400833333328
2 0.189447261328125 0.5027301506944445 0.09825045859375 0.10610641805555553
2 0.089360345703125 0.5288486520833333 0.12212440234375 0.1452841652777778
2 0.0150673015625 0.5361944798611111 0.030134603125 0.1371221347222222
2 0.53699678046875 0.4447797236111111 0.007345828124999976 0.029383316666666638
2 0.54617906640625 0.44804453611111117 0.009182284375000016 0.0359129416666667
2 0.5576569242187499 0.44722833402777773 0.011936970312499984 0.04081016249999997
2 0.568216552734375 0.4562065694444445 0.011018744531250046 0.04897219166666665
2 0.592549610546875 0.4578389743055556 0.019282800781249953 0.03591293750000004
