4 0.0659850306044535 0.6220046545547617 0.131034020583907 0.2673874831560276
2 0.9871874660156251 0.6688636159722222 0.022231316406250024 0.12376732916666676
3 0.560989726171875 0.5950192423611111 0.03685718203124999 0.04680277083333332
9 0.412098409375 0.5086941305555556 0.025741523437500025 0.04264252500000004
9 0.6797517687499999 0.5642334138888889 0.015795935937499995 0.021841294444444437
2 0.7280171265625001 0.6262427348925322 0.053823187500000015 0.07130491354826884
2 0.7830688722656249 0.6187326340277778 0.08600009140624998 0.10088597361111111
2 0.85181044375 0.627573157638889 0.11466679062499993 0.12272726805555555
2 0.924354739453125 0.64421414375 0.10764637421874994 0.13728813194444447
2 0.36301399765625 0.6306933430555556 0.038027253125000014 0.058243449999999954
2 0.301000324609375 0.6379737743055556 0.029836766406249993 0.04992295694444443
2 0.28344928515624995 0.64421414375 0.03568711250000001 0.047842834722222234
2 0.21698935000000003 0.6551452894198643 0.10121099375000002 0.09882684828417293
2 0.150002883203125 0.6561748520833334 0.037442217968750004 0.05304314305555553
