9 0.20817704765625003 0.46598092986111117 0.055483110937500024 0.03873294583333333
9 0.5322507238281251 0.38678245486111107 0.029824394531250055 0.025830815277777773
9 0.116580701171875 0.39801174236111114 0.13726868515625 0.08225074861111108
2 0.167305498046875 0.6187429083333333 0.02676548203125 0.023111780555555583
2 0.338774525390625 0.5976704027777777 0.019118202343750036 0.01903323055555551
2 0.48883116953125 0.6000495569444444 0.022177114062500003 0.07273413333333335
2 0.18631583203125 0.5808799916666667 0.016824017187499995 0.021072505555555586
2 0.166288023828125 0.5825661090277778 0.025236025781250015 0.028549845833333382
2 0.43767935625 0.5455178125 0.07035498124999995 0.019712991666666665
2 0.22753840691639207 0.6277833125 0.10988395647971579 0.12711479444444443
2 0.43848490781250005 0.6379796868055556 0.12159176093750004 0.17605739027777778
2 0.37551864570312504 0.60061808125 0.03871326171875 0.055588273611111086
