8 0.4635842714843751 0.52429650625 0.006591791406250014 0.02109373472222218
8 0.5426857796875 0.5137496381944444 0.009228507812500019 0.02343748472222226
8 0.4701760640625 0.5219527583333333 0.009228509375000016 0.021093733333333295
8 0.5360939878906249 0.5125777638888889 0.009228510156250013 0.021093736111111146
8 0.6053078078125 0.5676558527777777 0.013183584375000024 0.018749986111111068
9 0.5736672042968751 0.5535933618055555 0.013183585156250021 0.014062490277777803
9 0.569052949609375 0.5641402305555556 0.011865225781250021 0.011718741666666688
9 0.39634799023437506 0.5489058659722222 0.017138660156249985 0.01874998750000003
0 0.906689301588931 0.6121870729166667 0.03586884692786167 0.14999989861111113
2 0.433262026953125 0.6250776895833334 0.014501942968749936 0.0398437236111111
2 0.41678254609375004 0.6262495625 0.026367170312499955 0.0515624638888889
2 0.398325527734375 0.6321089340277778 0.02636716953125 0.05859370972222225
2 0.37855015078125 0.6332808083333333 0.03427732031249997 0.05624996111111113
2 0.346909548046875 0.6426558013888889 0.055371057031250004 0.0749999472222222
2 0.299448642578125 0.6519350030943885 0.05800777265625001 0.09355835063322139
2 0.55586936484375 0.6133589465277778 0.014501943750000024 0.02109373472222218
0 0.5723488457031249 0.6051558284722223 0.010546867968750017 0.0374999736111111
2 0.589487505859375 0.6180464430555556 0.04482418828124999 0.06796870277777782
2 0.6013527316406251 0.6262495625 0.04218746953124999 0.07499994722222228
2 0.6231056468749999 0.6309370583333334 0.04614254687499999 0.09374993333333334
2 0.4597149921729208 0.6223377816089993 0.02028477971665854 0.03427233122644577
2 0.5175191353250614 0.63562455625 0.08329224966237714 0.11718742083333338
2 0.681772599609375 0.6391401784722223 0.10810539453124993 0.12421866527777783
2 0.20980026640625002 0.6602864800570966 0.13974599687500003 0.15692600933025153
2 0.033708776171874996 0.6977338888888889 0.06741755234374999 0.18515612222222216
2 0.9784032539062502 0.7534467512382573 0.04218747031250007 0.10654287807904071
