8 0.45979864453125 0.4254276340277777 0.0049958859375000665 0.023092106944444486
8 0.46679288828125004 0.42720394930555555 0.004995887499999974 0.02664473750000001
8 0.50626040546875 0.47871710902777775 0.009991776562500032 0.015986843055555512
8 0.452304812890625 0.4582894756944444 0.005995064843749986 0.014210526388888825
2 0.48028178789062503 0.5044736861111111 0.009991774218750037 0.021315788888888913
2 0.49327109609375 0.5115789506944444 0.027976973437500073 0.042631579166666635
2 0.49776739609375 0.5213486861111112 0.012989307812499984 0.037302630555555535
2 0.50476163828125 0.5222368444444445 0.014987664062500006 0.03907894722222222
2 0.519749303515625 0.5213486861111111 0.02098273046875008 0.05506578888888885
2 0.52974108125 0.5293421083333333 0.01898437656249996 0.046184211111111116
2 0.545228333203125 0.5257894777777777 0.023980263281250025 0.07460526388888884
2 0.569708184765625 0.5311184236111111 0.04895970390625006 0.08881578888888887
2 0.607177348046875 0.5408881611111112 0.07194078984374999 0.10835526388888886
2 0.67212389375 0.5622039506944445 0.13388980468750003 0.15098684305555557
9 0.6536391070312499 0.4050000006944444 0.018984374999999963 0.0213157902777778
2 0.83811018984375 0.637389899344824 0.32373355468750004 0.6282008486896482
2 0.39047860859375005 0.6305921083333333 0.23580592187500002 0.33039473888888893
