9 0.551253837109375 0.3301349243055556 0.016571733593749992 0.03639282638888888
9 0.450848628515625 0.41938399722222225 0.012672502343749947 0.010397950000000043
9 0.07944684023437501 0.41765100625 0.014622117968750004 0.017329918055555598
9 0.078959435546875 0.4037870715277778 0.017546541406250005 0.010397948611111079
9 0.076522416015625 0.37259322152777774 0.016571733593750006 0.013863934722222224
8 0.5541782597656251 0.3708602298611111 0.0048740398437500335 0.031193851388888857
8 0.450361225 0.4401798986111111 0.007798462500000003 0.02079590000000001
8 0.372376596484375 0.4185175020833333 0.005848846093750026 0.02252889305555554
8 0.39430977343749996 0.46444178263888886 0.0068236546874999695 0.013863934722222224
0 0.505925271875 0.5138320472222222 0.011697693750000049 0.03292684444444447
2 0.532245084375 0.5467588895833333 0.03899231406250001 0.09184856250000001
2 0.4357391070312501 0.5224970048611111 0.037042698437500035 0.04332479305555555
2 0.404545255859375 0.5155650381944444 0.025345003906249986 0.03639282638888888
2 0.209583686328125 0.4965021305555556 0.021445772656250008 0.03985881111111114
2 0.135985694140625 0.5198975180555555 0.06726174140625 0.1732991722222222
2 0.091144533984375 0.576219748611111 0.10235482265625 0.2824776527777777
3 0.14670858085937502 0.464534921898404 0.12380059609375 0.20084076175874752
2 0.30043092705776375 0.5857512034722223 0.2277248130719726 0.3847241625000001
2 0.05424459186976789 0.6417299606892228 0.10848918373953578 0.5493863041894338
3 0.76132492734375 0.4670412701388889 0.4757062296875 0.9306165569444446
