2 0.419978418359375 0.3638042472222222 0.02048675234374997 0.016996416666666687
2 0.40222323320312503 0.3589481263888889 0.025949885156249984 0.03156477222222224
2 0.379687805859375 0.3577340986111111 0.027315669531249975 0.03884895277777775
2 0.34895767773437497 0.35504754931164084 0.04780242109374999 0.049078170821162614
2 0.3175446578125 0.35773409791666666 0.020486751562500016 0.04370507083333332
2 0.24788970078125 0.3553060388888889 0.03687615468750001 0.058273427777777796
2 0.279302720703125 0.36137618680555555 0.07511809140625 0.06555760694444442
2 0.1468217234375 0.35771196738003413 0.0696549578125 0.06317380968437622
2 0.542216039453125 0.37715857430555555 0.01638940234374999 0.02428059583333335
2 0.057362905859375 0.36380424652777776 0.11472581171875 0.12383103472222226
2 0.5708974921875 0.3769788720011053 0.06009447187500001 0.09586308377556717
2 0.529241096484375 0.37230245486111113 0.012292050781250018 0.038848951388888865
2 0.49441361796875 0.3827231287183475 0.07102074062499994 0.11027386478552725
2 0.9275398503906249 0.4398151495914045 0.14341160234374986 0.22264903251614238
