2 0.613877137109375 0.5371871243055556 0.06723628046874994 0.0703124541666667
2 0.56509787421875 0.5547652354166667 0.07778314999999995 0.09609368194444445
2 0.37195835859375 0.5043746444444445 0.06328120468750002 0.08906243888888889
2 0.31131386953125 0.5090621430555555 0.06855464062499998 0.06093745833333328
2 0.290879312890625 0.5524214881944445 0.06459956484374998 0.11015617361111114
2 0.047642174999999995 0.534843375 0.04746090468749999 0.06562495555555559
2 0.10564994765624999 0.5231246319444444 0.050097621875 0.06562495555555559
2 0.9019384628906251 0.50789026875 0.08964837578125007 0.04921871527777771
2 0.014592579296875 0.5395308722222222 0.02918515859375 0.06093745833333336
2 0.9540136226562499 0.5500777409722222 0.09096673437499998 0.0914061875
2 0.17822546658746063 0.60137752851028 0.21344246370007863 0.22681824313167115
2 0.7503272390625 0.5922652111111111 0.258398259375 0.18515612222222222
2 0.4464456125 0.6777875298611112 0.27026348593749994 0.3750487375
