8 0.257201183203125 0.2323273902777778 0.01625866640625002 0.05270783611111109
8 0.37394934609375 0.2887029208333333 0.021040628125000006 0.03740556111111112
8 0.5212337429687499 0.3448112638888889 0.011476706249999946 0.03740556111111112
8 0.51071342890625 0.3465115166666667 0.009563921875000058 0.03740556111111112
8 0.509278840625 0.17818649027777778 0.01625866718750002 0.020403033333333338
8 0.507366055859375 0.21644217777777777 0.01625866640625002 0.022103286111111113
8 0.46222434765625 0.38816770833333336 0.012433098437499979 0.01870278055555556
8 0.44500928828125 0.3898679611111111 0.008607529687500027 0.028904297222222257
8 0.37490573828125 0.3796664444444444 0.00956392187499997 0.025503791666666664
8 0.16689043671874998 0.35586290555555555 0.0162586671875 0.05610834166666668
8 0.152066357421875 0.36266391597222225 0.011476705468749992 0.02890429583333337
9 0.14489341640625 0.4522672395833333 0.023909804687500015 0.04080606805555552
9 0.36151624765625 0.47182014583333337 0.040168471874999986 0.07651137499999999
9 0.666127159375 0.2941437298611111 0.041124864062499975 0.0612090986111111
9 0.82134962890625 0.34515131388888887 0.03634290312499999 0.03740556111111108
9 0.7826157453125 0.3468515673611111 0.023909804687500015 0.04080606805555556
9 0.3742362625 0.2499371583333333 0.021997020312499994 0.040806066666666675
9 0.25679130234374997 0.1955290701388889 0.010520314062500003 0.017002529166666648
9 0.16545584882812497 0.31964752222222226 0.00956392265624999 0.013602022222222211
9 0.460024643359375 0.36810472638888886 0.005738353906250016 0.01870278055555556
9 0.379209503515625 0.4046601618055555 0.00860753046874998 0.01700252916666669
