9 0.10121668203125 0.1856250013888889 0.022981085937500013 0.033750000000000016
9 0.08622901796875 0.21759868541666666 0.0549547703125 0.030197368055555528
9 0.7027216203125001 0.25134868541666666 0.048959704687500064 0.03019736805555557
9 0.701722441796875 0.3028618444444444 0.040966283593749965 0.06927631666666668
9 0.84360566640625 0.28598684375 0.018984375000000143 0.014210526388888903
9 0.5083815703125 0.3597039506944445 0.02597861875000005 0.023092104166666676
9 0.9560131507812499 0.2922039486111111 0.00999177656250012 0.026644736111111123
2 0.05735279023437499 0.46184210625 0.11470558046874998 0.09236842083333335
2 0.964141299609375 0.4038954337129215 0.07167133515625004 0.07239612853695429
2 0.028376639062499997 0.6297039513888889 0.056753278124999994 0.32506579166666666
2 0.889068248828125 0.6163815833333334 0.2198190789062501 0.3836842138888889
2 0.13527021377433365 0.5533223694444445 0.19300426661116735 0.20427631666666662
2 0.6743937054316892 0.4919096017081645 0.18814269211337836 0.22052291047255987
2 0.4461728067011187 0.4513822818144019 0.13337030558973736 0.16736982473991494
9 0.26208428203125 0.4058881597222222 0.018984375000000008 0.033750000000000016
