2 0.028063046484375 0.5290969465277778 0.05364008671875 0.05422440416666671
2 0.08959138320312501 0.5281620409722223 0.04627772421875 0.04487536527777781
2 0.1237737921875 0.5393808847222222 0.043122425000000006 0.041135752777777805
2 0.143231469921875 0.5440554013888889 0.04417418828125001 0.035526333333333326
2 0.17793976250000001 0.5524695347222222 0.04207065625000002 0.02617729722222219
2 0.21212217109374998 0.5477950152777779 0.04522595781249998 0.0430055611111111
2 0.31414351523437495 0.5590138590277778 0.05574361953125 0.03926594583333332
2 0.39302599765624996 0.5655581791666666 0.026294160937499943 0.02617729722222227
2 0.5554482019392267 0.6066939354166667 0.05454043356595362 0.07479227916666666
2 0.822672584375 0.6076288381944445 0.035760059375 0.03552633194444444
2 0.681209999609375 0.5945401902777778 0.03470829296874998 0.03178671666666667
2 0.843707911328125 0.6057590333333334 0.014724730468750025 0.01308864722222217
2 0.8852526859375001 0.61043355 0.019983560937500044 0.01869807222222227
2 0.9331080593749999 0.6123033569444445 0.016828264062499976 0.014958458333333388
2 0.9846446140625 0.6160429715277778 0.02313886093749993 0.018698073611111077
2 0.258925776953125 0.5505997256944445 0.04417418984375003 0.044875368055555497
2 0.7132888749999999 0.5964099965277777 0.021035328124999975 0.020567876388888903
