9 0.2129767625 0.4975830520833333 0.010706192187500019 0.029909362499999995
9 0.30359703671875 0.5009818416666666 0.017588745312499966 0.025830813888888887
9 0.373187288671875 0.5050603916666666 0.016059288281249983 0.033987913888888874
9 0.42748298007812496 0.5118579736111111 0.00994146484374996 0.025830813888888887
9 0.4859846765625 0.5179758006944444 0.01070619218749993 0.02447129861111116
9 0.5299565394531249 0.5193353166666667 0.013000377343750013 0.021752266666666662
9 0.580046226953125 0.5227341069444444 0.012235649218749955 0.023111780555555583
9 0.6293711859375 0.5254531416666667 0.009941465625000045 0.023111780555555583
2 0.7154566389936934 0.5512839555555555 0.05014184857511319 0.07205437777777775
9 0.8823563277343751 0.24962286527777774 0.11318996015625 0.18339639166666666
9 0.878057974609375 0.39396261180555553 0.05874415703124995 0.09169819583333332
