8 0.47894452148437505 0.47090564305555555 0.010762797656250012 0.019133863888888828
8 0.49209905390625003 0.49003950416666664 0.008371065625000007 0.023385833333333356
9 0.24455469296875001 0.4825985597222222 0.02032972968750002 0.021259850000000018
9 0.4394809285156249 0.48812613125 0.008371063281250013 0.017007876388888832
2 0.326908019921875 0.5113200180555555 0.020652649218749985 0.03193110277777775
2 0.2977707515625 0.5195907159722223 0.02630906249999998 0.02551181805555558
2 0.28102862109375 0.5291576465277777 0.021525596875000018 0.023385837499999933
2 0.21286423242187497 0.5355356027777778 0.031092528906249983 0.03188977499999995
2 0.1023250255725167 0.5437498423611111 0.06657290820380606 0.05682219027777775
2 0.019931103906250004 0.5049214 0.021525596875000004 0.040393711111111154
2 0.071154055078125 0.4985434458333333 0.027504928906250004 0.021259850000000018
2 0.11360731406250002 0.49748045555555553 0.021525596874999997 0.027637808333333347
2 0.16562750625 0.4985434451388889 0.02032972968750002 0.02551182083333335
2 0.20568903242187497 0.49748045416666664 0.031092528906249983 0.03188977500000002
