2 0.022195037499999997 0.66825548125 0.042060042187499994 0.17265859861111119
2 0.9062206636718748 0.8337148721614542 0.18582891640624996 0.3284467390104246
2 0.4371695515624999 0.5995467916666666 0.01376510625000007 0.024471297222222275
2 0.40505097382812505 0.6031721756944445 0.010706192968750017 0.019033231944444395
2 0.39587423632812496 0.604531692361111 0.010706192968749972 0.021752265277777776
2 0.37522657929687503 0.6126887923611111 0.019882930468750004 0.04350452916666659
2 0.52052490859375 0.6045316937499999 0.01835347343749998 0.03806646249999998
2 0.49710190820312505 0.6112386319444444 0.028294938281250025 0.0407854944444444
2 0.4592478703125 0.6105588736111112 0.03670694687499996 0.05845921111111107
9 0.432864752734375 0.5663745861111111 0.011470921093749985 0.010876133333333291
9 0.392730329296875 0.5173951680555555 0.02600075390624994 0.01903323055555559
8 0.413377984765625 0.5180749270833332 0.010706192968750017 0.020392748611111164
3 0.22807385217970588 0.5168030218376362 0.2819075001716725 0.4251899322317159
2 0.660238387109375 0.6138410284722222 0.03823640234374999 0.09924470694444444
2 0.688150961328125 0.5920887645833334 0.06194297109374993 0.06933534305555555
2 0.690062780859375 0.6328742597222222 0.03517748984375002 0.06389727777777776
2 0.7336522796875 0.62131836875 0.06882552343750001 0.10332325416666666
2 0.8085956281250001 0.6182792736569201 0.09635573437500007 0.12843468046393744
9 0.8927157148437501 0.5227534208333334 0.01835347343749998 0.055740177777777844
2 0.8930980785156251 0.640268826901485 0.15676925078125006 0.1198129705945041
2 0.9623295960937501 0.6138482680555556 0.07417862031250007 0.1373111694444445
2 0.058803404687500005 0.6342410180555555 0.0581193328125 0.1726585999999999
2 0.5788191035156249 0.6242805838386333 0.12507361484375004 0.17808986489948883
