2 0.10722064609375 0.4886233336744086 0.07568515937499999 0.07075926320673831
2 0.424467619921875 0.47803123263888886 0.026489807031249944 0.042607943055555514
2 0.40680774843749995 0.48027375902777786 0.02648980624999995 0.05606308472222226
2 0.327716755078125 0.46494984583333326 0.023210110156249984 0.04186044722222222
2 0.36770375 0.47995817680699016 0.0769465828125 0.10602976583046421
2 0.4399831015625 0.46913587777777777 0.01765987187500002 0.026910277777777797
2 0.468995746875 0.4769847104166667 0.030274064062500015 0.04260794305555559
4 0.47214929375 0.4462621458333333 0.03910400000000003 0.04933551111111111
2 0.506563435933003 0.48157546285003733 0.056970985928506045 0.09529439236674123
2 0.25242321617081204 0.49634714880930614 0.16622867703337596 0.20601986407103767
2 0.036581161328125 0.47684902728706996 0.07316232265625 0.11150053709252675
7 0.8456842049038616 0.531520847031867 0.06074310269227663 0.10979800871404374
7 0.9253662349003736 0.5516527352134738 0.07545491769925264 0.14129498235083024
7 0.9773256274041067 0.5352912151901238 0.03965278425428646 0.18747316684197454
0 0.632854116015625 0.47989999375 0.02144413046875 0.09418597916666671
0 0.69340224609375 0.47989999652777776 0.018921290624999986 0.07176074861111116
