9 0.844203269921875 0.04978927569444444 0.1728399101562501 0.09957855138888888
9 0.68576668515625 0.03840886805555556 0.03520812968750002 0.07681773611111112
9 0.28167337265625003 0.49291381874999995 0.02080480468750001 0.035563768055555535
9 0.155644271484375 0.5683090076388889 0.015203510156250011 0.04978927638888887
2 0.8790113066406249 0.6230772111111111 0.023205358593749992 0.022760811111111126
2 0.83780179140625 0.6159644569444445 0.06721552031250014 0.04267651944444448
2 0.772986825390625 0.6031614979166666 0.06721552265624994 0.06259223194444448
4 0.604948023046875 0.5640413555555556 0.27686393203125004 0.1465227222222222
2 0.4294363523023291 0.6094087636561452 0.08465443882706203 0.07854871713215432
2 0.32512921993767946 0.61240808125 0.12753782731214108 0.0725500875
2 0.010273204296875001 0.5860908902777778 0.020546408593750003 0.051211824999999954
8 0.714783240625 0.3612834270833334 0.03200739062500002 0.11522660694444439
8 0.28740802851562497 0.4096946027777777 0.016803880468749987 0.06259223055555552
8 0.601080458984375 0.07112753541666667 0.04401016171874996 0.14225507083333333
8 0.5702733453125 0.06970498541666667 0.027206282812499972 0.13940997083333334
8 0.5570702960937499 0.08819814375 0.02320535937499999 0.09104324583333336
