8 0.2785297828125 0.3099523895833334 0.013196081250000002 0.05971560138888891
8 0.44108151015625 0.5360185895833334 0.00959715000000001 0.021326998611111096
8 0.45547723593750006 0.4944309409722223 0.00959715000000001 0.0447866986111111
8 0.25753601640625 0.3078196902777778 0.016795014062499992 0.06824640277777776
8 0.29232568593749997 0.3163504888888889 0.00959715000000001 0.0682464027777778
9 0.381099321484375 0.2822272875 0.07437791328125001 0.03412319999999999
9 0.638422907421875 0.11587668958333334 0.029991094531249995 0.04265400416666668
9 0.689407766796875 0.11161129027777777 0.05518361328125003 0.08530800277777778
9 0.65949480703125 0.041232189583333335 0.05773916718749996 0.08104260138888889
0 0.42248703203125004 0.6068675493055555 0.015595368750000027 0.0734515208333333
0 0.48306904218749996 0.6394545409722222 0.03838859999999995 0.2154027013888888
2 0.57805336875 0.6127957930555555 0.09314727187500002 0.07677720277777778
2 0.6798106167968749 0.5946678409722223 0.11756508671874996 0.07890990138888883
2 0.769443405078125 0.5957341930555556 0.08569336328124999 0.06398100277777771
8 0.6042330597656249 0.46350679097222225 0.02399287578125007 0.038388598611111116
8 0.628225937109375 0.46137409027777776 0.023992875781249978 0.0383886
9 0.6240271835937501 0.3664689409722222 0.022793231249999924 0.027725098611111085
9 0.6294255796874999 0.3941940395833333 0.021593587500000046 0.010663498611111145
2 0.25573655 0.5968005430555555 0.015595370312500023 0.023459700000000003
2 0.2293443875 0.5978668930555555 0.013196081250000002 0.017061600000000017
2 0.21614830664062498 0.6021322916666667 0.00839750546875 0.017061600000000017
2 0.20415186796875 0.6063976930555556 0.00839750625000002 0.017061600000000017
2 0.196954006640625 0.6053313416666667 0.010796794531249997 0.023459700000000003
2 0.17356095312500003 0.6138621416666666 0.035989312499999995 0.04052129999999994
2 0.15196736523437498 0.6117294423611112 0.011996436718749993 0.02345970138888889
2 0.132773066015625 0.6149284930555555 0.021593586718750002 0.034123200000000034
2 0.0853871375 0.6234592902777778 0.08037613281250001 0.10236959999999995
2 0.26833281171875 0.5914687930555556 0.00959715000000001 0.012796199999999973
2 0.27792996171875 0.59786689375 0.009597149999999966 0.02559240138888891
2 0.282728536328125 0.6021322930555556 0.014395725781250012 0.03412319999999996
0 0.32111713359375005 0.6213265930555555 0.019194299999999977 0.07251179999999996
2 0.29721801992187497 0.6270115680555556 0.04299965859374999 0.07535095000000006
0 0.9876317640625001 0.6576558 0.02373045312500004 0.45937468333333337
