2 0.434379535546875 0.3818145798611111 0.008414132031249988 0.014958456944444422
2 0.42543952070312496 0.3827494840277778 0.011569430468750053 0.024307490277777788
2 0.41649950507812494 0.3874240006944444 0.012621197656249982 0.026177298611111077
2 0.36706648359375 0.3967730388888889 0.02734592812500001 0.04861498333333335
2 0.35654881796875 0.4023824562499999 0.03155299218749996 0.04487536805555558
2 0.3376170234375 0.40892678194444443 0.031552992187500004 0.05422440277777775
2 0.459096045703125 0.38461929027777775 0.007362364843750057 0.016828261111111135
2 0.46540664492187495 0.38648909861111114 0.00946589765625001 0.02056787777777779
2 0.48749374023437503 0.3977079388888889 0.013672964843750001 0.04674517499999998
2 0.503270236328125 0.40051265138888886 0.03470829140625007 0.05609420833333335
2 0.564798573046875 0.43664143771269864 0.03996712421875 0.1208725559809529
2 0.7467541640625 0.3575070888888889 0.0357600578125 0.029916911111111076
2 0.77778127421875 0.3995777458333334 0.09571074531250004 0.11031860833333336
2 0.26451925664062503 0.4548305493055556 0.15671319765625 0.17576185694444446
2 0.4054559578125 0.39125711111111106 0.017880029687499955 0.02617729722222219
2 0.45120779804687494 0.3828429805555555 0.008414133593749984 0.02056787777777779
2 0.44331954882812497 0.3819080777777778 0.007362364843749969 0.014958455555555538
2 0.514313784375 0.40808537291666663 0.04627772187500003 0.0635734375
2 0.6498446853351437 0.4398511199318204 0.1769906965172126 0.24303296486364073
9 0.36548883437499996 0.33936996875000003 0.007362365625000011 0.014958456944444462
9 0.5164173171875 0.3169322854166666 0.01051766562499994 0.014958459722222234
9 0.521150265234375 0.34497938888888885 0.009465899218749917 0.011218841666666693
9 0.49117492304687504 0.35806803819444444 0.008414132031249988 0.014958456944444422
9 0.478027841796875 0.36648216875 0.007362364843749969 0.01682826250000002
2 0.47171724296874995 0.3898547548611111 0.009465896874999925 0.02243768472222219
8 0.4569925140624999 0.3622751041666667 0.0052588312500000175 0.018698072222222233
