2 0.129162039453125 0.6316754847222221 0.25637446328125 0.33793338888888885
2 0.24467676953125 0.5571568402777778 0.04679077656250001 0.08838257777777782
2 0.31145110703125 0.5484918805555555 0.0965059765625 0.13344036111111104
2 0.3921765159620787 0.5259629888888889 0.036435174325842555 0.060654711111111065
2 0.4505210762128852 0.5256911310099601 0.04577254202836016 0.07105266111111111
2 0.415755547265625 0.5242299972222223 0.016571733593749992 0.029460858333333326
2 0.5995068253906249 0.49999267203186704 0.040941930468749985 0.0467416587140438
2 0.7778446881380516 0.475713950353913 0.035197028411396845 0.05370729929217417
9 0.5610019152343749 0.4228499819444445 0.018521349218749972 0.03465983333333335
9 0.562464126953125 0.38819014652777784 0.02144577265625003 0.020795901388888892
9 0.5853721113281249 0.36739424444444446 0.010722886718750057 0.02079590000000001
9 0.5878091304687499 0.39512211250000007 0.013647309374999939 0.02079590000000001
9 0.5868343230468749 0.4167845104166667 0.013647310156250026 0.019062909722222247
