2 0.62494430703125 0.5754217604166667 0.24165580156250002 0.23756596805555558
2 0.12482882460937499 0.5007378493055555 0.04160960859375 0.06259222916666671
2 0.18484268242187502 0.4971814715277778 0.028806652343749996 0.035563768055555535
2 0.09682235703125 0.4900687194444444 0.02720628125000001 0.041253969444444434
2 0.459706152734375 0.5512913680924026 0.14003233515625002 0.14641678325963928
2 0.378087305859375 0.5334565145833333 0.10802494453125 0.1251844625
2 0.21308642578125 0.4799572715277778 0.04368452968750001 0.018185976388888907
3 0.022405173828125 0.46375152986111107 0.024005542968749998 0.025605912500000015
9 0.42729866796875005 0.40684950208333337 0.01760406406249997 0.028451015277777793
9 0.30567058281250004 0.43316669027777777 0.01600369531250001 0.021338261111111163
9 0.21885053515625003 0.4559275020833334 0.012002771874999985 0.015648059722222187
8 0.13803187265625 0.41751863263888883 0.005601292187500007 0.02418336250000005
8 0.08041856953125 0.45948387777777777 0.005601293749999991 0.01991570833333335
