8 0.4978615921875 0.09070305694444444 0.01186522656250002 0.06796870277777778
8 0.7134132019531251 0.30046853611111113 0.018457017968750034 0.028124980555555526
8 0.700888796484375 0.30046853611111113 0.009228510156250013 0.028124980555555526
8 0.023911723437499997 0.036796843055555556 0.0263671703125 0.06796870277777778
8 0.51697778984375 0.09421867777777777 0.015820301562500028 0.06093745833333334
9 0.92039548203125 0.2430467 0.010546868750000016 0.05390621111111109
9 0.69231946640625 0.21140609791666667 0.031640603124999965 0.01874998750000003
9 0.69825207890625 0.12468740625000001 0.030322243750000054 0.023437481944444432
0 0.11092338281249998 0.39187472500000003 0.015820303125 0.07968744444444446
0 0.087192929296875 0.3895309743055555 0.021093735156249994 0.06562495416666671
0 0.6738624484375 0.35085912708333333 0.010546868750000016 0.053906212500000016
0 0.06939509062499999 0.5489058666666666 0.11997062031249998 0.41718721388888896
2 0.24473676640625 0.36140599513888894 0.0751464328125 0.056249962500000014
2 0.19002488945312498 0.38091690058499084 0.05800777265624999 0.02191564883001836
2 0.26648968125000005 0.36609349166666666 0.06328120624999997 0.05624996111111113
2 0.340976934375 0.34851537708333336 0.0751464328125 0.04453121805555556
2 0.327134170703125 0.42117157847222225 0.09228509296874998 0.17578112916666666
2 0.584873251171875 0.353202875 0.025048810156249955 0.03984372222222221
2 0.20716354921875002 0.5184371361111111 0.258398259375 0.2578123222222222
2 0.47544949765624994 0.4920447045026557 0.24916975 0.39028463543913355
2 0.9041172710689516 0.46453092430555554 0.19075943911209697 0.13124991250000007
9 0.559539703515625 0.10831198263888889 0.023395388281250006 0.04332479305555556
9 0.713071939453125 0.2703467090277778 0.026319811718750065 0.013863934722222224
