9 0.219819169140625 0.3292684284722222 0.010722886718749968 0.027727865277777753
9 0.219819169140625 0.35353031180555555 0.016571733593749992 0.020795901388888892
9 0.6297258687499999 0.36826074166666667 0.02339538750000001 0.012130941666666692
9 0.667743375 0.3604622791666667 0.007798462500000003 0.017329916666666674
9 0.6716426058593751 0.3803916833333334 0.009748078906250068 0.022528891666666655
2 0.62192740546875 0.47657272361111114 0.06238770156250002 0.11784343611111107
9 0.332896879296875 0.43064844375000005 0.00877327109374999 0.019062909722222247
8 0.6102297117187501 0.37172672430555553 0.007798462500000003 0.025994873611111143
8 0.603893460546875 0.3725932194444444 0.00877327109374999 0.024261883333333303
0 0.322173993359375 0.46270879097222223 0.008773271093750035 0.03812581805555561
0 0.27489581249999995 0.4705072534722222 0.013647309374999982 0.060654709722222186
2 0.22859243984375 0.4849567089914745 0.10040520781250002 0.12187136535038437
2 0.460109304296875 0.5865239874290593 0.34703159296874997 0.45943023069743677
2 0.824200033984375 0.43324793125 0.34995601796875003 0.6862647236111111
0 0.15338571328125 0.478945725 0.017121190625000015 0.04476128333333339
