2 0.6620356843749999 0.4260563200807859 0.08920890781250002 0.14726169872731706
2 0.608861898828125 0.38476536388888893 0.019775377343749945 0.07265620277777778
2 0.5895259890625 0.38593723472222224 0.01713866093750003 0.04687496944444444
2 0.55788538515625 0.3894528583333334 0.05668941406250001 0.08203119444444447
2 0.446044628125 0.4070309701388889 0.04218747031249999 0.051562462499999934
2 0.5099850125 0.45323736492828426 0.12524405312499995 0.1607120423656537
0 0.9151291179687501 0.4089840743055555 0.039550754687500064 0.18046862361111107
0 0.8597580624999999 0.40664032638888886 0.03427731874999988 0.14765614722222226
0 0.825254873828125 0.40664032847222226 0.018908755468750017 0.12890615972222222
0 0.7944993199218751 0.4054684541666666 0.022412094531249947 0.1265624111111111
0 0.3692345421875 0.3959260451388889 0.021282078125000003 0.09810260416666665
8 0.5343510636718751 0.2856355388888889 0.016302963281250006 0.024406775000000006
8 0.5785406734375 0.2969853381944445 0.010296606250000017 0.026113948611111108
8 0.5691021171875 0.33890212152777777 0.008580507812499949 0.015007759722222225
8 0.599853102734375 0.35507788055555556 0.013183583593750025 0.011718741666666649
8 0.597404927734375 0.3366963076388889 0.01054687109375001 0.022499993055555556
2 0.10388668242187502 0.4554909090277778 0.10863277421875002 0.12937495416666667
9 0.376523305859375 0.06562497708333333 0.014765619531249996 0.02624999027777777
