9 0.797128964453125 0.1464842736111111 0.03559567890624997 0.04453121666666667
0 0.051597250390624995 0.4242184583333334 0.03955075390625 0.14531239999999998
0 0.0298443359375 0.4347653263888889 0.0197753765625 0.13359365833333334
2 0.41282747109375 0.37617161597222215 0.015820301562500028 0.03046872916666664
2 0.405576499609375 0.3832028618055555 0.014501942968750025 0.03046872916666664
2 0.38843783945312504 0.38906223263888884 0.01977537734374999 0.04218747083333333
2 0.37855015078125 0.40078097430555554 0.013183584375000024 0.046874968055555556
2 0.35811559453125 0.4019528486111111 0.035595678125000016 0.06328120555555551
2 0.33043006679687503 0.4176373447855197 0.06459956484374998 0.0712127145710394
2 0.45105986679687504 0.3808591131944444 0.010546867968750017 0.02578123194444441
2 0.46094755507812496 0.3796872388888889 0.011865225781250021 0.037499974999999984
2 0.46819852656250005 0.39374972916666673 0.018457018750000033 0.04687496666666667
2 0.484018828515625 0.3890622319444445 0.026367169531249957 0.05624996111111113
2 0.4912698000000001 0.40078097500000004 0.02768552812499996 0.06093745833333336
2 0.4978615921875 0.41015596805555554 0.019775376562500037 0.05624996111111105
2 0.5090676390625 0.41953096180555555 0.021093735937500035 0.07031245138888885
3 0.61980975078125 0.4439007021664446 0.23203109062499996 0.2793852928893329
2 0.748349701171875 0.40078097430555554 0.02768552734375005 0.06562495416666662
2 0.8089941906249999 0.41835908680555556 0.12524405468749994 0.11953116805555553
2 0.8538183789062501 0.5395308722222222 0.29135722187499996 0.2999997944444444
