2 0.26014982890625 0.4162051873391957 0.07016809375 0.05742501143271962
2 0.027386236559883946 0.43564724520528686 0.05371671061976789 0.0933868595894262
2 0.5926686308593749 0.4116528180555556 0.04132121171875003 0.060985602777777835
2 0.749426114797288 0.4389792811790594 0.13341685303207598 0.16434081819743684
2 0.6346395496093751 0.40472263611111114 0.010915036718750049 0.03880901944444446
2 0.642046181640625 0.4061086722222222 0.017931846093750002 0.04158109166666664
2 0.6569853304687501 0.40980476805555555 0.028595114062499948 0.06283364722222223
2 0.672062534765625 0.4158109284722222 0.031185824218750026 0.08316218750000001
2 0.687655444140625 0.4248201645833333 0.04210086015624999 0.11781309583333331
9 0.68544644375 0.3305696902777778 0.011694682812500013 0.020790552777777787
9 0.64529470078125 0.3520532520833333 0.00779645468750001 0.01663243750000001
2 0.5729095035156251 0.39340334513888897 0.011694685156250006 0.015246406944444462
