2 0.8768355359437663 0.6281129143735998 0.24632892811246734 0.5035637074337866
2 0.546867201953125 0.5537996005605262 0.08773270703125 0.1232599038988303
2 0.3217327900429452 0.5242299972222223 0.06814415116410961 0.08145061111111107
2 0.35190563242187495 0.49870155172996417 0.06043808671874999 0.09091569931784942
2 0.38894833046875005 0.5060335840277778 0.01949615468750001 0.04852376805555557
2 0.39772160078124996 0.5008346097222222 0.01169769374999996 0.024261883333333303
2 0.406494871875 0.4817717 0.015596926562500002 0.02079590000000001
2 0.41478073749999994 0.47050725486111117 0.010722885937499971 0.019062909722222247
2 0.43086506875 0.4618422951388889 0.009748079687499977 0.012130943055555576
2 0.428915451171875 0.48523768194444444 0.011697692968749961 0.017329919444444404
2 0.443050166015625 0.4731067416666666 0.0068236554687500115 0.013863936111111188
2 0.4469493984374999 0.4809052027777778 0.008773271874999988 0.015596925000000065
2 0.45182343750000004 0.4930361465277778 0.012672501562499949 0.02252889305555554
2 0.46936997812500003 0.509499567361111 0.024370196874999993 0.055455734722222164
2 0.483992094921875 0.5198975173611111 0.034118274218750064 0.07278565138888887
2 0.508849694921875 0.5302954694444444 0.04289154453124997 0.09704753888888883
9 0.477168440234375 0.4739732375 0.00877327109374999 0.012130941666666612
9 0.31583774140625 0.42544946875 0.025345004687499985 0.04332479305555555
9 0.5946327859375 0.40638656041666665 0.037042698437500035 0.0710526625
