9 0.5113497203125 0.33931153680555554 0.012621196874999985 0.02243768194444442
9 0.544480363671875 0.33837663194444445 0.045225957031249917 0.024307491666666632
2 0.5629317533500819 0.4692631222222223 0.14313118795016386 0.16267320833333332
2 0.43385365234375006 0.4319254145833333 0.013672962500000007 0.018698068055555538
2 0.458044278515625 0.4459489659722222 0.03470829296875007 0.04674517083333332
2 0.39336064375 0.4384697402777778 0.03155299218750005 0.035526333333333326
2 0.37285119921875 0.44407915902777784 0.0178800296875 0.06170363194444448
2 0.35707470351562504 0.4534281951388889 0.02629415859375004 0.0766620902777777
2 0.33078054296875 0.4646470347222222 0.03681182500000002 0.07666208611111106
2 0.25820865859375 0.4425209958333333 0.11464254062500001 0.23559567777777776
2 0.157239081640625 0.5288893370836533 0.20509445234374998 0.3659500908339732
2 0.07437491054687499 0.5475863319444444 0.14874982109374998 0.5198063416666666
