8 0.471160436328125 0.19345160069444445 0.011700702343750003 0.020801248611111114
8 0.37111943671875 0.20177210069444446 0.010530631250000023 0.020801248611111114
9 0.5723715046875 0.19137147569444446 0.01287077187500003 0.029121745833333317
9 0.512112892578125 0.20385222361111108 0.011700702343749914 0.016640997222222252
2 0.498657084375 0.23505409652777776 0.038612315625000004 0.029121745833333337
2 0.470575401171875 0.23193390763888888 0.02223133359374998 0.039522370833333334
2 0.39803105 0.24857490555555553 0.01521091250000004 0.018721122222222223
2 0.388670488671875 0.2704162173611111 0.029251753906249966 0.04576274305555555
2 0.36234391015625 0.27145627986111115 0.030421823437499995 0.05616336805555555
2 0.16518708671875 0.2984979020833334 0.04095245625000001 0.05616336805555555
2 0.11311896562500001 0.3099385868055555 0.0585035078125 0.07072424305555557
2 0.044273745703125 0.3129748584482053 0.08854749140625 0.08182349211331987
2 0.212207860193718 0.3036982111111111 0.08351091257493604 0.09152548888888887
2 0.31318207712561547 0.31201870972222223 0.12172507231126906 0.14560873055555554
2 0.48988155781250003 0.2968812643789297 0.07722463125000001 0.10515938790880723
3 0.43664336640625 0.23505409791666665 0.06435385937499997 0.12480748472222222
0 0.603378364453125 0.24441465555555555 0.016380982031250026 0.06448386666666665
0 0.6256096984375 0.24233453194444443 0.025741543749999974 0.09360561388888892
9 0.133595191796875 0.18409104166666665 0.02925175390625001 0.018721125000000012
