8 0.321062641796875 0.2927672333333333 0.009046357031249962 0.03487657222222222
8 0.5858178359374999 0.2698917486111111 0.010990953124999958 0.045967705555555544
8 0.6517635609375001 0.4360855298611111 0.014987664062500006 0.030197368055555607
8 0.415957637890625 0.45419538055555553 0.010990953906249957 0.030890755555555593
8 0.8126311597656249 0.41299342152777774 0.036969572656250005 0.037302631944444505
9 0.139685021484375 0.33838815972222225 0.029975328906250008 0.015986841666666664
9 0.039767257421875 0.2557894756944445 0.025978617968750006 0.02131579027777776
9 0.04925944492187499 0.2815460548611111 0.03497121640625 0.023092106944444444
9 0.779658298046875 0.39345394999999994 0.01698601953124994 0.033750000000000016
9 0.6437701382812501 0.33838815972222225 0.028976151562499997 0.019539474999999997
8 0.637775073828125 0.30819079097222224 0.012989310156249979 0.044407895833333315
9 0.7746624093750001 0.3357236861111111 0.018984375000000053 0.021315788888888874
9 0.77616117578125 0.3170723701388889 0.015986842187500017 0.02664473750000001
8 0.519911216796875 0.43667050416666664 0.009070808593750002 0.02781468888888886
2 0.47722681484375 0.46361842361111105 0.11027003593749996 0.06039473611111114
2 0.2656552068514014 0.5629759008211551 0.14173561754719713 0.23115346780213425
2 0.3684967 0.49648026666666667 0.037968750000000016 0.05151315833333333
2 0.13232392865200954 0.5891861515180211 0.2646478573040191 0.6632407252582644
2 0.5146507933802207 0.6954276354166666 0.42110464761455874 0.42809210694444444
7 0.96850287109375 0.6980921090277779 0.06294819062499997 0.14565789583333336
8 0.56733816640625 0.2729461965277778 0.009748078124999981 0.05718872638888889
