8 0.484837584765625 0.5913896923611112 0.016059288281249983 0.035347429166666604
2 0.355077144921875 0.6688280631944445 0.03594221796874999 0.07326712638888885
2 0.3237232953125 0.6729066131944444 0.02676548125 0.07054809027777785
2 0.295810722265625 0.6742661305555555 0.030589122656250023 0.07326712500000004
2 0.26178032304687504 0.6783446791666667 0.03594221796875004 0.08142422222222234
2 0.219619853515625 0.682423229861111 0.047977011718749976 0.08686229027777775
2 0.16963059296875 0.6885410534722223 0.048942595312500004 0.08822180694444444
2 0.11648199414062502 0.6885410534722223 0.055825147656250004 0.10181697083333342
2 0.045543792968749996 0.6871081541666667 0.088708453125 0.104682775
2 0.5120279050781249 0.6510809659722222 0.026000753906250028 0.05438066250000004
2 0.529234284375 0.6585583041666666 0.03594221718749999 0.07477340833333328
2 0.55714685859375 0.6646761319444445 0.045883682812500035 0.09788519166666663
2 0.621994715234375 0.6892168087907031 0.11929757578125004 0.1651081180143777
2 0.47975529804687495 0.6618579597222223 0.018353474218749978 0.02854984722222219
2 0.45681345625 0.6693353000000001 0.015294560937499924 0.021752263888888894
9 0.6963028125 0.48472075000000003 0.03670694687499996 0.09924470833333332
9 0.8362480464843749 0.5357026194444445 0.01835347265625007 0.04350453055555555
