9 0.207775523828125 0.3319557243055556 0.045999083593750004 0.1067248041666667
2 0.0346942234375 0.5707580431142023 0.069388446875 0.04215902210492872
2 0.18399633437500001 0.5682749347222222 0.07016809375 0.03049279999999999
2 0.14321178906249998 0.5758981347222222 0.01607887187499999 0.012474327777777777
2 0.28855874765625 0.5685059423611111 0.07884047656250001 0.047587254166666704
2 0.40334065937499997 0.5539525597222222 0.046250849999999975 0.03511292499999996
2 0.34928117968750005 0.5315449673611111 0.010915039062499998 0.02079054305555559
2 0.373060366015625 0.5363960972222223 0.013253972656250034 0.019404508333333344
2 0.46459074726562494 0.5423560590277777 0.019491136718750024 0.03409650694444445
2 0.553938120703125 0.5821352979166666 0.02260971953125006 0.030492798611111108
2 0.43309306953124993 0.5246147861111111 0.013253975000000029 0.015246399999999957
2 0.413601933203125 0.52530780625 0.007016808593750046 0.011088290277777841
2 0.44704872304687504 0.525446420138889 0.01091503671874996 0.012474329166666662
2 0.363509709765625 0.526000825 0.009355746093749983 0.016632436111111166
2 0.384170315234375 0.5280798791666668 0.010135391406249994 0.012474327777777777
2 0.398203934375 0.5248597736111111 0.01169468125000006 0.018914538888888898
2 0.5689462953125 0.5849073715277778 0.010135392187499991 0.02079054305555559
2 0.535031716796875 0.5724330430555555 0.004677872656249971 0.018018472222222214
2 0.12142978671875 0.5731260625 0.013253973437499988 0.011088291666666725
2 0.10388776015625001 0.57381908125 0.009355745312499997 0.009702256944444482
2 0.29074906757812496 0.5380650666666666 0.021322849218750006 0.01581226666666669
4 0.67364620078125 0.5350944291666667 0.04591885781250005 0.02516585833333333
2 0.627614619140625 0.5431876861111111 0.010915036718750049 0.012474327777777777
2 0.875541883203125 0.5204566770833333 0.05301589296874987 0.034650909722222185
2 0.645888196875 0.5402129104166666 0.01439572499999997 0.027725098611111085
2 0.6374906914062499 0.5370138576388889 0.00959715000000001 0.02559239861111114
3 0.9767224460937498 0.57049725 0.044386818749999966 0.1770141
