9 0.18475145625 0.13406240069444442 0.06591792343749998 0.09843743194444445
9 0.33504432109375 0.18093736875 0.023730451562499998 0.04218747083333331
9 0.427329414453125 0.13406240069444444 0.026367169531249957 0.05156246527777779
9 0.44842315078125 0.14929676388888888 0.015820303125000025 0.025781233333333337
9 0.6409034859375 0.19148423611111112 0.021093735937499948 0.03984372222222221
9 0.18343309843750003 0.042421843055555554 0.05009762187500002 0.08484368611111111
9 0.024370196093749998 0.07711813194444445 0.048740392187499995 0.1542362638888889
2 0.43787628203124995 0.2278123361111111 0.015820301562500028 0.028124980555555564
2 0.44776397109375 0.21960921736111108 0.014501943750000024 0.02578123194444445
2 0.427988593359375 0.2453904479166667 0.025048810156249955 0.035156226388888906
