8 0.406033462890625 0.3756048861111111 0.0036743960937499764 0.019596775000000042
8 0.32703395703125004 0.3810484361111111 0.002449596874999971 0.021774197222222194
8 0.27314282109375 0.3995565020833333 0.004899193749999986 0.023951615277777765
8 0.411545058203125 0.3745161763888889 0.00489919453124994 0.021774194444444502
8 0.46727339140625 0.43112908680555556 0.006123992187499994 0.01741935694444447
9 0.230887271484375 0.3723387576388889 0.018371978906249975 0.039193554166666665
9 0.049617087109375 0.3179032666666667 0.035519158593749996 0.06096775000000001
9 0.9792391835937501 0.14370969583333332 0.03796875468749992 0.03483871388888888
9 0.9302472414062499 0.18834679791666664 0.03061996406249996 0.04137097083333333
9 0.9718903902343751 0.2591129368055556 0.05021674140624999 0.06532259027777777
8 0.042268296093750005 0.06641129930555556 0.015922381250000006 0.08491936527777777
2 0.41521945351562495 0.44201618611111115 0.00979838828125006 0.008709677777777753
2 0.40664586367187494 0.4474597347222223 0.012247985156249985 0.015241938888888818
2 0.391335880078125 0.46052425347222226 0.023271171093750053 0.03701613194444443
2 0.341119140234375 0.45072586458333336 0.011023186718750022 0.026129034722222222
2 0.32948355546874997 0.46052425347222226 0.017147179687500014 0.03701613194444443
2 0.43787822421874995 0.44419360625000004 0.013472784375000036 0.01741935694444447
0 0.44400221796875006 0.45943554305555556 0.006123992187499994 0.021774197222222194
0 0.46298659492187505 0.4648790937500001 0.0073487898437499585 0.045725812499999956
0 0.47768417812499997 0.4670565118055556 0.007348792187499953 0.04137097361111112
2 0.6442567804687499 0.4714113513888889 0.061239925000000014 0.03701613333333332
2 0.7042719097656249 0.4790323201388889 0.05879033046875 0.03048387638888891
2 0.74591505859375 0.47358877013888884 0.0587903296875 0.045725809722222184
3 0.8389997488281249 0.46270167291666664 0.10533267421875 0.07185484861111106
3 0.9804639828125001 0.48338715902777774 0.035519157812499993 0.04354839305555558
2 0.369901906640625 0.47250006041666665 0.036743957031249996 0.047903231944444416
2 0.276817216796875 0.45399199444444444 0.024495971093750013 0.045725813888888925
2 0.237011265234375 0.4474597347222223 0.008573589843750007 0.028306455555555568
2 0.25170884765625 0.45399199444444444 0.02082157499999999 0.032661294444444405
2 0.30253798593750003 0.46052425347222226 0.044092746875 0.06750000972222223
2 0.12432979804687501 0.5619313108643189 0.24618450703125 0.4482343560491401
