2 0.574482655078125 0.5303575569444444 0.010926267968750025 0.01942447500000005
2 0.5649221687500001 0.5352136756944444 0.01365783437500001 0.019424476388888855
2 0.526680232421875 0.5352136756944444 0.010926269531250022 0.02428059583333327
4 0.5025094525053403 0.5258364437740094 0.04834155748931952 0.08674013189642567
2 0.45975684179687504 0.5485680027777777 0.05736290703125002 0.0801259638888889
2 0.547166984375 0.5467757776862483 0.0300472375 0.04971757518305908
2 0.31289514792765705 0.5461399430555556 0.09978213226968599 0.10440656111111113
2 0.022706130078124998 0.5133611402777778 0.04370507109375 0.08255402222222222
9 0.4181004453125 0.48908054652777777 0.012292051562500017 0.03399283472222218
9 0.5813115710937501 0.5024348722222223 0.010926268750000023 0.02185253611111114
