8 0.4128274703125 0.3602341201388889 0.007910150000000015 0.02578123194444445
8 0.49390651640625 0.3590622458333333 0.009228507812500019 0.03281247777777779
8 0.520932865234375 0.4000778430555556 0.010546867968750017 0.021093736111111067
9 0.657382966796875 0.3461716291666667 0.01713866015625003 0.016406236111111108
9 0.647495278125 0.35554662361111106 0.018457017187500036 0.016406238888888876
9 0.40491731953125 0.3426560090277778 0.013183584375000024 0.018749990277777764
9 0.39700716953125 0.36257786875 0.018457018749999988 0.02578123194444445
2 0.4009622453125 0.42117157708333336 0.0263671703125 0.04453121805555556
2 0.36075231132812496 0.4141403333333334 0.03559567890625002 0.04921871666666667
2 0.3179056609375 0.4293746979166667 0.050097621875 0.07031245138888885
2 0.28692423749999996 0.42351532638888884 0.022412093749999994 0.04921871666666667
2 0.483359648828125 0.41531220694444443 0.030322244531249966 0.05624996111111105
2 0.58619161015625 0.44109343958333336 0.03823239687499998 0.05156246527777779
2 0.7308887297854617 0.4568921664416741 0.07186509238342342 0.09496495600554064
2 0.2559428140625 0.4164840805555556 0.044824189062499985 0.05390621111111105
2 0.520932865625 0.4364059430555555 0.050097623437499995 0.0796874444444445
2 0.4495726023145915 0.44343718888888883 0.07725744902663916 0.1593748916666667
2 0.658701325390625 0.5114058909722222 0.18588854453124998 0.22499984583333332
