2 0.538972283203125 0.4974053263888889 0.01912096796874998 0.033992833333333375
2 0.595652298046875 0.5083315951388888 0.017755185156249985 0.026708654166666672
2 0.587457596484375 0.5131877131944445 0.023218319531249955 0.03156477361111109
2 0.609310132421875 0.5216859215277777 0.028681453906250008 0.04370507361111109
2 0.5567274679687501 0.5071175638888888 0.021852535937499962 0.02913671388888888
2 0.6292372756929598 0.5411104 0.04668320451091974 0.06312954722222218
9 0.686476898046875 0.5119736833333333 0.013657833593749924 0.038848952777777786
9 0.5888233800781251 0.42456353888888887 0.09423906015624998 0.05827342777777776
9 0.25898667148437504 0.42213548125 0.016389400781249997 0.033992831944444406
9 0.257620887109375 0.4452020486111111 0.016389400781249997 0.031564774999999975
9 0.48434094492187496 0.45370025416666665 0.01365783515625001 0.024280597222222235
9 0.481609376953125 0.48162294097222225 0.010926267968750025 0.026708654166666592
9 0.47273178515625 0.48283697013888893 0.047802420312499996 0.0388489513888889
9 0.6277482097656251 0.48647905763888893 0.01365783515625001 0.026708654166666672
9 0.327958735546875 0.06902625972222222 0.23081740703125 0.13805251944444444
9 0.780750328125 0.11601554305555556 0.43425040625000005 0.23203108611111112
8 0.48570672851562496 0.4306336916666667 0.010926267968749936 0.026708655555555558
8 0.261718238671875 0.39057070625 0.01365783515625001 0.02428059583333335
