2 0.103329631640625 0.6007990721607043 0.20276003203125 0.27144482234525835
2 0.9712255110732538 0.5579939212627768 0.05754897785349211 0.12130942083333333
2 0.7949557984375 0.5190310222222222 0.05556404687499992 0.06412069444444445
2 0.764249351171875 0.5181645256944445 0.027294619531249963 0.045057784722222195
2 0.744265790234375 0.5146985423611111 0.02047096484374995 0.038125818055555524
2 0.8846381199218751 0.5645802845045428 0.15109521640625 0.1621511856757524
2 0.6472724097656251 0.5198975180555555 0.06238770234375002 0.09011556944444439
2 0.6984498214843751 0.5103660631944444 0.02047096484375004 0.015596926388888871
2 0.68090328046875 0.5103660631944444 0.008773270312499993 0.015596926388888871
2 0.40941929492187495 0.5164315340277779 0.021445772656249938 0.027727868055555563
9 0.52883325625 0.39945459305555553 0.03801750624999993 0.0987805277777778
