8 0.49766718789062503 0.38354303194444445 0.008046357031250029 0.0268211916666666
8 0.61987123984375 0.3754966743055555 0.007040562500000025 0.02860926805555558
8 0.628420494140625 0.3763907145833334 0.008046358593750025 0.023245031944444446
8 0.49062662539062496 0.38354303194444445 0.010057946093750037 0.0268211916666666
2 0.597743757421875 0.502720863653464 0.04123758203124996 0.054183485640261216
2 0.5263323359375001 0.4944039548611111 0.051295528125 0.0661589375
2 0.22325155156250004 0.5002911020833333 0.44330236406250006 0.6051131069444444
2 0.6769144510001863 0.5283319488512682 0.11710380668787268 0.1878393661863525
2 0.765208569140625 0.497086075 0.03620860859375004 0.02860927222222216
8 0.60076114140625 0.45864236736111114 0.007040562500000025 0.0196688736111111
9 0.677201536328125 0.3799668722222222 0.03117963515624993 0.019668872222222213
9 0.441845583984375 0.3996357472222223 0.02514486640625 0.01609271666666664
9 0.8154983019531251 0.25211919583333336 0.03017383984374984 0.10370860555555556
8 0.8175098914062499 0.4273509784722222 0.016092714062500058 0.025033112500000006
2 0.891938696484375 0.4961920354166667 0.05230132265624991 0.04470198749999999
