2 0.057401590625 0.49180511720849895 0.11480318125 0.17611449336077986
8 0.36055374140624996 0.3715158506944445 0.010762798437500009 0.02763780138888884
8 0.40300700117187505 0.44486232847222223 0.009566932031250008 0.012755909722222233
8 0.5602634421875 0.38958672291666674 0.015546264062500014 0.02125984583333328
8 0.44725406054687494 0.4395473652777778 0.009566932031250008 0.014881888888888915
9 0.60929396796875 0.3895867236111111 0.010762798437500009 0.04251969722222218
9 0.471769323828125 0.4427363430555556 0.010762799218750008 0.017007877777777795
9 0.7608700421875 0.40553160902777774 0.01913386406249993 0.010629926388888893
9 0.75788037578125 0.44592532083333336 0.013154531249999924 0.027637800000000032
9 0.76864317578125 0.42360248125 0.010762798437500009 0.021259848611111132
8 0.7560865781249999 0.4810040694444444 0.01195866562499992 0.025511819444444465
2 0.39074936992187503 0.4693111548611111 0.013154530468750014 0.019133865277777714
2 0.42273879843749995 0.48313005555555555 0.015546264062499926 0.021259850000000018
2 0.43589332968749994 0.4852560395833333 0.013154529687500017 0.029763787500000027
2 0.44964579257812504 0.4948229722222222 0.026309061718750026 0.04039371388888892
2 0.46877965703125 0.49057100138888887 0.009566931250000011 0.027637800000000032
2 0.4053987339843751 0.48525604027777774 0.021525596093750023 0.025511819444444465
2 0.49150112070312496 0.5309647145833334 0.06457678984374997 0.09566931805555556
9 0.523191582421875 0.42466547222222223 0.013154530468749925 0.010629925000000009
9 0.5243874484375 0.40234263124999997 0.008371067187500003 0.029763787500000027
2 0.310327350390625 0.48313005625 0.020329730468749974 0.055275606944444416
3 0.35098681015625 0.4576182368055555 0.06338092343750001 0.11905515138888892
3 0.224822898046875 0.417224525 0.15546264140625002 0.3061418166666666
9 0.140514310546875 0.39064971527777775 0.013154530468750014 0.023385830555555504
0 0.651747228515625 0.5224607756944445 0.007175199218750006 0.036141743055555585
0 0.65653069453125 0.5192717972222223 0.007175198437500007 0.03401575833333336
2 0.903733378515625 0.7595840145833334 0.18894690390625007 0.47622060416666673
