6 0.675519909765625 0.5643590034722222 0.04633473671874997 0.1510169208333333
6 0.680239188671875 0.6337657694444444 0.057489396093749964 0.13728810833333335
0 0.632919623046875 0.5550362208333334 0.015444911718749932 0.05491524444444451
0 0.64493233203125 0.5542735083333333 0.006864404687499981 0.041186430555555535
8 0.4231262304687499 0.4806173388888889 0.00943855625000003 0.025932197222222206
4 0.38151077187500004 0.5040434791666666 0.048050837499999985 0.04881354999999993
2 0.40853936914062505 0.544140332638889 0.026599571093749975 0.04576270416666664
2 0.3827978484375 0.5449030444444445 0.030031773437499965 0.06254236111111114
2 0.35104997304687496 0.5471911805555556 0.05405719296874998 0.08237286666666668
2 0.2836270102747019 0.5725375931537479 0.10824635445059627 0.1297429886925043
2 0.49206771720613285 0.6278482927231213 0.18973594548551959 0.2707088660017982
2 0.580149506640625 0.5540555854166667 0.03518007890625006 0.05644066805555552
9 0.50893129921875 0.4849756854166667 0.016302962500000007 0.01067796249999999
