2 0.261296823828125 0.673299392361111 0.01315453046874997 0.02338583472222224
2 0.272657555078125 0.6754253784722222 0.011958663281250014 0.01913386527777779
2 0.239771226953125 0.6743623854166666 0.034680127343750033 0.02976378749999995
2 0.19612210156249998 0.6764883694444445 0.03348426093749999 0.029763788888888913
2 0.17639030546874998 0.6775513625 0.01793799843749999 0.027637802777777724
2 0.124968047265625 0.6722364006944445 0.05620572421875001 0.04677166527777775
2 0.08371065273437502 0.6754253777777778 0.038267725781250005 0.04039371111111107
2 0.31750254765624997 0.6849923097222222 0.015546264062500014 0.021259847222222246
2 0.3270694796875 0.6881812868055556 0.020329728125000023 0.027637801388888918
2 0.336636412109375 0.6945592416666666 0.022721464843750018 0.036141744444444394
2 0.382677272265625 0.6977482194444443 0.019133864843750015 0.029763788888888833
2 0.39702766875 0.6807403409722222 0.009566931250000011 0.012755909722222233
2 0.43326242382812497 0.68180333125 0.015546263281250017 0.010629923611111123
2 0.44043762109374995 0.7030631798611111 0.027504929687499936 0.02763780138888884
9 0.454190085546875 0.6382206416666667 0.016742130468750015 0.021259847222222246
9 0.47990121484375 0.5786930659722223 0.04424705937500004 0.04677166249999998
9 0.521756540625 0.5850710222222222 0.037071860937499944 0.029763788888888833
9 0.5606222019531251 0.5871970069444444 0.03826772734375004 0.034015758333333285
2 0.4942516125 0.6786143541666666 0.020329731250000017 0.017007877777777795
2 0.533715205859375 0.6786143534722222 0.027504928906249938 0.021259848611111132
2 0.6228072578124999 0.7211340520833334 0.093277584375 0.11480318194444439
2 0.49664334570312507 0.7083781423611111 0.034680127343750033 0.04677166527777775
2 0.5474676710937499 0.7636537479166667 0.13632877812500005 0.16157484583333342
9 0.027587144140625 0.5416666631944445 0.05517428828125 0.08595834305555551
2 0.359522302734375 0.6983860208333333 0.03468012890624998 0.057401588888888945
2 0.9682183386718751 0.6888190888888889 0.06098919140624996 0.03401575833333336
