8 0.31228557734375 0.27106306597222224 0.019133862499999977 0.0744094680555556
9 0.31108971132812496 0.22110242361111107 0.014350397656249968 0.025511819444444424
9 0.48389241640625 0.48153556736111114 0.022721462500000022 0.03188977083333329
9 0.4324701578125 0.4740946208333333 0.01076279843749992 0.029763788888888833
9 0.44562468906249997 0.4677166652777777 0.010762798437500009 0.01700787777777772
0 0.68958145 0.5803938618055555 0.03468012812500003 0.11480318194444439
0 0.72605537734375 0.5835828388888888 0.031092528124999942 0.11267719444444439
0 0.7568980566406249 0.5841902604166667 0.02989666171875003 0.10842522638888884
0 0.7694546546875001 0.5820642756944445 0.019133864062500016 0.10417325694444446
0 0.78619678515625 0.5841902645833333 0.016742131249999924 0.10417325694444446
0 0.9771873363281249 0.5974017395833333 0.04065946015624995 0.2125984819444445
0 0.944301008984375 0.5772048826388889 0.02989666484374993 0.09141734861111112
9 0.010247078125 0.4294489375 0.02049415625 0.03401575555555559
0 0.268636451953125 0.5368111722222223 0.015546264843749968 0.07015749999999998
2 0.39001689765625003 0.51448833125 0.019133862500000022 0.01700787916666668
2 0.4165673883963746 0.5474410986111111 0.042568337269750824 0.07866144166666665
0 0.5421091851562501 0.551115875 0.01898436874999998 0.10312496388888891
