8 0.341191287109375 0.5259373166666665 0.009492185156249989 0.013124997222222214
8 0.31482410898437496 0.5268748152777778 0.009492185156249989 0.014999994444444473
8 0.3084959859375 0.5212498166666667 0.00949218437499999 0.014999994444444395
8 0.335390506640625 0.51468731875 0.01054687109375001 0.020624993055555527
8 0.2979491140625 0.51468731875 0.009492182812499994 0.020624993055555527
9 0.45193343593749996 0.4959373270833334 0.022148431250000034 0.054374981944444456
9 0.6586521128906251 0.3515623763888889 0.03269530078124996 0.03562498888888888
2 0.30955067265625 0.5608123 0.011601557812499986 0.024374991666666623
2 0.295839740625 0.5570623 0.022148431250000034 0.04312498333333331
2 0.265781156640625 0.5354998104166667 0.029531238281249993 0.018749995833333345
2 0.23203116953124997 0.58049979375 0.025312490625000007 0.06374997916666669
2 0.20144524179687498 0.58424979375 0.04640623359374998 0.07874997083333331
2 0.343300661328125 0.5683122986111111 0.009492185156249989 0.02437498888888893
2 0.364012076171875 0.5731873006944445 0.014765619531249996 0.050624981944444473
2 0.371394887109375 0.5778747965277778 0.021093742968749975 0.05249998194444443
2 0.38352378867187503 0.5825622951388889 0.01582030703124997 0.061874979166666656
2 0.39407066015625 0.5816247965277778 0.026367179687499975 0.0749999736111111
2 0.41041831093750003 0.5825622958333333 0.025312490625000007 0.09187496666666664
2 0.44469564257812505 0.5872497937500001 0.06644528984375002 0.13124995138888892
2 0.519454398828125 0.6081443173611111 0.13710932734375003 0.18562493472222227
2 0.27160292109375 0.5818943263888889 0.054843729687499995 0.07687497222222224
2 0.15782204241442183 0.5978318229166667 0.09045243235865633 0.08999997083333335
2 0.03166159921875 0.6230886230870245 0.06222654062500001 0.17801355450738224
2 0.325919309765625 0.5631443354166666 0.009492183593749991 0.013124995833333328
