9 0.400804276171875 0.3637352708333334 0.01920949140624999 0.050158116666666704
2 0.455731416796875 0.5640119993055556 0.015007414843750056 0.013873520833333292
2 0.466236607421875 0.5634784034722222 0.010805338281249988 0.014940715277777785
2 0.47764224296875 0.5613440152777778 0.00960474531249993 0.01707510277777781
2 0.48844758203125 0.5613440159722222 0.012005932812500042 0.019209490277777755
2 0.49805232695312507 0.55867603125 0.012005932031250045 0.020276687500000022
2 0.511258851953125 0.5528064652777778 0.014407117968749984 0.0256126555555556
2 0.5316689359375 0.5506720743055555 0.026413050000000028 0.032015818055555596
2 0.602203786328125 0.5490712881944444 0.11225546796875001 0.13909094861111113
2 0.32126497734375 0.5520950027777778 0.029414532812499995 0.038418983333333365
2 0.36401135549137564 0.5462254354166667 0.05487762973275125 0.06296444305555558
2 0.294551779296875 0.5574309715277778 0.016808305468750007 0.03201581805555552
2 0.27774347421875 0.5540515291666667 0.021610678125000015 0.03521740000000004
2 0.25433190742187495 0.5556523201388889 0.03361660859374997 0.034150204166666656
2 0.20240625195312498 0.5412452034722222 0.061830549218749975 0.06936760694444447
2 0.083194933984375 0.5704011701388889 0.16638986796875 0.3133712902777778
