9 0.23464963632812497 0.37183258263888885 0.08543763359374998 0.08614606805555552
9 0.31307373125 0.4880164256944444 0.008288724999999974 0.0374055291666666
2 0.5142347242187499 0.5656612416666666 0.02295339375000003 0.024937022222222223
2 0.49007887460937505 0.5661837131944444 0.022315799218749977 0.012468509722222226
9 0.4311014046875 0.5593827097222221 0.01275188437499999 0.02607052222222224
2 0.587949594921875 0.5666371263888889 0.017852638281249965 0.01700251666666664
2 0.600382683984375 0.5898738770833333 0.01976542265625003 0.03627202916666666
2 0.6284368312499999 0.5961081326388888 0.045269193750000006 0.07821156805555553
2 0.7777613992187501 0.6457441869948419 0.16386172812500002 0.15349859545476047
2 0.66937037265625 0.6204784020833333 0.07842409531249998 0.09974808194444439
2 0.5488650558593751 0.5989418826388889 0.055470702343750046 0.07481106250000001
2 0.9155853734375 0.7152390847222222 0.16386172656249992 0.21989918055555563
