2 0.7110416207031249 0.45636508402777776 0.038666916406249995 0.04582745694444444
2 0.7625975089843751 0.45731982152777784 0.06874118359375006 0.05155589027777781
2 0.8265053292968749 0.4678219458333333 0.09559321015624996 0.06492223055555557
2 0.6385411535156249 0.4334513534722222 0.03544467265624993 0.019094770833333365
9 0.43267562265625 0.23009201805555557 0.07411158906250001 0.03246111666666667
9 0.398842071875 0.26064365486111113 0.02362978124999997 0.03628007083333332
9 0.8576536781249999 0.1880835173611111 0.024703862500000007 0.021004251388888878
9 0.8614129605468751 0.20431407361111112 0.030074267968750058 0.026732680555555534
9 0.009487711718750002 0.22722780069444445 0.018259376562500002 0.019094773611111136
8 0.36232331796875 0.2463225763888889 0.012888971874999999 0.04964641111111112
8 0.5062501718749999 0.2186351534722222 0.012888971874999999 0.04773693194444447
8 0.48960191640624995 0.21672567638888887 0.00966672968750002 0.05155588611111111
8 0.6754179289062501 0.2797384305555556 0.009666728125000024 0.04009902777777777
8 0.6566215132812501 0.3589817375 0.021481620312500026 0.022913727777777816
8 0.8238201265625001 0.29501424791666664 0.023629781250000016 0.07065066249999997
8 0.9945990046875 0.3694838631944445 0.008592648437500117 0.032461112500000014
8 0.863561123046875 0.3417964444444444 0.03437059296875002 0.04964641111111108
8 0.9929878824218751 0.4054456840277778 0.01181488984375001 0.02927865694444441
2 0.178655466796875 0.4585928 0.16111215078125 0.1508487083333333
2 0.486916714453125 0.5658417854166667 0.27066841171875 0.35516278749999997
