9 0.7061622296875001 0.4199997048611111 0.0487792625 0.1171874180555556
2 0.36800328359375 0.5149215145833334 0.02109373593749999 0.02578123472222226
2 0.45567412109375 0.5090621430555555 0.01186522656250002 0.014062491666666687
2 0.4352395660156249 0.5090621430555555 0.010546867968750017 0.018749986111111148
2 0.41546418789062506 0.5149215145833334 0.018457017968750034 0.02578123472222226
2 0.44512725351562493 0.5090621444444444 0.01713866015625003 0.023437483333333377
2 0.47940457265624997 0.5219527590277778 0.022412093749999952 0.03515622638888887
2 0.38909701835937505 0.5231246340277778 0.02900388515625001 0.05156246250000002
2 0.27044475703125 0.5347855239743043 0.05800777343750001 0.06105316038472463
3 0.111491925390625 0.5836129085143383 0.22298385078125 0.4040230913046564
9 0.5646448171875 0.4606632013888889 0.021593587499999956 0.02985779999999999
