2 0.274522478515625 0.5444923451388889 0.01365783515625001 0.029136715277777763
2 0.26291331875 0.5444923444444445 0.01502361875 0.03399283055555553
2 0.24993837578124997 0.5469204048611112 0.019120968750000022 0.0437050708333334
2 0.23286608242187504 0.5432783152777778 0.020486752343750015 0.04127701111111111
2 0.21647668125 0.5420642868055555 0.01502361875 0.043705068055555546
2 0.6186999144531249 0.5627027923611111 0.03551037109374997 0.07526984583333338
2 0.06760628203124999 0.550562495138889 0.05053398906249999 0.0752698458333333
2 0.68152595390625 0.5687729388888889 0.13384678125000002 0.1335432694444444
2 0.0259498859375 0.55643030625 0.051899771875 0.19667281805555553
2 0.853273225390625 0.6227972659722222 0.26905934453125 0.22095341805555563
2 0.46402493515625 0.5463133888888889 0.025949885937500028 0.043705069444444515
2 0.36568852734375 0.5803062222222222 0.18164920312500002 0.2719426638888888
2 0.19872149609375 0.5481344354166667 0.028681454687500007 0.03642089583333335
3 0.556930329098579 0.52810294375 0.10318088632215786 0.13354327361111112
9 0.20350173828124998 0.4321945923611111 0.035510371875000016 0.01456835694444444
9 0.469829515234375 0.43340862222222226 0.030047236718750002 0.016996416666666646
9 0.503291210546875 0.42733847152777776 0.015023617968750003 0.03399283472222218
9 0.500559643359375 0.4516190694444445 0.02048675234374997 0.014568358333333324
9 0.559971224609375 0.4285525034722222 0.01912096796874998 0.012140298611111117
8 0.2485725921875 0.42976653472222226 0.01365783437500001 0.01942447777777774
8 0.43841649531249993 0.42612444513888886 0.01365783437500001 0.021852537500000026
9 0.29384839218750003 0.4967554673611111 0.017931846875 0.005544145833333324
