9 0.373833015234375 0.5003388875 0.02402541953124997 0.04881354999999993
9 0.44977050078124997 0.5323727805555556 0.007722456249999965 0.0335593166666666
9 0.6271009800781251 0.5346609152777778 0.024883469531250046 0.04118643333333338
2 0.6240978027343751 0.5705083666666667 0.04633473671874997 0.054915244444444435
2 0.92956384609375 0.5567795555555556 0.0394703312499999 0.021355927777777752
2 0.9282767703125 0.5720337895833333 0.03689617968750003 0.03355931527777772
2 0.9737534562499999 0.5666948076388889 0.048908889062500016 0.05338982083333327
2 0.8686384183593748 0.5609199902777777 0.024025419531250057 0.03661016111111116
2 0.848903251953125 0.5670216847222223 0.020593216406249937 0.027457622222222176
9 0.7519473550781249 0.5415253194444445 0.010296608593750011 0.015254230555555557
2 0.593985586328125 0.5590676902777777 0.018877114843750053 0.027457622222222176
1 0.68287427421875 0.5544914194444444 0.009438556249999942 0.01983050277777778
6 0.6841613499999999 0.5659320958333334 0.008580506249999953 0.021355927777777752
