9 0.5554054878906249 0.4406397458333334 0.011700700781250007 0.022881366666666656
9 0.555990522265625 0.41463818958333337 0.024571474218749945 0.0291217458333333
9 0.5565755582031249 0.37615587986111115 0.02340140234375001 0.03536212083333328
9 0.5074326124999999 0.4375195611111111 0.014040842187499968 0.024961497222222247
9 0.5056775046875 0.4198385 0.01287077187500003 0.010400625
2 0.41967734804687495 0.4749618041666666 0.01638098359375002 0.024961494444444475
2 0.32373159687499997 0.47288168124999996 0.03510210468750001 0.029121745833333375
2 0.24124164921875 0.4801621173611111 0.036272176562500036 0.03952236805555553
2 0.21491506953124997 0.4822422409722222 0.02574154375000002 0.03536212083333328
2 0.159921771875 0.4728816798611111 0.011700703125 0.0166409986111111
2 0.182153103125 0.49056274097222224 0.05148308749999999 0.060323615277777756
2 0.12832987812500002 0.49056274097222224 0.0585035078125 0.0728043680555555
2 0.072166509375 0.49056273819444446 0.06786406875 0.07696461805555559
2 0.285704314453125 0.4812021777777778 0.02925175390625001 0.03328199444444443
2 0.403296366015625 0.47288167847222223 0.02106126328125004 0.033281995833333314
2 0.468174778007001 0.47808199236111115 0.012991734610998052 0.022881368055555542
2 0.261717875 0.47496180486111117 0.014040840625000018 0.04160249583333327
2 0.02262744765625 0.4916028020833333 0.0452548953125 0.09152548749999999
