9 0.41587479453125004 0.3912550909722222 0.015129864062499988 0.05123340416666669
9 0.48467965429687504 0.3694808930555556 0.02593690859375002 0.015370019444444457
9 0.57401790078125 0.38549133333333335 0.01008657656249996 0.02689753611111109
9 0.195175250390625 0.4380455986111111 0.006484227343749982 0.015370022222222227
2 0.09222012578125 0.4630218805555556 0.017291273437499987 0.021774194444444502
2 0.11275351250000001 0.46558355208333335 0.02665737812500001 0.021774195833333385
2 0.14337347695312502 0.46430271805555556 0.034582549218749994 0.016650855555555528
2 0.326733023828125 0.4639825083333333 0.014409394531250008 0.03586338333333335
2 0.33537866054687504 0.4678250125 0.020173152343749966 0.04867173333333336
2 0.34078218359375 0.47166751805555557 0.013688924999999985 0.05379507222222218
2 0.34762664609375 0.47102710000000003 0.01729127343750001 0.052514236111111105
2 0.35672166901274605 0.474873789587426 0.02107192552549213 0.06533095695262976
2 0.37822225683110544 0.47631576589294505 0.04389994803721078 0.0784615928970011
2 0.39733905781249995 0.48127378125000003 0.05907851874999994 0.08069260972222222
2 0.646557261328125 0.48260036875 0.19092447890625 0.10887098194444446
