2 0.9503878519531248 0.6043118812499999 0.09823533203124998 0.23008204861111106
2 0.824864927734375 0.5419402430555555 0.19802995390625 0.15246400833333335
6 0.696998852734375 0.5250964930555556 0.054566753906249946 0.0866495861111111
8 0.485329317578125 0.5301589326388889 0.007016810156249953 0.0180184736111111
2 0.17386094453125 0.5010521680555555 0.08108313124999997 0.06514371111111106
2 0.242079923828125 0.5086753680555556 0.05691412109374996 0.0582135305555555
2 0.27833343984375 0.5135264965277778 0.02650794687500002 0.03742298194444445
2 0.3395356109375 0.5246147861111111 0.02884688281250001 0.029106766666666634
2 0.360586038671875 0.5301589326388889 0.013253972656249991 0.020790545833333358
2 0.373840012109375 0.5322379868055556 0.011694682031250014 0.0166324347222222
2 0.30757014570312496 0.5169915868055556 0.021050428906249995 0.033264873611111134
2 0.09262185765413851 0.50728933125 0.07094773984375 0.05544145694444443
2 0.0261181234375 0.5114474409722222 0.052236246875 0.05266938472222217
9 0.623823615625 0.5171386069444444 0.018457029687500005 0.02031249722222223
1 0.691138762890625 0.5017011048611112 0.02144577265625003 0.09878052916666659
