7 0.133319377734375 0.6160931916666667 0.06393093046874998 0.13721760555555554
2 0.12123487460937499 0.55995871875 0.05067695859374999 0.06375768472222221
6 0.255723720703125 0.6292605395833333 0.034304402343749985 0.08593425694444443
2 0.9008803625 0.7215590839151651 0.19725030937499993 0.37309804838588584
2 0.7285295682643582 0.6334789062687687 0.1503732959037163 0.16367281809309303
2 0.65996990703125 0.6084699923611112 0.08498135781249996 0.1302874236111111
2 0.6260787824661962 0.5990542447334922 0.051409696005107454 0.09759556724476215
2 0.5874628765625001 0.5772841729166667 0.028846882812499964 0.05682749305555556
2 0.562904044140625 0.5772841701388889 0.02027078203125008 0.04296712916666665
2 0.5299071675781251 0.5689679534722222 0.031185819531249947 0.045739204166666686
1 0.48351826171875 0.5571866437499999 0.008576099999999975 0.02217658472222226
6 0.483908084375 0.5765911541666666 0.00779645468750001 0.022176583333333375
2 0.47884038867187506 0.564116825 0.007016807031250049 0.022176583333333375
6 0.20163580234374998 0.6237163916666667 0.029626528124999996 0.08870633055555556
2 0.47256261132812494 0.5653048618055555 0.008576100781249974 0.02494865694444444
2 0.460867927734375 0.5659978812500001 0.014813263281249966 0.029106765277777828
2 0.4417666136718751 0.5680769368055556 0.023389364843750027 0.036036948611111085
2 0.402394515625 0.5618397701388889 0.05535482968750003 0.03465090972222226
2 0.41097061796874995 0.5743140993055555 0.035084048437499994 0.040195056944444474
9 0.602763406640625 0.5016461763888889 0.011694682031250014 0.023562619444444502
9 0.22648701445312502 0.4553129659722222 0.01637255546875003 0.0540554208333333
2 0.513032157963784 0.5995975631169772 0.06073612765836307 0.09841999840804563
2 0.6073612765836313 0.5929088253610906 0.031174295612257107 0.08313145496601912
