2 0.41171547382812507 0.4152856368055555 0.009298467968749956 0.016530609722222225
2 0.40448333164062494 0.4152856368055555 0.01343111953124998 0.023877545833333378
2 0.441677203125 0.41620400486111114 0.00929846718749996 0.01469387361111111
2 0.363156810546875 0.4180407375 0.013431119531250025 0.014693874999999995
2 0.3512754359375 0.4171223708333334 0.012397957812500016 0.01285714166666665
2 0.333711662890625 0.41620400486111114 0.012397955468750022 0.01469387361111111
2 0.323896615625 0.4235509388888889 0.013431120312499979 0.018367341666666686
2 0.310982076953125 0.4263060416666667 0.022729586718749983 0.031224483333333334
2 0.291868559375 0.42814277638888887 0.019630096874999968 0.031224480555555486
2 0.27430478867187497 0.4299795097222222 0.02996172890625002 0.031224483333333334
2 0.24744255117187502 0.4336529777777778 0.04235968515624999 0.038571419444444484
2 0.21541449609375 0.43824481458333336 0.02996172812500002 0.0440816236111111
2 0.17925378828125002 0.44926522152777787 0.0671555984375 0.07346937083333331
2 0.11829716796875 0.45753052569444447 0.05062498750000001 0.060612231944444435
2 0.083169625 0.4713060340277778 0.0444260125 0.06612243472222225
2 0.45386852890625 0.4134489027777778 0.017563771875000002 0.02755101388888895
2 0.42342655039334964 0.41718350907341 0.015277419248826796 0.021791414606664557
2 0.382786907421875 0.4224488888888888 0.02686223828124996 0.044081622222222214
2 0.035902415234375 0.48857132777777773 0.07180483046875 0.17265302500000002
