2 0.47690747499999997 0.4263157930555555 0.016986020312500027 0.024868425000000055
2 0.4509288546875 0.4414144756944444 0.01298930937499998 0.03730263194444442
2 0.400969973828125 0.4414144770833333 0.014987664843750003 0.0337500013888889
2 0.429446537109375 0.44319079097222225 0.045962171093750025 0.06927631527777775
2 0.340020137890625 0.46361842430555555 0.05495476953125 0.08171052916666663
2 0.30355015390625 0.4698355291666666 0.043963815625 0.09769736944444445
2 0.23210895312500002 0.4733881625 0.12889391562500002 0.17585526666666668
3 0.09981783984375 0.4902631597222222 0.1996356796875 0.33394737222222226
2 0.48939719492187506 0.43875000277777776 0.009991777343749942 0.02842105277777773
2 0.49739061484375 0.4423026347222222 0.01199013124999997 0.03197368611111118
2 0.51437663515625 0.44319079097222225 0.035970393749999996 0.04440789305555555
2 0.587816191796875 0.4707236868055555 0.08692845390625 0.1598684208333333
2 0.6917306664062501 0.5266776340277778 0.23880345625000005 0.2646710541666667
