8 0.364707387109375 0.0907030548611111 0.014501942968749982 0.053906215277777766
8 0.5499367515625 0.28757791875 0.013183584375000024 0.035156226388888906
8 0.40293978203125 0.29109354375 0.009228509375000016 0.02812498194444445
8 0.33372596328125 0.26882793194444443 0.010546868749999971 0.03515622500000003
8 0.106309126171875 0.007499989583333333 0.014501942968749992 0.014062490277777777
9 0.0357769484375 0.02507810138888889 0.023730451562499998 0.04453121944444444
9 0.046982996875 0.2301560847222222 0.025048810937500006 0.037499974999999984
9 0.5334572703125 0.21140609652777778 0.011865224999999934 0.05624995972222224
9 0.55059593046875 0.15984363333333335 0.02241209375000004 0.023437483333333335
0 0.81690434140625 0.3895309756944444 0.027685528125000046 0.13593740416666666
0 0.7147315609375 0.3907028493055555 0.021093735937500035 0.12890616249999998
0 0.6784767023437499 0.3860153527777778 0.02504881249999995 0.13828115555555556
0 0.638925948828125 0.3942184722222223 0.027685528906249958 0.12187491666666664
0 0.596738476953125 0.3848434777777778 0.019775375781250038 0.11718741944444441
0 0.726596787109375 0.3836716041666667 0.018457017968749944 0.10078118055555557
0 0.69363782421875 0.3883591013888889 0.021093735937500035 0.1289061611111111
0 0.6639747593750001 0.3883591013888889 0.014501943750000024 0.1289061611111111
0 0.6521095324218751 0.3953903465277777 0.01713866015625003 0.1148436708333333
0 0.6145363160156251 0.37781223472222225 0.026367169531250047 0.11249992222222226
0 0.5571877234375 0.3426560083333334 0.01186522656250002 0.023437483333333335
2 0.224302210546875 0.3496872527777778 0.042187471093749984 0.06093745833333336
2 0.323179095703125 0.3496872513888889 0.015820302343750026 0.042187469444444445
2 0.30867715156250003 0.34851537847222225 0.026367168750000003 0.06328120694444447
2 0.38958294103028035 0.36207943091544786 0.022065578935560694 0.03146560483577099
2 0.35350133984375 0.3578903729166667 0.04746090468749999 0.0679687041666667
2 0.273081473828125 0.3508591270833334 0.06328120703125002 0.08671869027777782
2 0.46819852617187496 0.3824997291666667 0.21357407265625006 0.1265624111111111
2 0.9487401894531249 0.40359346666666673 0.10151360234375009 0.1453124
2 0.0166013171875 0.3355447902777778 0.033202634375 0.0383886
