8 0.4595481093749999 0.2366236875 0.011208492187499974 0.019926205555555555
8 0.484066681640625 0.23413291319444443 0.009807427343749975 0.01992620694444444
2 0.46445182382812505 0.27024915624999996 0.012609552343749986 0.017435426388888883
2 0.44904015078125 0.2714945472222222 0.012609553124999983 0.02490775555555555
2 0.435730068359375 0.27647609791666666 0.014010613281249995 0.02988930972222224
2 0.42312051367187503 0.2802122597222222 0.014010613281249995 0.037361633333333324
2 0.4126125546875 0.288929975 0.01821379687499993 0.0498155111111111
2 0.39737089837305806 0.28892997569444445 0.031884378253883884 0.05479706527777779
2 0.36777859414062497 0.30761079444444445 0.03782865390625001 0.062269391666666646
2 0.309634548046875 0.32380083472222226 0.08686579921875 0.11955723055555557
2 0.49387411171875 0.27024915972222224 0.012609551562499988 0.022416980555555535
2 0.501579948828125 0.2802122597222222 0.01401061484375008 0.037361633333333324
2 0.5338043578125 0.29515691666666666 0.058844574999999996 0.08219559444444448
9 0.511387378515625 0.23911446458333335 0.011208491406249976 0.01992620694444444
2 0.6114204726477057 0.34621781597222223 0.13281524529541136 0.17933584583333334
2 0.213661849609375 0.37237095902777784 0.18073690859375 0.17684506805555555
9 0.32224410117187496 0.17559968333333334 0.016812735156250015 0.04732473888888891
9 0.31944197812499997 0.20922515555555554 0.011208489062500026 0.014944650000000021
2 0.4797031171061727 0.2717658044524267 0.011249064225154547 0.0154871700159645
