3 0.039967121875 0.3968551055555556 0.07993424375 0.0623877027777778
2 0.18180166210937498 0.42209181097972975 0.06921135703125 0.07473529695945942
2 0.41329213625139294 0.4051438223242551 0.05659765994721151 0.0881353929028043
2 0.3583839983371452 0.3913977977496614 0.017546541406249984 0.02721120661043383
2 0.30837240774645447 0.3936856820903668 0.03380972330540892 0.052582872514066833
3 0.31535033828125 0.3828320268669285 0.036067890625 0.058603431511634774
9 0.152070023828125 0.371726725 0.005848846093749982 0.02599487222222226
9 0.20519705234375 0.36392826180555554 0.008773270312499993 0.02772786527777779
9 0.24175234609375 0.32753543611111113 0.0116976953125 0.027727866666666677
9 0.41429333476562497 0.3552633041666667 0.00974807890624998 0.017329916666666674
2 0.36948000858488256 0.390531301916328 0.008656296221150184 0.021813856709232957
