9 0.093581553515625 0.33879988402777783 0.04094192890625 0.02252889305555558
9 0.8095779175781249 0.35266381597222224 0.047765586718749996 0.019062909722222247
9 0.771560409765625 0.3240694527777778 0.01852134921875006 0.017329916666666674
9 0.7627871394531249 0.34919783263888887 0.018521349218749972 0.025994876388888914
8 0.09553116875 0.2894096180555556 0.015596925000000006 0.05892171944444446
8 0.07018616562499999 0.3665277493055556 0.019496157812500005 0.029460856944444478
8 0.10089261210937499 0.3708602277777778 0.008773271093750012 0.027727866666666677
8 0.748165021484375 0.38732365069444447 0.02047096484375004 0.029460859722222288
8 0.790081758984375 0.2911426097222222 0.014622117968750015 0.0831836027777778
8 0.67164260625 0.07278565208333333 0.01949615781249996 0.11091147083333333
8 0.6458101980468751 0.05892171944444444 0.018521349218749972 0.09358155555555556
8 0.63118808046875 0.06758667777777777 0.008773271874999988 0.06931966944444445
0 0.710634919140625 0.509499567361111 0.03509308359374996 0.11091147083333329
2 0.349468612890625 0.49130315416666664 0.06336251015625001 0.09184856111111105
3 0.37968765625 0.4375804097222223 0.05166481562500005 0.1230424111111111
2 0.41819256562499996 0.46877426319444443 0.017546540624999985 0.025994876388888914
2 0.461571515234375 0.47050725416666667 0.02047096484375004 0.022528894444444426
3 0.425991028125 0.46270879097222223 0.017546540624999985 0.03465983472222215
2 0.44694939765625 0.4687742618055556 0.010722887500000056 0.015596926388888871
