2 0.020881403181658473 0.8161932246620621 0.041762806363316946 0.2759104324303223
2 0.017925887109375004 0.6614727701388888 0.03414458671875 0.09226625972222224
8 0.019974562109375 0.5376417347222222 0.019120967968750003 0.0339928305555556
8 0.7684239070312501 0.591059045138889 0.016389401562499996 0.029136715277777843
8 0.751351613671875 0.5940975340277778 0.012292050781250018 0.03035757083333329
8 0.24054859374999998 0.4587298013888889 0.009560484375000034 0.036420891666666615
8 0.517802638671875 0.5364277055555555 0.004097349218749979 0.03156477222222228
8 0.52872890703125 0.5364277055555555 0.006828917187499961 0.021852536111111064
8 0.25284064453125 0.4672280097222223 0.009560484374999989 0.043705072222222204
8 0.2473775109375 0.5194312888888889 0.009560484375000034 0.05584536944444444
8 0.523265772265625 0.5327856159722223 0.0068289179687500475 0.0388489513888889
9 0.233036783984375 0.5206453180555556 0.013657833593750012 0.004856119444444494
9 0.24532883593749996 0.5667784493055555 0.021852535937500008 0.01456835694444444
8 0.22825654257812503 0.5995572527777778 0.015023617968749958 0.016996416666666646
0 0.090862321952622 0.639610547906656 0.023703214422423135 0.08327478506078821
0 0.13290730944001541 0.6406138585700389 0.019752678685352597 0.08528140638755417
0 0.006207984729682249 0.6029041583075846 0.012415969459364498 0.05400767505149733
0 0.03841263984375 0.6347641159722223 0.020486753125 0.08741014305555553
0 0.052070473828125 0.6359781472222222 0.012292050781249998 0.0801259638888889
0 0.15828052784531932 0.643262325 0.012934166184361384 0.06070148611111116
0 0.8112707317198394 0.6852611830905819 0.025396301166881942 0.11036417297212893
0 0.8490830023460859 0.6849661065670353 0.03555482163363468 0.12783361186592931
0 0.87589020913335 0.6998050466256076 0.02144576542981138 0.09329960952656262
2 0.24309985844523369 0.6451287565552624 0.11372063310953258 0.08026485307063914
2 0.45374724751495704 0.7094550354785496 0.18511081739416158 0.304777648734877
8 0.04387577265625 0.5424978534722222 0.009560484375 0.024280593055555577
2 0.086215060546875 0.6359781451388888 0.08331279296875001 0.06555760694444446
2 0.3656176477653173 0.6796832166666666 0.04532715792779944 0.14325551111111107
4 0.6038990585416945 0.6285077408783574 0.11619571708338886 0.18173200953449245
4 0.7246411266283642 0.6496479024600489 0.1049713781564452 0.14145830769787548
8 0.7363279949218751 0.44173338472222223 0.015023617968750003 0.08498208333333339
9 0.777984390625 0.48665248680555556 0.019120968750000068 0.029136715277777763
9 0.779350175 0.5145751701388889 0.030047235937500007 0.012140298611111117
9 0.787544874609375 0.5267154680555556 0.021852535156249964 0.012140297222222231
9 0.74862004609375 0.5303575569444444 0.028681453125000013 0.01942447500000005
3 0.6368827970405835 0.6936513194444445 0.15971451622727972 0.23980263333333324
2 0.3200845736646295 0.6658949829148783 0.037065550454258966 0.0395258313924657
