8 0.43260284765624996 0.46921842152777776 0.007910150000000015 0.02812498194444449
8 0.34625036796875 0.4598434270833333 0.009228507812500019 0.02812498194444449
8 0.327134170703125 0.462187175 0.007910150781250014 0.032812477777777835
9 0.08917046718749999 0.4141403340277778 0.02768552812499999 0.021093737500000032
9 0.105649948046875 0.33445288819444446 0.023730452343749996 0.07734369583333335
9 0.9164404062500001 0.2020311041666667 0.052734339062500094 0.2343748388888889
9 0.47149442304687506 0.45515593055555553 0.011865227343750017 0.018749988888888916
2 0.2379030163658924 0.5305542204068081 0.0487821141227498 0.06451057010558527
2 0.38756248611048855 0.5473571455373926 0.038631640830012026 0.05765967086796293
2 0.35416051953125 0.5207808847222222 0.0250488109375 0.03281247777777775
2 0.2918086611453168 0.5360438068806208 0.06010415114686647 0.07259908623875853
2 0.4225396896732395 0.5619064946602769 0.058975193408979096 0.09162621432055368
2 0.5278766586113306 0.5733203790759941 0.06785063902733893 0.08982019272190571
2 0.02374010079313476 0.552776398825771 0.047117660961269514 0.1213528135710854
