8 0.29472497382812496 0.019905188888888887 0.014395725781250012 0.0383886
8 0.28392817929687497 0.019905188888888887 0.011996436718749993 0.0383886
8 0.321117134375 0.019549744444444444 0.0215935875 0.03909948888888889
8 0.24194064726562498 0.3099523895833333 0.021593586718750002 0.03838860138888889
9 0.19395489765625 0.18732214236111108 0.028791450000000007 0.01492889861111111
9 0.229344387109375 0.22144533888888887 0.01799465546875001 0.023459700000000003
9 0.22034705937500002 0.2427723388888889 0.01919430000000002 0.02772510000000001
9 0.69840509453125 0.3376774909722222 0.02279323125000001 0.04265400138888885
2 0.565333841309888 0.44871645240829516 0.01129567052364111 0.021558099978435604
2 0.552659585301541 0.4528279156025942 0.008233686497325454 0.013335173589837664
2 0.5394526265047481 0.4501023791923237 0.01108768054304905 0.024945703547074375
2 0.5273391954219152 0.4524121266903128 0.019427632593669576 0.030181339969809783
2 0.586838226171875 0.4464451902777778 0.010796794531249976 0.02132700000000006
2 0.5974796270405005 0.45302807240398235 0.01837680863387945 0.02648566568779237
2 0.6254526580030622 0.45425996383132156 0.040039906631124375 0.05851484279861086
2 0.6363945666917135 0.46564345415800357 0.040330134945926945 0.05545812498267371
0 0.7436967043453715 0.4619592852521914 0.02113463730028764 0.07884105134970736
8 0.6613380421875 0.41859346180555557 0.01186522656250002 0.01874998750000003
8 0.51829614921875 0.3543747493055555 0.007910151562500013 0.018749987499999992
8 0.593442580859375 0.3496872520833333 0.007910150781250014 0.018749987499999992
