8 0.33979909335937497 0.47559210138888897 0.004798574218750007 0.02132699999999998
8 0.27861726328124997 0.48838830138888895 0.007197862500000029 0.02132699999999998
8 0.33380087382812496 0.47452575 0.004798575781250003 0.027725099999999968
8 0.213236677734375 0.5331750027777779 0.010796794531249976 0.017061600000000017
9 0.129111641015625 0.5059068951388889 0.014395725781250012 0.01492889861111111
9 0.448216879296875 0.5219021430555556 0.014395725781250058 0.034123200000000034
9 0.4266232914062501 0.5155040430555555 0.00959715000000001 0.012796199999999973
9 0.4098282796875 0.5080395937500001 0.00959714999999992 0.027725098611111085
2 0.3605800972292017 0.5652742459001431 0.011870861645903341 0.023372525133619447
2 0.37932691439183197 0.5607101459896446 0.008218404028836002 0.02704053086817816
2 0.388234691015625 0.5643502753806033 0.016795011718749996 0.0343207896500955
2 0.4039213064925907 0.5690567568548954 0.02347193667500993 0.037648279569866994
2 0.41942542929687504 0.5781140333333333 0.03359002578124999 0.040521300000000024
2 0.5863966115537146 0.5916094361585045 0.07520238777406503 0.11448725555976477
2 0.6408902808956648 0.5633100232508578 0.04709417399552809 0.05642200555985973
2 0.69714295859375 0.6227207911112693 0.1763476328125 0.15964836268751664
2 0.5231946140625 0.6083566244639714 0.11156687031250004 0.1319546904222526
2 0.474009219140625 0.5855784854166667 0.025192519531249947 0.059715601388888866
2 0.8785450181488372 0.648545218758561 0.24290996370232562 0.3264072708504551
2 0.3465517658275625 0.568758056944397 0.02047558301624619 0.03460554999990511
9 0.21441452148437498 0.5099996520833333 0.011865225781249978 0.014062490277777803
2 0.21045944609375003 0.574452732638889 0.014501943749999979 0.02109373472222218
2 0.38929477525651207 0.5674051688156863 0.013821116281296276 0.0318511321708885
