8 0.36602574531250004 0.44695281041666673 0.009228509374999971 0.02109373472222218
8 0.332407604296875 0.4434371868055556 0.010546867968749974 0.02812497916666664
8 0.327134170703125 0.40476533888888894 0.010546867968750017 0.030468727777777756
8 0.27637736953125003 0.39656222083333337 0.009228509375000016 0.03281247777777775
9 0.31131386835937497 0.3754684847222222 0.015820300781249984 0.023437483333333377
0 0.318564840625 0.52664025625 0.01186522656250002 0.03046872916666664
2 0.29239393764506816 0.5418922778150523 0.03783986220986364 0.050350996110766426
2 0.47735635160566525 0.5319871638260492 0.01567893289883058 0.0272390634697589
2 0.5207149377500219 0.5328125899917993 0.05246615066050149 0.04374758678476422
2 0.6521126233007344 0.5306361239712432 0.03017932860456165 0.04149710949987464
2 0.6047536392504713 0.5344634423232999 0.08125288819104223 0.05365270077376749
2 0.9295465003824654 0.5253837545000469 0.08452992267256895 0.05365270077376749
2 0.9786955869997971 0.5268403185522854 0.04260882600040557 0.05404127733229163
9 0.9379135242187499 0.4407595833333333 0.028067237499999998 0.044353166666666666
2 0.6973819317882594 0.5142405012624183 0.07800277266340058 0.051176422276516816
