8 0.48236742578124997 0.41938399722222225 0.012672501562500039 0.02426188611111115
8 0.38244962226562496 0.42025049166666667 0.009748078906250023 0.01906290833333328
8 0.615428694921875 0.44537887430555556 0.00974807890624998 0.02426188472222219
8 0.430215205078125 0.48523768194444444 0.00974807890624998 0.013863933333333339
8 0.330784804296875 0.4930361472222222 0.013647308593749985 0.015596922222222215
8 0.471157134375 0.4817716979166667 0.011697693750000049 0.013863931944444453
9 0.37286400078125 0.48627748958333333 0.008773270312499993 0.01732991527777775
9 0.518597774609375 0.4975419347222222 0.011697696093750043 0.019062911111111133
9 0.7574256968749999 0.4056933743055555 0.019496156250000053 0.04332479583333332
9 0.48779383984375 0.5053403972222222 0.009748079687499977 0.013863933333333339
9 0.405909996875 0.51660484375 0.00974807812500007 0.012130943055555576
2 0.30464318810095603 0.54974933488259 0.05169628713941208 0.0598948691700877
3 0.580142803125 0.5014478354166667 0.10554351718749996 0.14333177361111116
8 0.42854988359375 0.5070238618055556 0.011697692187500053 0.013863934722222224
8 0.45779411953124993 0.5035578784722222 0.007798462500000003 0.013863934722222224
