9 0.53900917265625 0.3663573763888889 0.015820309375000008 0.018749997222222228
9 0.4928666003906249 0.39838862291666666 0.011425778906250007 0.029687498611111116
9 0.51396034765625 0.36557612638888887 0.011425779687500004 0.02031249722222223
2 0.55658729609375 0.40307612291666667 0.012304685937500004 0.014062498611111115
2 0.5596634683593751 0.41870111875 0.013183591406250006 0.010937498611111115
2 0.5662552652343751 0.4319823673611111 0.010546875781249998 0.024999998611111116
2 0.57592323125 0.44291986805555555 0.015820310937500005 0.02812499722222223
3 0.57636268359375 0.40698236944444444 0.014941403125000008 0.02812499722222223
2 0.54604042265625 0.4437011152777778 0.04042968281250001 0.06093749166666669
2 0.525386128125 0.45776361736111115 0.05537108906250001 0.04218749861111112
3 0.6318224585735444 0.40923427001008 0.09555339651266567 0.18924617386872886
2 0.6857586869677881 0.46386666160258394 0.030582464689048638 0.04990142750945223
2 0.502397173985452 0.6203974286586839 0.212091170779096 0.3012947954604101
2 0.7738516932869792 0.5477528035918794 0.19370851313645857 0.24440868767865503
2 0.38827676953125 0.40463862222222224 0.009667967187500005 0.0140625
2 0.37597208359375 0.40541987222222226 0.00791015625 0.015625
2 0.369380287890625 0.4030761215277778 0.010546874218750002 0.010937498611111115
2 0.36015177421875 0.4038573729166667 0.00966796875 0.015624998611111114
2 0.353120525 0.40463862222222224 0.007910154687500004 0.0140625
2 0.34740763476562503 0.4062011208333333 0.012304686718750003 0.01718749722222223
2 0.361964525038705 0.42252192197040667 0.017578122656249962 0.0140625
2 0.391352940625 0.4210448666666667 0.015820309375000008 0.015624994444444458
2 0.32982951171875 0.41870111736111115 0.024609371875000008 0.0359374902777778
2 0.311811934765625 0.40776362083333334 0.014941403906250006 0.01718749722222223
2 0.280171313671875 0.41635737083333335 0.021972653906250007 0.02499999722222223
2 0.29906779609375 0.42495111597222224 0.02636718437500001 0.023437493055555574
2 0.256440848828125 0.4163573701388889 0.009667966406250006 0.015624998611111114
2 0.24193889687499998 0.4116698701388889 0.015820309375000008 0.012499998611111115
2 0.21776897929687503 0.4171386201388889 0.025488277343749966 0.023437498611111114
2 0.19579632539062503 0.4171386201388889 0.020214841406250027 0.023437498611111114
2 0.24721233476562499 0.43276361736111113 0.04394530703125001 0.023437498611111114
2 0.131196723828125 0.42416986875 0.03691405859375001 0.031249995833333342
2 0.10570844648437501 0.4194823701388889 0.012304686718750013 0.021874998611111116
2 0.0806596203125 0.4374511166666667 0.0624023359375 0.04218749444444446
2 0.036714313671875 0.42651361736111115 0.043066402343750004 0.026562495833333345
2 0.011545634374999999 0.42026362083333335 0.023091268749999998 0.0296875
2 0.061285775571489856 0.5069823590277778 0.12257155114297971 0.14999998194444442
2 0.40585489257812507 0.4218261194444445 0.009667966406250006 0.0140625
2 0.4150834078125 0.4226073680555556 0.010546875 0.012499997222222229
2 0.429585358203125 0.4210448680555556 0.009667966406249917 0.012499997222222229
2 0.12456067759686773 0.4220816698564008 0.03656379968596901 0.036401293909586956
