2 0.557006452734375 0.4412106340277778 0.029003885156250055 0.05624995972222224
2 0.46524871562500003 0.4443746909722222 0.01186522656250002 0.028124981944444412
2 0.36419652734375 0.4400387597222222 0.015820303125000025 0.03281247777777775
2 0.28641337734375 0.44355438263888897 0.04482418749999999 0.0398437236111111
2 0.503151521875 0.46341765625 0.0768603234375 0.11472649583333332
2 0.33684058906250003 0.4412106333333333 0.039550751562499986 0.0515624638888889
2 0.3889157484375 0.43886688541666674 0.0250488109375 0.04218747083333333
2 0.44560516093749997 0.4400387597222222 0.025048810937500044 0.035156224999999985
3 0.6306372151393581 0.45045872556306304 0.12115800215371611 0.11533186554054062
2 0.6795608108108109 0.4712378543543543 0.08209459459459464 0.10283606906906904
2 0.7945663328969594 0.48230203590465476 0.18457018593750005 0.17901848622372374
2 0.9221917488281249 0.4996090465277777 0.15424794140625 0.31640603194444444
2 0.14777896999577703 0.47044891848723724 0.23755016811655402 0.2302733341966967
9 0.26050763125 0.3757028743055555 0.01318358593750002 0.03046872916666664
9 0.6060494046875 0.3592966361111111 0.009228507812500019 0.030468730555555566
8 0.4544381796875 0.39796848333333334 0.006591792187500012 0.018749986111111148
8 0.420029016015625 0.38367162291666673 0.00527343359375001 0.02109373472222218
8 0.39451877187499995 0.3843747368055555 0.006591792187499968 0.021093737499999952
