9 0.48886613476562496 0.5497049701388889 0.010722886718750057 0.020795901388888892
9 0.48837873085937494 0.5289090694444444 0.009748078906250068 0.013863933333333339
2 0.5442523541453321 0.5884314311874258 0.011189370252177344 0.019303713571489092
2 0.515673349609375 0.5843648048611111 0.015596925781250003 0.017329918055555518
2 0.492277962109375 0.5869642916666666 0.01754654140625007 0.015596927777777757
2 0.561001916015625 0.5826318131944445 0.018521349218749972 0.013863934722222224
2 0.5819602839843749 0.5808988208333333 0.015596925781250003 0.013863933333333339
2 0.16766695 0.5886972854166667 0.05069000781249999 0.04679077638888892
2 0.532245084375 0.5878307888888888 0.02339538750000001 0.031193852777777822
2 0.6711113516501209 0.6063985551077099 0.0852314881290293 0.11394995702887382
3 0.40795708359375 0.5756998465277778 0.02631981250000002 0.034659834722222234
3 0.39187275429687496 0.5687678798611111 0.023395388281249964 0.04852376805555557
3 0.35483005546874996 0.5644354 0.05848847031250002 0.057188727777777774
3 0.304140048046875 0.5670348875000001 0.06238770234375002 0.0589217194444445
3 0.23200426640625 0.5618359125 0.14037232968749996 0.07625163611111113
2 0.03021904375 0.58696429375 0.0604380875 0.06758667916666662
3 0.0733761666706273 0.5477941871763018 0.1467523333412546 0.13206295342517427
