2 0.5336486564167177 0.5496595380347625 0.025082766584574756 0.05278187616890098
2 0.49346504056183776 0.5573948129905498 0.032761164518628226 0.06279223199403737
2 0.6419987214843751 0.5305231555555555 0.03520281328125004 0.0339735083333333
2 0.672675460546875 0.5296291138888889 0.026150661718750003 0.035761588888888855
2 0.5722965926847869 0.5575978612911429 0.06859368821087788 0.10788775277983491
2 0.37094594594594593 0.6504504504504504 0.25743243243243236 0.38918918918918916
2 0.789243190382179 0.5864864864864864 0.16272983545185804 0.18918918918918917
2 0.9061674142314189 0.6144144144144145 0.18665915278716216 0.36396396396396397
2 0.23465188359375003 0.5734370597222223 0.037214403124999997 0.06258277777777785
2 0.1897015033334078 0.5829853168580776 0.07074904872627812 0.07924369632996636
2 0.13632147848306175 0.59771369514431 0.044851321788533925 0.057648141336075695
2 0.04178719964110742 0.6034906876761377 0.08357439928221484 0.07753896258671623
2 0.09087057699732884 0.6037402812344832 0.047314607001042265 0.058172891681447604
