8 0.44187266171874995 0.37417333194444446 0.015546264062500014 0.025511819444444386
8 0.43350159648437503 0.40606310416666663 0.010762797656250012 0.017007877777777795
8 0.46758378984375 0.41350405208333335 0.009566932812500007 0.010629923611111123
8 0.37071860624999997 0.3858662472222222 0.007175198437500007 0.019133863888888904
8 0.5082432515625 0.4166930291666667 0.009566931250000011 0.017007877777777795
2 0.397625601953125 0.4698426506944445 0.02989666171875003 0.04677166527777775
2 0.4897073203125 0.4740946208333333 0.02272146406250002 0.021259849999999938
2 0.46100652656249996 0.483731304159225 0.029896662500000025 0.040533216651783256
2 0.31178604774960295 0.4852560395833333 0.0704838533117059 0.12118113472222218
2 0.237379494140625 0.50757888125 0.13274117890625 0.14456696805555552
2 0.5697351327929789 0.5341536923611111 0.17081842496095795 0.2529921958333333
9 0.851157962109375 0.36088592708333334 0.07055612109374998 0.11480318194444443
9 0.772230775390625 0.33962607708333337 0.015546263281250017 0.06165355694444447
