2 0.4586787088460847 0.37929893776408213 0.07050082567538603 0.1533015075864198
3 0.5419696468647471 0.3515887076943174 0.08193088752050573 0.16941595983307925
4 0.7980881032833615 0.37383946880630625 0.40023026062077705 0.7442129542792792
2 0.059463277734375 0.47743922222222224 0.11892655546875 0.2582157666666666
2 0.11502732617187501 0.45316853950982894 0.16961656640625 0.16399473667731554
2 0.202760031640625 0.42804895555555555 0.12867463515625002 0.13517335277777778
2 0.274408408984375 0.4237164756944444 0.061412894531249984 0.08838257916666671
2 0.29341716093750003 0.4081195520833333 0.050690007812500014 0.0710526625
2 0.32266139648437503 0.4089860493055555 0.03314346640625003 0.055455734722222164
2 0.49812680976562496 0.3836392256286715 0.013647308593750029 0.02989774318710161
2 0.59706980546875 0.38732365069444447 0.02047096562500004 0.03639282638888888
8 0.3918727546875 0.2998075694444444 0.007798462500000003 0.01386393611111111
8 0.34800640078125 0.3500643298611111 0.005848848437500021 0.013863934722222224
2 0.42062958593750005 0.39252262777777785 0.012672501562499949 0.022528891666666655
2 0.409906698046875 0.38819014652777784 0.01267250078125004 0.020795901388888892
9 0.14037233046875 0.30933902152777776 0.015596925000000006 0.04332479305555555
9 0.2602736953125 0.28507713819444447 0.01754654218749998 0.032926843055555585
9 0.26953436992187496 0.3275354354166667 0.012672502343749992 0.024261881944444418
9 0.33484726054687497 0.3036982125 0.03159189453125002 0.016640997222222214
