8 0.36466418828125 0.2857826048611111 0.008194701562499995 0.021852537500000026
8 0.45822035546875 0.2760703666666667 0.006828917187499961 0.021852536111111102
8 0.44183095390625005 0.3112772291666666 0.006828917187499961 0.01942447500000001
2 0.45822035585937504 0.3690650451388889 0.031413019531249996 0.04856119027777781
2 0.4261244445312499 0.35571071875 0.021852535937499962 0.03642089305555554
2 0.3981258828125 0.35328265833333333 0.015023618749999957 0.02185253611111114
2 0.414378708203125 0.34599848055555554 0.009833636718749972 0.021852536111111102
2 0.5244608542968751 0.3663941861111111 0.04643663828125 0.06555760833333335
9 0.4810289359375 0.2811692909722222 0.019120968750000068 0.01456835694444444
9 0.50766171328125 0.2775272027777778 0.012292051562500017 0.026708652777777748
3 0.46722972972972965 0.3414414414414414 0.02837837837837833 0.05945945945945949
