9 0.41234371875000003 0.20189353611111113 0.013647309374999939 0.022528891666666655
9 0.52152219765625 0.22702191597222224 0.015596925000000006 0.027727868055555563
9 0.5522286449218751 0.23222089166666665 0.018521349218749972 0.013863933333333339
8 0.42745324062499995 0.20016054444444442 0.006823654687500014 0.03292684166666666
8 0.5069000796875001 0.22702191597222224 0.007798462500000003 0.0311938513888889
8 0.41770516171875 0.26861371805555556 0.006823654687500014 0.017329919444444446
8 0.615591155078125 0.30847252708333334 0.010722886718750057 0.013863934722222224
2 0.9411769750000001 0.40898604722222226 0.11600213281249996 0.3431323611111111
2 0.744265790234375 0.35093082430555556 0.19983560859375 0.2616817513888889
2 0.458647091796875 0.33533389930555557 0.026319811718749975 0.039858809722222215
2 0.42257920078125 0.32753543611111113 0.02047096406249995 0.024261883333333303
2 0.52444662109375 0.34573184930555556 0.027294620312499962 0.02946085972222225
2 0.5049504640625 0.34919783263888887 0.015596925000000006 0.02946085972222221
2 0.21835695742187497 0.31367150208333333 0.03899231328124999 0.034659834722222234
8 0.28340113515625004 0.1794917173611111 0.0070168093749999995 0.02079054583333334
8 0.272875921484375 0.18018473541666669 0.004677872656249971 0.030492801388888897
