9 0.582039651171875 0.2918244395833333 0.02519251796874995 0.010663498611111145
9 0.660616316796875 0.29043374375 0.021593586718749957 0.007882106944444444
8 0.605432704296875 0.28116094027777777 0.004798575781249958 0.023459700000000003
2 0.6294255789062501 0.3451419416666667 0.011996437499999946 0.0191943
2 0.646220592578125 0.3547390902777778 0.021593586718750047 0.034123200000000034
3 0.6054327039062499 0.3291466895833333 0.016795012499999994 0.038388598611111116
2 0.6094323664525341 0.3562077636843354 0.02031027344237719 0.02606382836012118
2 0.57604143203125 0.34981853200124446 0.015595368750000027 0.032812883446933346
2 0.5664442828125 0.36860163958333336 0.03958824375000001 0.05331750138888892
2 0.6754352223875227 0.34128329749556763 0.02554580209995443 0.024273214435579782
2 0.7010668375 0.35629196458333334 0.043861910937499984 0.054290548611111135
2 0.833964838671875 0.3078196902777778 0.027591805468749973 0.034123202777777806
2 0.85555842734375 0.36604346036669294 0.044386820312499964 0.09512053740005257
2 0.8995082374493057 0.3696679888888889 0.10109570302361134 0.1236966
2 0.9576190828459421 0.37565391180038993 0.08427336043097053 0.15273004860077985
2 0.7811211878906251 0.36170702083333334 0.11168551953125005 0.14189786388888892
2 0.327115355078125 0.4027248409722222 0.08397506328124997 0.1045023013888889
2 0.43388364765625004 0.37606608888888887 0.1415579625 0.2218008027777778
2 0.152161060546875 0.4530045366178678 0.30432212109375 0.5456487128753754
