9 0.628779530859375 0.07703388333333333 0.10639828359374999 0.03813558611111111
9 0.7459034484375 0.1342372625 0.043760585937500006 0.027457622222222217
9 0.7634934890625 0.22499995902777775 0.029173723437499976 0.019830504166666665
9 0.78108352890625 0.3325423097222222 0.024883470312500044 0.03661016111111108
9 0.144838944921875 0.30432197569444447 0.04805083671875001 0.02593219583333336
9 0.39627641640625005 0.41389824305555556 0.019735164062499998 0.009152541666666675
8 0.416497796484375 0.40957619305555554 0.003432202343750035 0.016779658333333378
8 0.42164610078125 0.4118643284722222 0.005148304687500005 0.021355929166666718
8 0.477848421875 0.4133897520833333 0.004290253125000021 0.015254234722222215
8 0.48342575 0.41415246319444443 0.006864404687499981 0.016779656944444495
8 0.48580252578125 0.02381103263888889 0.03564337656249998 0.04762206527777778
2 0.45545330742187495 0.4843219409722222 0.010296608593750011 0.02593219583333332
2 0.43357301328125003 0.48661007708333337 0.02145126718750001 0.04576270138888887
2 0.369648238671875 0.48661007708333337 0.01716101484374999 0.03661016249999997
2 0.34863972426545703 0.4944099651438331 0.033491432905914074 0.05220993862099961
2 0.3164490953125 0.4949999055555556 0.03432202812499998 0.05338981944444446
2 0.30229125859375 0.5026270236111111 0.028315671874999993 0.05644066944444448
2 0.2404339021133512 0.5003388888888889 0.09883124577329756 0.10372879166666667
2 0.40171660978614837 0.49243744269380285 0.04605784896952643 0.07897207653823644
2 0.491577237109375 0.4888982125 0.057489396093749964 0.09305083055555556
2 0.5307464708719907 0.4819318674000649 0.017416866743981175 0.027253743133463123
8 0.5137890781250001 0.028488199999999998 0.017937996875000018 0.04677166666666666
8 0.10958621054687501 0.34122056805555556 0.027504928906249993 0.04464568055555556
8 0.13290560624999997 0.34547253680555556 0.023917328125000005 0.048897651388888935
2 0.4602412658884523 0.49270660233964947 0.007620552550658477 0.04135598109363193
