2 0.317022251953125 0.5243438131944445 0.03670694765625 0.04894259583333335
2 0.3705532140625 0.5182259902777777 0.030589120312499985 0.05302114722222224
2 0.51088081328125 0.5322561795872613 0.060413518749999985 0.08477949638103305
2 0.408024889453125 0.5559148069444445 0.08870845390624997 0.12235648611111113
2 0.2560682812036177 0.5503869915851536 0.11362829834473535 0.12525502516302625
2 0.11855311728160259 0.5223932466376571 0.05918394571708402 0.05082875113891063
2 0.022518053701301978 0.5288171114133271 0.045036107402603956 0.050622735946196214
9 0.22501167226562496 0.46006039444444446 0.03747167421874997 0.05981872499999999
8 0.3993696671875 0.47175223541666667 0.0068825515625000385 0.01359516527777771
8 0.440282619140625 0.48194861041666665 0.006117824218750023 0.020392745833333316
0 0.6746717664062499 0.5193353145833334 0.02523602656249997 0.07341389305555555
0 0.650320551953125 0.5220809027777777 0.011470921093749985 0.06525679166666667
0 0.6403790871093751 0.5247999340277778 0.00841200859375002 0.05438065972222227
0 0.631967079296875 0.5247999361111111 0.011470921093749985 0.05709969444444438
2 0.963293053125 0.5404343763888889 0.07341389374999992 0.08836857499999995
2 0.8141891891891891 0.5963963963963964 0.37162162162162166 0.3963963963963964
2 0.4423612391584717 0.5230509315881371 0.023110634061862534 0.05372728602415909
