8 0.20509109960937497 0.10204727152777777 0.025113196093749977 0.08503939305555555
8 0.17041097304687497 0.3525591513888889 0.01793799609375 0.053149625
8 0.37251240625 0.43192925625 0.013154531250000013 0.019133862500000022
8 0.400814586328125 0.43370090833333336 0.010762797656250055 0.021259850000000018
8 0.712138483984375 0.36779537847222216 0.025113196093749936 0.042519695833333294
8 0.676262490625 0.37629931736111105 0.008371065625000007 0.02976378749999995
9 0.450443043359375 0.4344095763888889 0.007175199218750006 0.017007877777777795
9 0.48592042187499995 0.4418505215277777 0.01913386406249993 0.03614174305555551
9 0.5524903109375 0.3504331708333333 0.014350398437500012 0.03614174166666662
9 0.69160945546875 0.2735433847222222 0.009566931250000011 0.021259850000000018
9 0.683437689453125 0.2420079402777778 0.044247061718750036 0.027637808333333305
9 0.4406767957031249 0.46098438680555553 0.010762799218750008 0.010629923611111123
8 0.444862328515625 0.4794095833333333 0.009566932031250008 0.010629925000000009
8 0.3796876046875 0.47161430902777773 0.008371065625000007 0.019133862500000022
2 0.40101390195312503 0.4999607791666667 0.009566932031249965 0.010629925000000009
2 0.388257988671875 0.50350408125 0.014350397656249968 0.01488189305555557
2 0.422140866015625 0.5049213993055556 0.014350397656249925 0.02338583194444447
2 0.43350159687499995 0.5134253395833334 0.02032972968749993 0.04039371250000004
2 0.4388829953125001 0.515551325 0.023917328124999936 0.04039371388888892
2 0.45989130602064054 0.5187403020833332 0.042016619853781204 0.06803151249999999
2 0.475356922265625 0.531614422308751 0.05620572421875005 0.07629902760472025
8 0.391646269140625 0.48791352083333334 0.010762796093750016 0.014881894444444457
