2 0.39186930195312497 0.4139793826388889 0.015592908593749977 0.021681562500000005
2 0.37042905078125 0.4176919833333334 0.030406173437499982 0.023562619444444426
2 0.35054809140625 0.41699896458333335 0.012474328125000022 0.016632437499999972
2 0.3326162453125 0.41353387361111105 0.021830073437499965 0.023562619444444426
3 0.262058328515625 0.41660294652777774 0.06938844921875002 0.07484596805555555
2 0.322627043359375 0.42868126458333333 0.036156071093750033 0.01861249305555551
2 0.5580871434007251 0.43811232301057207 0.0609241164889502 0.10033106633829894
2 0.689791346875 0.47333143888888884 0.17152200781250002 0.2079054638888889
3 0.455507877734375 0.38531812638888885 0.08030348671874998 0.1982032083333333
2 0.5942847742187499 0.3776949256944445 0.014033618749999999 0.01940450972222223
2 0.6079285703125 0.3790809625 0.008576100000000064 0.013860363888888906
2 0.61728431640625 0.37769492638888885 0.008576099999999975 0.013860363888888828
9 0.62702988515625 0.32363950555555554 0.02027078281249999 0.024948655555555553
9 0.65002942734375 0.3215604513888889 0.01481326562499996 0.023562619444444426
9 0.8402629265624999 0.24602146597222224 0.03274511093749997 0.06930182083333333
9 0.60052193828125 0.3555183430555556 0.0062371640624999895 0.011088291666666647
2 0.37875176953125 0.39709943611111115 0.014033618749999999 0.015246400000000035
