2 0.4551473429687499 0.41985232053177707 0.01365783437500001 0.016592463285776345
2 0.44695264296875 0.4139841465277778 0.01365783437500001 0.019424476388888855
2 0.33577143600725495 0.40734781279775845 0.02853201263950993 0.0381346888576625
2 0.31046156953896425 0.40518106911266394 0.035275185952928556 0.042468176227851415
2 0.23477818046875001 0.4050003145833333 0.020486753125000014 0.048561190277777735
2 0.14433024011305293 0.4064811153237206 0.042951746336394134 0.04680166359804032
2 0.18596091258813577 0.3989301645833333 0.06489370173877154 0.06555760694444446
2 0.265453185720135 0.39738079184632386 0.05898959682669665 0.06153552065668266
2 0.4334029056110193 0.41471474132707953 0.0156005545326801 0.025134226747095707
2 0.4799699986626386 0.41414637400399923 0.01899479960039967 0.02800435634133191
8 0.064738136328125 0.33580061805555556 0.013657833593750002 0.026708655555555558
8 0.082493323046875 0.33628624027777776 0.010926267968750004 0.016996413888888878
9 0.074981512890625 0.31928982499999997 0.025949886718750002 0.016996416666666687
9 0.1678547890625 0.3265740034722222 0.012292051562500017 0.03642089027777777
9 0.605588393359375 0.15660983819444446 0.030047236718750002 0.036420895833333335
9 0.53320186875 0.2840829631944445 0.010926268750000023 0.02428059583333331
8 0.31809097070312503 0.1432555125 0.012292050781249975 0.06312954722222221
8 0.3383094652355024 0.14082745277777778 0.011755538283504929 0.06798566666666667
8 0.32970013046875 0.13961342222222223 0.01365783437500001 0.07526984444444444
8 0.5341977261990974 0.19760702408061473 0.012917983648195009 0.058935428234569306
8 0.5133980082031251 0.20031490972222224 0.015023617968749913 0.06070148888888889
8 0.563249105859375 0.03277880347222222 0.03277880390624999 0.06555760694444444
