8 0.523558667578125 0.4859289722222222 0.009004447656250036 0.024901194444444424
8 0.56057695859375 0.5054941944444444 0.00700346249999999 0.017786566666666677
8 0.589091046484375 0.5010475520833334 0.00800395390625006 0.0160079097222222
8 0.6131029078125 0.4859289708333333 0.00800395468750006 0.017786566666666677
2 0.582087585546875 0.5383993395833334 0.018008897656249977 0.023122534722222178
2 0.60609944921875 0.5401779972222223 0.01800889687499998 0.023122536111111144
2 0.6286105707031251 0.5375100118055556 0.009004449218749943 0.021343879166666666
2 0.637615020703125 0.5375100125 0.007003460156249997 0.017786566666666677
2 0.645118728125 0.53928866875 0.020009885937500017 0.03201581805555552
2 0.653622930078125 0.5472926236111112 0.02501235859374997 0.03379447499999999
2 0.48203815351562496 0.5472926222222222 0.02601285234375004 0.03023716111111112
2 0.45437432535788264 0.5530089600021347 0.029314803971734714 0.04014836610684169
2 0.520830678193678 0.554327671549192 0.038080355605704594 0.05721570212580487
2 0.26940978965516293 0.6025497602681279 0.17113116912717416 0.16565262886958934
2 0.6871394894531251 0.5526285930555556 0.038018783593749994 0.048023727777777796
0 0.17059137304687502 0.5640888069444445 0.013647310156250004 0.06412069444444445
