9 0.79643106171875 0.31697322986111115 0.06122261875000001 0.11074968472222224
9 0.836709100390625 0.33415852430555554 0.019333458593749953 0.06492222916666665
9 0.74917149765625 0.3265206173611111 0.031148348437499963 0.057284318055555554
8 0.8048284316406249 0.12596583402777778 0.020407539843749944 0.11647812083333332
8 0.83133869296875 0.12793498055555558 0.029000185937499978 0.11647811666666669
2 0.010599837890625 0.5804811090277777 0.02119967578125 0.07637909027777781
9 0.648028880859375 0.4223127451388889 0.010740808593750017 0.024823204166666654
9 0.6281583816406251 0.4280411770833333 0.009666727343749936 0.017185293055555523
9 0.55512087421875 0.42995065555555556 0.01396305312499999 0.017185297222222177
8 0.43382132460937495 0.3822773701388889 0.0032222429687499775 0.019094773611111136
8 0.382265437109375 0.3851415861111111 0.0032222429687499775 0.017185297222222257
2 0.4509420640625 0.4964147875 0.017446343750000003 0.031015719444444458
2 0.30613741835937497 0.49641478888888885 0.04223851484375003 0.04733978333333329
2 0.15977177382812502 0.5367896458333334 0.06978537265625 0.07345828611111113
2 0.2805188328125 0.5408706611111112 0.09641400156249999 0.10447400833333328
2 0.358109148046875 0.4918984708333333 0.060603085156250014 0.10447400833333328
2 0.4254459203125 0.5000605027777778 0.04223851406249999 0.0816203194444444
