9 0.5787914017332974 0.416904466579246 0.04825897223812623 0.05996027199634292
9 0.48863308242187503 0.42351532708333334 0.022412092968749953 0.02578123194444449
9 0.465561809375 0.42468720069444443 0.018457017187500036 0.02343748194444449
9 0.46951688515625 0.45515593055555553 0.01054686718750002 0.018749988888888916
9 0.78394538046875 0.32507789444444446 0.06459956562500002 0.11015617500000004
9 0.704184692578125 0.31570290138888885 0.07382807421874996 0.12890616111111114
9 0.6178322125 0.3063279076388889 0.07514643124999995 0.12421866527777775
8 0.9467626507812501 0.4598434270833333 0.013183584375000024 0.02812498194444449
8 0.886118161328125 0.4598434270833333 0.015820302343750113 0.02812498194444449
8 0.82811038828125 0.45164030624999996 0.013183584375000024 0.02578123194444449
2 0.28033244492187503 0.46570279722222224 0.03559567890625002 0.030468727777777833
2 0.33174842460937504 0.47273404375 0.02241209296875 0.01640623750000003
2 0.3699808203125 0.4692184194444445 0.025048809375 0.023437483333333377
2 0.12466216216216215 0.45965847426801804 0.04054054054054055 0.04724487646396401
3 0.756919031640625 0.5102340173611111 0.05009762265624999 0.03515622638888895
3 0.888095698828125 0.52664025625 0.03559567890624997 0.03515622638888887
9 0.8046565375 0.4169649631944444 0.023167368749999983 0.019830504166666665
2 0.47988435390624995 0.49704969375 0.025741520312500033 0.051864395833333375
9 0.4065210203125 0.46349037847222224 0.01801906406249998 0.012203387499999963
4 0.3967905405405405 0.2153153153153153 0.16520270270270268 0.08468468468468472
