8 0.1889663296875 0.4049309618055555 0.008190489062500018 0.03744224583333333
8 0.45281715507812503 0.4070110826388889 0.007020422656249981 0.029121748611111147
8 0.19832689414062502 0.40458426249999996 0.00585035078124998 0.035362119444444395
8 0.44579673242187495 0.4066643861111111 0.007020421093749984 0.027041616666666674
8 0.33756524570312496 0.5009633756944445 0.005850353906249994 0.015947623611111083
9 0.51834108515625 0.4253855118055556 0.023401403125000008 0.027041626388888948
4 0.68507685546875 0.4918401006944445 0.3722714296875 0.3752541652777778
2 0.34458566328125 0.5570574090277778 0.012870770312499991 0.029121740277777756
2 0.32352439843749997 0.5569594646021021 0.0245714703125 0.050045034759759785
2 0.448721909375 0.5560173520833334 0.05031301875000001 0.0852851208333334
2 0.2884890209248311 0.5659224326388889 0.047346282474662084 0.05711374305555555
2 0.3884632953125 0.5748078118055555 0.08658519218750005 0.12480748472222226
2 0.17563171617398649 0.5721627895833333 0.13031748640202706 0.13615844027777774
0 0.0160884515625 0.5705083666666667 0.019735167187500003 0.05949151388888888
0 0.004075741015625 0.5636439625 0.00772245703125 0.06711863333333327
9 0.040113869140625 0.42483042916666663 0.012870761718749995 0.012203388888888849
9 0.052555604296875 0.42330500555555556 0.013728810156250004 0.012203388888888849
8 0.418514221484375 0.49728804097222223 0.009438557031250027 0.019830504166666665
