2 0.40162142382812505 0.5160933874999999 0.014501942968750025 0.042187472222222216
2 0.38777866015624995 0.5207808861111111 0.02109373593749999 0.042187472222222216
2 0.3587747734375 0.5207808847222223 0.04218747031250003 0.0749999472222222
2 0.33965857695312496 0.5207808854166667 0.05405269765625 0.0937499375
2 0.28890177499999997 0.52664025625 0.0711913578125 0.1148436708333333
2 0.24935101992187497 0.5453902437500001 0.07646479140625 0.11953116527777775
2 0.46688016914062497 0.5102340173611111 0.013183585156250021 0.02109373472222226
2 0.519614506640625 0.5196090104166667 0.05273433984375 0.08203119305555553
2 0.480063752734375 0.5149215145833334 0.02109373515624995 0.0351562236111111
2 0.546640855859375 0.5477339909722222 0.06723628203125002 0.0914061875
3 0.42996613124999994 0.5231246326388889 0.0527343390625 0.0890624375
0 0.6738624472656249 0.54421836875 0.029003885156249964 0.10781242638888891
3 0.11874289765624998 0.5606246076388888 0.23748579531249997 0.30937478749999997
2 0.9467626507812501 0.8215213348723723 0.105468678125 0.33133095803303303
