2 0.885794751953125 0.7540540540540539 0.22841049609375003 0.4558558558558558
2 0.708117380859375 0.5410631416666667 0.06218505703124997 0.08291340833333333
2 0.67822071875 0.5325592020833333 0.028700796875000024 0.04464567916666663
2 0.6549013222656249 0.5261812479166667 0.02032973046875002 0.04039371250000004
2 0.6363653917968749 0.5166143173611111 0.014350397656250014 0.0297637902777778
2 0.59929353046875 0.5229922708333333 0.023917329687500023 0.03401575833333336
2 0.57119066875 0.5421261347222223 0.037071860937500034 0.05527560555555553
2 0.513191144921875 0.5806675893956457 0.09566931796875 0.13235851490240233
8 0.4002062679838069 0.45389776388888886 0.0227704719051137 0.023385833333333276
8 0.04680322031249999 0.35291348194444444 0.026309062499999997 0.05102363333333331
8 0.017504491796875 0.3475985222222222 0.03468012734375 0.07866144166666661
9 0.041421820703125 0.28913393819444444 0.06577265546875 0.059527576388888864
8 0.5622216703125 0.30507882430555555 0.019133864062500016 0.048897651388888894
8 0.8133536296875 0.1764567402777778 0.023917329687500023 0.08503939166666667
8 0.8354771593750001 0.17114177916666667 0.013154531250000013 0.07440946944444443
8 0.793023899609375 0.17964572083333333 0.021525596093749932 0.07440947222222223
8 0.96283693984375 0.025511818055555555 0.03348426093750003 0.04677166666666666
8 0.5771700015625 0.4560237479166667 0.008371065625000007 0.019133862499999942
8 0.63337572578125 0.45708673958333335 0.013154531250000013 0.012755906944444383
9 0.633973659765625 0.42519696875 0.04305119453124995 0.02551181805555558
2 0.613643928515625 0.5155513236111111 0.011958664843750012 0.019133863888888904
8 0.6076645964843751 0.4868505284722222 0.011958664843750012 0.012755909722222233
8 0.638757124609375 0.4900395048611111 0.009566932031250008 0.019133862500000022
8 0.8312916265624999 0.45602374861111106 0.026309060937500028 0.03614174166666662
8 0.804982564453125 0.4581497333333333 0.016742130468750015 0.027637802777777724
9 0.8007970328124999 0.4804725743055555 0.017937998437499925 0.012755909722222233
