9 0.46449593867187494 0.3786586923611111 0.00877327109375008 0.015596926388888871
2 0.396259389453125 0.3959886090277777 0.01462211796874997 0.02252889305555554
2 0.392847562109375 0.4098525423611111 0.015596925781250003 0.02946085694444444
2 0.384074291015625 0.42284998124999995 0.015596925781250003 0.038125818055555524
2 0.368477365625 0.4245829729166667 0.033143467187499984 0.05892171805555554
2 0.44061314648437494 0.3977216013888889 0.01949615703124996 0.022528891666666655
2 0.447924205078125 0.41245203125 0.016571733593749992 0.027727868055555563
2 0.462546323046875 0.4263159645833333 0.02047096484374995 0.05198975138888894
2 0.490328346875 0.43324793194444444 0.04679077812500001 0.06931966944444447
2 0.5234718132812499 0.4471118652777777 0.056538854687499994 0.07971761944444443
2 0.59024615078125 0.46856020277777777 0.12380059687499996 0.1295462611111111
2 0.22007004774070946 0.47747747747747743 0.14769774235641892 0.1981981981981982
2 0.7869932432432432 0.4900900900900901 0.2807432432432432 0.30630630630630634
2 0.34236272288075903 0.4403622503301299 0.04248120736348189 0.06202299933974018
2 0.916143075147804 0.5060335847222223 0.16606993407939186 0.5753532555555556
2 0.42355400898437506 0.38905664236111115 0.014622117968750015 0.02252889305555554
2 0.04240414140625 0.6134790715277778 0.0848082828125 0.29807457916666674
