9 0.6482664390625 0.5781907909722223 0.023980262500000026 0.040855265277777796
9 0.621288641015625 0.5746381611111111 0.02597861796874996 0.03730263333333339
9 0.580821946875 0.5684210548611112 0.050958060937499994 0.049736843055555605
9 0.42495023750000005 0.575526317361111 0.02497944062499995 0.03552631805555559
2 0.713212985546875 0.6705592118055554 0.03796875078125002 0.0337500013888889
2 0.5958096128906251 0.6394736881944444 0.014987664843750003 0.0213157902777778
2 0.525867179296875 0.6021710555555556 0.010990953906249957 0.01776315833333331
2 0.5358589539062499 0.6048355284722222 0.008992598437500022 0.01598684027777782
2 0.5428531984375 0.6075000041666666 0.010990954687499953 0.01421052499999994
2 0.588815369921875 0.6607894763888889 0.02697779609375006 0.04618420833333335
2 0.19463979179687502 0.6137171083333333 0.03197368359374997 0.030197369444444414
2 0.43144489140625 0.6092763208333333 0.01398848749999999 0.01776315833333331
2 0.416956815625 0.6075000041666666 0.014987664062500006 0.01421052499999994
2 0.404966683203125 0.6021710555555556 0.01298930703125003 0.01776315833333331
2 0.4159576386718751 0.6687828965277778 0.02298108671875001 0.09414473750000003
2 0.297555087890625 0.7384186842154654 0.25578947578125 0.37053106212462467
2 0.778659119921875 0.6936513194444445 0.04895970546874997 0.04085526388888891
3 0.8790764722656249 0.6900986881944444 0.18584704140625002 0.14743421249999997
