2 0.026382064453125 0.5523355159722223 0.05276412890625 0.20651942916666666
2 0.094085339453125 0.5342342342342342 0.11070966015624999 0.15675675675675674
2 0.23870957734375003 0.5154426673502474 0.06626986562500004 0.07517172918839406
2 0.363842678515625 0.4851127479166667 0.035863692968750006 0.06652974861111116
2 0.5102116904426579 0.4756445027432909 0.05973210034450629 0.08849200051037971
2 0.808277027027027 0.5621621621621622 0.35574324324324325 0.2738738738738739
2 0.56161275546875 0.4999798028836453 0.07484596718750006 0.09070430052313923
2 0.4371978483924477 0.5138066779633922 0.09290071727760467 0.12720725073367076
2 0.309397439453125 0.4918119277777778 0.08654064921875002 0.13444553333333328
2 0.38515298554687505 0.47541049375 0.009355744531249988 0.030492801388888876
2 0.398017135546875 0.4754104930555556 0.019491136718749934 0.03326487222222225
2 0.370339721484375 0.45669900416666664 0.01871149296875001 0.026334691666666604
8 0.451942619921875 0.3964064159722222 0.004677872656250059 0.016632437500000048
1 0.16191449804687502 0.5285418909722223 0.03742298359375 0.1496919347222222
7 0.160355206640625 0.5548765840277778 0.04054156640624999 0.1136549875
0 0.627882620703125 0.46085711180555555 0.012474325781249984 0.0679157847222222
9 0.696751302734375 0.34373703333333333 0.026507946093749978 0.0360369472222222
9 0.573567315234375 0.3610624895833333 0.012474328906249976 0.037422984722222254
8 0.45584084687500004 0.39709943402777775 0.0046778750000000535 0.0180184736111111
8 0.365791793359375 0.39709943402777775 0.003898227343750005 0.0180184736111111
8 0.3611139203125 0.3957133972222222 0.0038982281250000026 0.015246400000000035
