2 0.272619769140625 0.4480210583333333 0.049780847656249974 0.07347278611111116
2 0.34881292109375 0.43291571944444446 0.02620685312500002 0.038824969444444454
2 0.37533175937499996 0.4251507284722223 0.025582879687499994 0.01442070416666665
2 0.41682594531249995 0.4212682298611111 0.043678087499999976 0.017748556944444417
2 0.45738417109375007 0.45343748888888896 0.014975343750000026 0.0377156833333333
2 0.469551637890625 0.46231176875 0.025582880468749992 0.05546424305555549
2 0.487646846484375 0.46453033472222227 0.029326716406249974 0.07099421944444444
2 0.509485888671875 0.47063140277777776 0.033070552343750045 0.09428920555555552
2 0.557531787109375 0.47395925486111107 0.09796371171875 0.1320048875
2 0.603081793359375 0.5161120784722223 0.10669933203125001 0.13866059861111107
2 0.32011017890625004 0.4390167861111111 0.03494247343750003 0.05768280277777775
2 0.36160436328124995 0.4567653381944445 0.02932672031250001 0.04215281805555556
2 0.412146148828125 0.4917078152777778 0.09421987265625002 0.13866060000000005
2 0.776234612890625 0.5328813458333334 0.30449947265625 0.32749900000000004
2 0.19437968203125 0.46286640902777776 0.1316582375 0.15419058472222222
8 0.425249578515625 0.3608122048611111 0.004367811718750047 0.01663926527777776
8 0.429929371484375 0.36358541875 0.004991782031249947 0.011092843055555572
8 0.370027991796875 0.36913184722222225 0.00374383359374999 0.01552998611111107
8 0.366908130078125 0.3685772048611111 0.003743835156249986 0.01220213472222219
9 0.5781228871093751 0.3508286451388889 0.026830825781250046 0.05213638472222222
9 0.8267760035156251 0.10512206597222222 0.06489315703124995 0.11092847916666666
9 0.8361355933593749 0.2687415701388889 0.03993425234375003 0.06101066250000002
9 0.530076989453125 0.3624761326388889 0.010607539843750046 0.024404262499999992
9 0.492326641015625 0.37856076597222216 0.008735619531250016 0.0188578402777778
9 0.44334478515625 0.3685772048611111 0.021839045312500006 0.01220213472222219
8 0.225267128515625 0.35441648888888894 0.0062397257812500054 0.018857841666666687
