2 0.49511753632812494 0.5663746506193694 0.03987384609375004 0.07806150957207202
2 0.7341515079075169 0.4991731617304805 0.07573544824746622 0.07913115401651649
2 0.416568294921875 0.6270270270270271 0.15798457734375 0.20540540540540547
2 0.21024107304687498 0.6273730944444444 0.13468498515625 0.08663946388888893
2 0.197210939453125 0.8115292208333332 0.39442187890625 0.3767871388888888
3 0.6071923473500844 0.46490447605105106 0.19845314313766876 0.38550636321321313
9 0.120127128125 0.4766949555555556 0.049337928125000007 0.08771187222222225
9 0.250884009375 0.5103852048611112 0.010633025000000008 0.018903156944444454
9 0.300504792578125 0.5371646756944445 0.01594953671875001 0.034655784722222194
9 0.803679480859375 0.38515179652777776 0.018607794531249944 0.034655784722222194
9 0.876338485546875 0.34970838263888887 0.022152135156250096 0.03308052361111113
8 0.2184200578125 0.5229873090277778 0.015949537499999965 0.03780631250000002
2 0.278673866796875 0.2866978625 0.051392953906250004 0.028354736111111122
8 0.37392805 0.3741249576388889 0.034557331250000003 0.026779470833333364
8 0.8259530003906249 0.1545124152777778 0.028998053906249942 0.0784898638888889
2 0.8036719292968751 0.48813563402777777 0.020378708593750083 0.030508476388888855
9 0.35094282734375 0.5386653 0.019306145312499988 0.04766949444444448
9 0.12248676992187499 0.5758475076388889 0.023596399218750008 0.041949156944444455
