9 0.07167941992187501 0.6015121743055556 0.03597846015625 0.06532259027777777
9 0.55549717734375 0.5516129777777777 0.032150962500000005 0.059879038888888896
9 0.55434892890625 0.6012853638888889 0.02219947343749995 0.04218750555555554
9 0.38440812929687496 0.4039567090277778 0.016075478906250006 0.036743956944444434
2 0.1581427345439189 0.5816273781719219 0.1093902065878378 0.07998848689939927
2 0.03087512890625 0.5493448361111111 0.0617502578125 0.11703630555555557
9 0.48660225312499994 0.6244204416666667 0.010716987499999941 0.017691530555555505
2 0.384025375 0.58427426875 0.056646932812499974 0.04354839305555558
2 0.5775690640625 0.6216986847222222 0.025261470312499944 0.01496976388888882
2 0.5285771222656249 0.6273690319444444 0.022964972656250016 0.01633064722222228
9 0.019137476953125 0.028578632638888886 0.037509455468749994 0.05715726527777777
