2 0.291937401953125 0.7031247541666666 0.018984369531250024 0.026249988888888964
2 0.24922257109374998 0.7021872555555556 0.07910153437499998 0.04312498611111116
2 0.11110881760510842 0.718832763888889 0.0574802949743761 0.06516601111111113
2 0.16825666729981123 0.735066462533088 0.06511152946287757 0.07111653604493505
9 0.031113270703125 0.6506247715277778 0.032695300781250006 0.05624997916666672
9 0.31271473437499997 0.65718726875 0.011601557812499986 0.020624993055555527
9 0.25576162968749994 0.6309372777777779 0.017929682812500004 0.013124991666666672
9 0.2030272734375 0.6524997743055555 0.009492182812499994 0.022499990277777788
9 0.25734366171875 0.6121872854166667 0.012656245312500003 0.028124990277777723
9 0.49211702265625 0.5887497916666666 0.03374998749999998 0.04499998611111111
9 0.569109182421875 0.5474998076388888 0.04851560859374997 0.08624996805555551
3 0.326425667578125 0.6843747583333333 0.02003905546875 0.018749991666666688
3 0.34171863203125 0.6834372604166666 0.01687499374999999 0.016874995833333392
3 0.3533201890625 0.6843747583333333 0.012656243749999962 0.018749991666666688
