9 0.28527056640625 0.48279651875 0.015811367187500026 0.03203389305555551
0 0.65698974140625 0.4507626236111111 0.013728810937499957 0.025932194444444435
2 0.363598978125 0.5163558333333333 0.011154659374999997 0.012203383333333307
2 0.367889231640625 0.53694905 0.009438558593750025 0.01983050555555555
2 0.35587652109375 0.5392371874999999 0.03174787656250002 0.042711861111111124
2 0.3533023703125 0.5430507458333333 0.03174787500000002 0.03508473888888888
2 0.3451508875 0.5491524381944444 0.017161012499999996 0.0411864319444445
2 0.31597716484375005 0.5537287048611111 0.056631345312500025 0.08389828472222223
2 0.312115937890625 0.5697456534722223 0.047192788281249995 0.08542371249999997
2 0.287232466796875 0.5865253125 0.05405719296875002 0.1159321805555556
2 0.237036499609375 0.6017795479166667 0.10811438359374999 0.1647457319444445
2 0.444255742578125 0.5422880340277778 0.02488346953124996 0.06406778472222222
2 0.464848959375 0.5514405743055556 0.04547668750000007 0.0732203263888889
2 0.5056063660156249 0.5499151493055556 0.06864405546874996 0.14033895694444448
2 0.51332882265625 0.5560168458333333 0.06521185156250002 0.1372881111111111
2 0.37646973789062504 0.5117795597222222 0.009438557031249984 0.012203383333333385
2 0.398779055859375 0.5178812576388889 0.016302963281250006 0.021355929166666638
2 0.613720752734375 0.5613558263888889 0.19735165859374995 0.2089830111111111
2 0.12424096015625 0.6396396396396397 0.24805289375 0.24864864864864866
