2 0.390393670703125 0.26510572430555557 0.07188443828124998 0.06797582638888891
2 0.583105138671875 0.2787008875 0.021412385156249946 0.02990936388888888
2 0.552898380078125 0.2787008916666667 0.04206004296874992 0.04078549722222221
2 0.508544153125 0.27190330555555553 0.031353849999999996 0.04078549722222221
2 0.704314534375 0.2712235479166667 0.016059289062500072 0.020392745833333316
2 0.6584308515624999 0.2664652388888889 0.02676548125 0.02990936388888888
2 0.67793141640625 0.26238669166666667 0.018353471874999982 0.02719033055555558
2 0.693225977734375 0.26102717430555555 0.015294561718749922 0.027190331944444424
2 0.6849530093749999 0.28936459999999997 0.03288330625000002 0.04078549722222225
2 0.777485103515625 0.29208363125 0.01605928984374998 0.027190331944444424
2 0.732748511328125 0.3145156541666667 0.06117824453125005 0.09652567499999998
2 0.62798076953125 0.3090775881944445 0.06117824375000005 0.08021147361111111
2 0.734034644140625 0.26371916666666667 0.01911820078124995 0.017673713888888897
9 0.4668801679687499 0.11179679097222223 0.031640603124999965 0.02578123194444445
9 0.463584272265625 0.14226552013888888 0.08041986640624996 0.053906212499999995
9 0.787241276171875 0.25242169444444446 0.007910150781249925 0.025781233333333337
9 0.792514709765625 0.2688279333333333 0.007910150781250014 0.021093736111111108
9 0.8366797187499999 0.28171854930555557 0.009228509375000016 0.01874998750000003
