2 0.395233869140625 0.28098433333333334 0.03946359296875004 0.040393713888888884
2 0.35756407578125 0.28948827083333334 0.04065946093749999 0.04464568333333333
2 0.31212115078125 0.2852363041666667 0.0502263921875 0.04889765555555555
2 0.255915426171875 0.2831103138888889 0.052618125781250004 0.04889764999999997
2 0.183565503515625 0.2831103138888889 0.08968998359375 0.05740159166666664
9 0.524387448046875 0.19381894930555557 0.015546264843749925 0.03614174305555557
9 0.524387448828125 0.22889770138888893 0.02032973046874993 0.034015755555555555
2 0.518607451171875 0.27566937013888887 0.03109252734375003 0.03826772361111112
2 0.7075543546875 0.29090559166666663 0.023917328125000026 0.027637805555555537
2 0.7733270101562499 0.2962205534722222 0.021525596875000018 0.02976378749999999
2 0.79844020703125 0.29515755833333335 0.014350398437499922 0.023385830555555584
2 0.84627486640625 0.29728354583333333 0.03348426250000003 0.040393713888888884
2 0.9485214492187499 0.34937017291666667 0.09208171875000008 0.09779530416666668
8 0.64357549765625 0.09212600694444445 0.010762796874999925 0.025511816666666666
8 0.8402955332031251 0.12614176458333332 0.0167421320312501 0.02976378750000001
2 0.9006867906250001 0.29834653680555556 0.0777313203124999 0.07653545416666666
2 0.4641891891891891 0.4036036036036036 0.20270270270270271 0.23423423423423426
