8 0.4645988265625 0.6322564319444445 0.008938042187500005 0.03781776666666666
8 0.289592184375 0.6486229479166667 0.0064353796875000315 0.026059306944444513
9 0.3094346140625 0.7649365152777777 0.018233581249999985 0.04512710277777769
9 0.24937104921874997 0.7623941513888888 0.01608845468750002 0.024788138888888984
4 0.134606737109375 0.8275424416666667 0.09545816328125 0.1029661111111112
2 0.26277809375 0.8170551562499999 0.019306143749999994 0.015254240277777834
2 0.19413401874999997 0.8208687159722223 0.023596399999999983 0.04385593472222224
2 0.23918169335937503 0.8132415979166666 0.015015891406250014 0.028601698611111063
2 0.350192033203125 0.8008475256944444 0.011798202343749998 0.01144067361111117
2 0.404892778515625 0.7941737958333335 0.009653071093750043 0.009533900000000036
2 0.38719547656250003 0.7970339659722223 0.0107256359375 0.011440679166666712
2 0.38800964257812504 0.797082992361111 0.012353967968749968 0.016305684722222224
8 0.6979368320312499 0.6781769305555555 0.011911773437500005 0.026470597222222222
2 0.49061614374999996 0.787500536111111 0.04913606250000004 0.023823544444444483
2 0.41244513515625003 0.74250050625 0.008933829687499983 0.023823548611111137
8 0.364053555859375 0.7464710993055556 0.007444857031250018 0.021176484722222236
