8 0.5037019558593749 0.5051324312500001 0.008046357031250029 0.04112582638888888
8 0.5152685945312501 0.5033443534722223 0.009052151562500032 0.0375496708333333
8 0.5811481437499999 0.5855960048611111 0.006034767187499934 0.016092715277777832
8 0.655576950390625 0.56592713125 0.008046358593750025 0.01966887361111118
9 0.198443274609375 0.5149668673611111 0.025144867968749995 0.07509933472222224
9 0.4076485640625 0.5176489881944445 0.019110099999999974 0.01609271249999998
9 0.40010510625 0.5632450111111111 0.022127484374999985 0.010728475000000041
2 0.60679590859375 0.653543023611111 0.029168043750000018 0.02682118888888891
0 0.55851776484375 0.65711918125 0.005028971874999932 0.016092715277777832
0 0.5494656125 0.6580132208333334 0.009052153125000028 0.02503311111111104
8 0.55650617578125 0.6285099118055555 0.007040562499999936 0.01966887638888887
0 0.48408896054687495 0.6732118958333334 0.011063741406249949 0.06258278055555554
0 0.473528115625 0.6803642125 0.012069535937500042 0.05900661944444449
2 0.5154330351703728 0.6884105715277777 0.041566462528245474 0.05364237916666662
2 0.35655162461993245 0.7218131258445946 0.13337351951013515 0.1347521266891891
2 0.1851547451435811 0.7567567567567567 0.27098516596283784 0.263063063063063
2 0.6374726453124999 0.64192050625 0.036208607812500036 0.1108609236111111
2 0.8126689189189189 0.7125283475729755 0.3746621621621622 0.47043880034954455
9 0.8532156015625001 0.4756291222222223 0.031179634375000022 0.025033113888888892
9 0.535384487890625 0.5775496458333333 0.013075330468749957 0.0679470138888889
