2 0.44048335703124997 0.4024168951388889 0.00764728124999996 0.012235648611111098
2 0.43283607695312504 0.4010573777777777 0.006117825781250019 0.014954683333333286
2 0.45042482070312495 0.4044561673611111 0.010706192968749927 0.010876131944444485
2 0.42518879570312496 0.4010573770833334 0.01070619140625002 0.020392745833333396
2 0.422894611328125 0.40445616875 0.010706192968750017 0.019033231944444475
2 0.411423691015625 0.4071752006944444 0.021412385156249946 0.029909362499999995
2 0.40530586679687497 0.4119335090277777 0.015294561718749966 0.025830815277777773
2 0.39957040546875 0.41601206041666666 0.013000376562499971 0.02583081527777785
2 0.38580530078124997 0.4139727847222222 0.022177114062500003 0.040785497222222175
2 0.36630473554687504 0.4180513347222222 0.030589121093749984 0.04350452777777779
2 0.33953925390625 0.4302869833333333 0.048942595312500004 0.05981872777777776
2 0.315832684765625 0.4432023902777778 0.04129531484375 0.05845921111111107
2 0.287920110546875 0.4533987652777777 0.04894259453125001 0.07341389166666666
2 0.268801909375 0.47379151388888896 0.03976585937500001 0.08972809166666665
2 0.48843181523437507 0.4018730944444444 0.0068825523437500815 0.021752263888888894
2 0.49302018359375 0.4066314041666667 0.00994146406249996 0.025830813888888887
2 0.5006674640625001 0.4066314048611111 0.013000378124999924 0.036706945833333296
2 0.512138384375 0.4127492277777778 0.022177114062500003 0.04894259166666662
2 0.5224622140624999 0.4181872930555556 0.032118578124999964 0.05438066111111116
2 0.536150864453125 0.4317824604166667 0.029824394531250055 0.05166162916666666
2 0.5453276011718751 0.4406193173611111 0.03900113046874996 0.05845921250000004
2 0.5587103414062501 0.45081569027777785 0.045883682812500035 0.06525679166666667
2 0.58126981953125 0.46441085763888884 0.06959025312499997 0.08700905694444445
2 0.131110533203125 0.5261594520833334 0.26222106640625 0.34259816805555554
9 0.73932817109375 0.21995035069444444 0.031353849999999996 0.017673715277777783
9 0.72938670703125 0.2763702895833333 0.023706568750000035 0.029909362499999995
8 0.749269635546875 0.3322075826388889 0.02523602578124997 0.04486404305555555
1 0.9630706953124999 0.5016809152777778 0.06882552499999992 0.23655587500000005
7 0.948985023828125 0.5232864111111111 0.09864991796875007 0.16858004999999998
