2 0.1842323484375 0.5292651576388889 0.009330698437500007 0.021691879166666674
2 0.19894614296875 0.5286271625 0.010048445312499998 0.01275992777777775
2 0.202175998828125 0.5413870930555557 0.009330696093750012 0.012759930555555599
2 0.19643403125 0.5464910625 0.016508157812500014 0.020415883333333322
2 0.190333190234375 0.5630789715277777 0.02583885390624998 0.033175815277777805
2 0.21832528359375 0.6185846597222222 0.06746812500000002 0.08804350555555555
9 0.14268813515624998 0.5184192208333334 0.009500803125000012 0.01275992777777775
9 0.25923680546875005 0.09089455416666667 0.25264658906250004 0.18178910833333334
9 0.2294763171875 0.5085290687499999 0.01262119843749998 0.028047104166666673
2 0.14543918918918916 0.5900900900900901 0.033445945945945944 0.048648648648648575
