2 0.20470964765625 0.609146592361111 0.19496156874999998 0.20276003194444447
2 0.88025148515625 0.5701542784722222 0.08968232187499989 0.051989754166666714
2 0.81640157109375 0.57448675625 0.03606789062500004 0.025994873611111143
2 0.438663530859375 0.5493583770833333 0.02144577265625003 0.027727868055555563
2 0.413318526953125 0.55109136875 0.01949615703125005 0.027727868055555563
2 0.04240414140625 0.5528243604166667 0.0828586671875 0.05892171805555554
9 0.06628693398437499 0.41505151875000007 0.12087617421875 0.11611044583333338
9 0.8656293671874999 0.42111699027777777 0.1442715609375 0.17329917499999997
8 0.396259389453125 0.4757062284722222 0.00877327109374999 0.019062909722222247
8 0.513236330859375 0.47137374930555553 0.00877327109374999 0.017329918055555518
9 0.630700676171875 0.42371647708333326 0.02144577265625003 0.032926843055555585
9 0.77156041015625 0.49216965000000007 0.039967121875 0.07625163611111113
9 0.6477598140625 0.509499567361111 0.006823656250000009 0.017329918055555598
9 0.5103119074218749 0.5311619631944444 0.010722886718749968 0.025994873611111066
2 0.474244016796875 0.5476253854166667 0.016571733593749992 0.020795901388888892
2 0.5395561425781249 0.54329290625 0.016571733593749992 0.019062909722222247
