9 0.54993675078125 0.34851537847222225 0.018457018750000033 0.011718743055555573
9 0.6217872882812501 0.37781223333333336 0.006591792187500012 0.037499974999999984
3 0.292197670703125 0.46570279722222224 0.030322244531250007 0.05390621111111105
2 0.29417520937499997 0.4762496652777778 0.01318358593750002 0.037499974999999984
2 0.302744539453125 0.47859341458333327 0.014501942968750025 0.046874968055555556
2 0.31658730273437496 0.4797652881944444 0.023730452343749996 0.04921871527777778
2 0.329770887109375 0.4832809118055555 0.015820300781249984 0.056249962500000014
2 0.128062041796875 0.48328091111111116 0.021093735156249994 0.037499974999999984
2 0.11092338203124999 0.48445278611111114 0.031640603124999986 0.05859371111111113
2 0.0898296453125 0.48562465902777774 0.03691403750000001 0.07031245138888893
2 0.23484907773437502 0.4821090347222223 0.02636716953125 0.03984372222222221
2 0.352182981640625 0.4832809104166666 0.04482418984374999 0.07031245138888893
2 0.0456646375 0.4926559034722222 0.0698729984375 0.08437494027777777
2 0.265171322265625 0.46921842152777776 0.023730452343749996 0.02812498194444449
3 0.8393164351562501 0.4657027979166667 0.22280257968749995 0.12421866527777783
