2 0.45428628984374997 0.35960346249999997 0.03634290312499999 0.03230480277777777
2 0.48441264414062496 0.3570530847222222 0.04495043359375002 0.030604550000000015
2 0.46719758359375 0.34175081041666666 0.014345882812499955 0.02040303472222224
2 0.495411154296875 0.40976091875 0.04208125546875001 0.09181365138888893
2 0.43468024960937496 0.4114611736111111 0.07364219765624998 0.10541567222222217
2 0.41555240624999995 0.3562029576388888 0.050688785937499994 0.04930732916666669
2 0.356734287109375 0.4267634472222222 0.11285427890625002 0.20913109166666669
2 0.2548986486486487 0.47626194247372367 0.22398648648648653 0.29792656550300295
2 0.12624081903505066 0.6877957256944445 0.25022106463260135 0.6171917597222223
2 0.6217905405405405 0.5774774774774775 0.3375000000000001 0.5171171171171172
3 0.879054054054054 0.43866521597222224 0.24189189189189184 0.8773304319444445
9 0.11667984687499999 0.12071794861111111 0.03443011875 0.045906825
9 0.383035072265625 0.30221993125 0.010520313281250004 0.011901768055555569
9 0.40120652265625 0.30221993125 0.010520314062499958 0.03230480416666666
9 0.49780213359375003 0.3013698055555556 0.008607529687500027 0.013602022222222251
9 0.524102919921875 0.32857385 0.007651138281249992 0.013602022222222211
9 0.534145037109375 0.33707511319444444 0.010520313281249916 0.01700252638888888
9 0.627393275 0.29371866875 0.022953412499999982 0.03910581527777776
8 0.547534528125 0.2898930979166667 0.006694745312499961 0.018702779166666676
8 0.542274371875 0.2890429715277778 0.005738353124999929 0.02040303194444443
8 0.537970606640625 0.28649259374999997 0.004781961718749983 0.018702779166666676
