8 0.334639767578125 0.03508474027777778 0.024025419531250015 0.05491524166666667
8 0.62809309921875 0.14644065208333334 0.015444910937500023 0.033559318055555565
8 0.49080499140625006 0.3981355180555556 0.006864404687499981 0.009152538888888905
8 0.7475766593750001 0.3237711236111111 0.017161012499999996 0.024406775000000006
8 0.19220335390625 0.3489406125 0.013728809375000007 0.022881352777777805
8 0.18053386484375 0.3455084097222222 0.005148306250000001 0.022881352777777725
8 0.9918865562499999 0.23321152152777777 0.01376887812500005 0.05455872083333336
9 0.7820274152343749 0.23338978611111114 0.02402541953124997 0.015254230555555557
9 0.767440554296875 0.2654236777777778 0.03260592734375001 0.01830508055555554
8 0.31576265234375 0.02501693888888889 0.01029660937500001 0.048813552777777776
8 0.61179013828125 0.1226440451388889 0.012012709374999986 0.02745762083333333
2 0.51543105703125 0.4254406104166667 0.009438556249999942 0.019830506944444517
2 0.523153513671875 0.426203325 0.01115465859375 0.03355931388888891
2 0.45622555859374997 0.4323050166666666 0.016302959375000016 0.024406772222222234
2 0.44335479960937507 0.44069484583333335 0.028315671093749994 0.03203388888888894
2 0.771173053125 0.43970330625000004 0.0935275234375001 0.11135590972222226
2 0.4049230914273648 0.447182928246997 0.049613276604729736 0.07139990927177177
2 0.49115738187410984 0.43046805128955884 0.028162404373219728 0.037265824639939556
2 0.53971388125 0.42673720972222223 0.027457623437500002 0.03661016388888893
2 0.12495363085937501 0.5902301508445945 0.24990726171875002 0.3979180766891891
2 0.8592519750000001 0.5361863388888889 0.27972452031249995 0.32491518888888893
8 0.96588591875 0.23638374097222223 0.025048810937500044 0.056249962500000014
