8 0.388437840234375 0.18679673958333332 0.011865225781249978 0.05859370972222223
8 0.505112563671875 0.23015608402777776 0.013183585156250021 0.042187473611111095
8 0.4708352433593751 0.38249972986111114 0.007910150781250014 0.02343748472222226
8 0.509067640234375 0.3860153527777778 0.010546867968750017 0.016406238888888917
8 0.40887239570312506 0.18796861319444444 0.010546867968750017 0.046874968055555556
8 0.60662616484375 0.3649216173611111 0.015820301562500028 0.03046872916666668
8 0.519614507421875 0.2278123361111111 0.010546866406250022 0.042187472222222216
8 0.135972192578125 0.33796851111111115 0.029003886718750004 0.046874966666666636
8 0.317246482421875 0.39187472430555553 0.011865227343750017 0.023437484722222183
8 0.705503051171875 0.3110154041666667 0.02373045234375004 0.03984372222222221
9 0.321201557421875 0.3602341201388889 0.022412094531249992 0.021093734722222222
9 0.30999551054687496 0.3473435048611111 0.023730452343749996 0.014062493055555573
9 0.602011910546875 0.3367966354166667 0.025048810156250045 0.02109373749999999
9 0.721323353125 0.280546675 0.029003887499999957 0.021093736111111146
9 0.729233503515625 0.2535935673611111 0.018457017968749944 0.02812497916666664
9 0.721982531640625 0.2160935944444444 0.027685528906249958 0.028124980555555564
9 0.55125511015625 0.35320287499999997 0.01054686718750002 0.025781233333333337
9 0.691001107421875 0.20554672708333335 0.04218746953124999 0.03046872916666668
2 0.4227151593749999 0.45984342777777776 0.025048810937499954 0.03749997222222221
2 0.7241310116870777 0.47390591736111115 0.1875487874366554 0.23906233472222221
2 0.39041537656249997 0.4586715520833333 0.04746090468750004 0.08203119305555553
2 0.49983913046875 0.4996871493055555 0.13974599843750007 0.21093735416666665
2 0.019866012109375 0.46101530069444446 0.03973202421875 0.06328120694444439
2 0.1241554054054054 0.5163871091216217 0.2483108108108108 0.25371226824324317
2 0.8617285304687501 0.5535933631944444 0.27553692031250004 0.3843747375
