0 0.05538905039062501 0.5020410375000001 0.018941333593749998 0.06224493055555556
0 0.15468756875 0.48214307291666675 0.008609698437500013 0.0397959375
0 0.16631066171875003 0.4836736861111111 0.011192606250000004 0.04285716388888885
0 0.1852519953125 0.5020410416666667 0.0352997609375 0.10408168055555563
0 0.22858747539062502 0.4941328756944444 0.021524242968749975 0.09030616250000002
0 0.265609175390625 0.48724511805555554 0.02669006328124999 0.08877555000000004
0 0.34768829609375 0.47142878402777777 0.014636485937499976 0.07653065138888893
0 0.34209199218749997 0.45280632569444446 0.010331635937499995 0.05357145416666671
0 0.5616392921875001 0.5229594256944445 0.07404340156249996 0.3642858791666669
0 0.5868944 0.502477626783033 0.061989823437500036 0.2950453436561562
0 0.6692605128906249 0.47755123402777777 0.04132654921874997 0.2632654236111111
0 0.8200737105468751 0.44387775000000007 0.038743638281249916 0.22346948611111112
0 0.854942985546875 0.4408165229166667 0.049936246093750115 0.23877562083333334
0 0.902296323828125 0.4668369430555555 0.0396046085937499 0.20510213333333335
7 0.932860750390625 0.49795940555555557 0.10589928359374987 0.10408168055555554
9 0.54154998828125 0.34413280763888887 0.024107153125000023 0.04132654861111114
9 0.5386800890625001 0.3158164736111111 0.02410715468749993 0.027551033333333308
9 0.8812025636718751 0.20459192986111113 0.023246183593750126 0.021428579166666652
9 0.8497771675781252 0.2252552048611111 0.01894133359375001 0.010714290277777788
9 0.8540820160156251 0.23979602777777778 0.013775517968750072 0.012244899999999998
9 0.8583868652343749 0.27423481944444444 0.032716850781249994 0.05051022777777779
9 0.029129472265625 0.41122467638888893 0.011192607031250001 0.01836735833333331
8 0.16085784960937502 0.21556131736111112 0.018080366406249992 0.06479594861111108
8 0.365194680078125 0.38239813125000005 0.014636486718750018 0.032142873611111136
8 0.179225209765625 0.2147960138888889 0.016358425781249998 0.05816329166666666
8 0.8799111082031249 0.31938789375 0.017219394531249856 0.030612256944444423
2 0.11264354101562499 0.50816349375 0.06457273515624999 0.07653064583333331
2 0.14449942304687502 0.48596960694444447 0.018080364843749995 0.03520409722222221
2 0.19572712421875 0.4829083791666667 0.03271685156249997 0.038265325000000024
2 0.241789007421875 0.4775512333333333 0.018080366406250013 0.04285716111111115
2 0.299043498046875 0.4614797986111111 0.017219396093749985 0.02602041944444448
2 0.632812784375 0.4545920402777778 0.032716851562499996 0.07040819444444442
2 0.7908007367187501 0.4346940701388889 0.2195472921875 0.18367355138888894
2 0.017362887890625 0.7704085249999999 0.03472577578125 0.269387875
