8 0.27445135546875 0.4207324048611111 0.013154531250000013 0.02338583750000001
8 0.429316063671875 0.4241339763888889 0.011958664843749921 0.023385833333333356
8 0.41436773281250006 0.47196863611111106 0.008371065625000007 0.01700787777777772
8 0.41018220078125 0.49003950555555553 0.007175200000000004 0.019133863888888904
9 0.45502719296875 0.4847245430555555 0.008371065625000007 0.017007877777777795
9 0.247544359765625 0.4485828013888889 0.014350397656250014 0.012755908333333347
2 0.3813618296875 0.5187403006944444 0.01554626562500001 0.021259848611111132
2 0.353976476171875 0.5219292784722223 0.019133861718749978 0.01488189305555557
2 0.31989428124999997 0.5240552659722222 0.022721462500000022 0.02338583750000001
2 0.29956455234375 0.5261812486111112 0.017937998437500012 0.023385833333333356
2 0.2104725 0.5336221958333334 0.04544292812499999 0.05102363888888885
2 0.158452307421875 0.5400001479166666 0.053813991406250004 0.06803151527777776
2 0.10164865039062501 0.5485040888888889 0.06218505703124999 0.080787425
2 0.2822244875 0.5251182555555556 0.028700795312500027 0.03401575833333336
2 0.044844992578125 0.5772048854166667 0.08968998515625 0.11267719583333329
2 0.40420286757812496 0.5166143152777778 0.011958664843750012 0.017007877777777795
2 0.42333673125000004 0.5134253402777778 0.00956693124999992 0.023385833333333356
2 0.43409953046874994 0.5144883305555555 0.011958664062499924 0.021259847222222246
2 0.44605819453124995 0.51448833125 0.019133864062500016 0.029763787500000027
2 0.45981065859375 0.5187403020833333 0.022721462500000022 0.0297637902777778
2 0.48193418828125 0.5144883326388889 0.028700795312500027 0.051023637500000045
2 0.49807838554687506 0.5155513243055556 0.02750492734375003 0.05740159027777783
2 0.52199571640625 0.5208662847222223 0.037071860937499944 0.06803151111111111
2 0.55428411015625 0.5261812486111112 0.06816438906249997 0.08291340833333333
2 0.59255183828125 0.5421261326388889 0.1016486515625 0.11055120694444448
2 0.6768604238281251 0.5633859833333333 0.14828744296874996 0.16157485
2 0.86606375 0.5785899180555556 0.2637736453125 0.34717961111111106
