2 0.4250389144531249 0.47517840069444445 0.012656247656250041 0.018749993055555574
2 0.46983628245354725 0.518135367698949 0.043435543201013525 0.07003557090840834
2 0.37019518359375 0.5086605347222223 0.01898436874999998 0.02999999166666664
2 0.11554054054054053 0.6036036036036035 0.23108108108108105 0.4108108108108108
9 0.325370980078125 0.4854908986111111 0.011601558593750028 0.02062499166666672
9 0.5062498222656251 0.4479909104166667 0.01054687109375001 0.013124995833333328
8 0.28845692968750003 0.4676784048611111 0.011601557812499986 0.014999995833333281
8 0.33855456835937503 0.42642841805555554 0.010546869531250013 0.014999991666666625
8 0.450878748828125 0.4283034166666667 0.011601557031250032 0.014999994444444473
8 0.512050601953125 0.48455339999999997 0.007382810156249952 0.01874999444444446
9 0.53789043671875 0.43084806249999996 0.016874993750000032 0.009375
8 0.395759110546875 0.45153081458333333 0.00860969765624997 0.015306129166666693
