9 0.296828989453125 0.5866176986111111 0.020470964843749995 0.036392825
9 0.34215755390625 0.6108795833333334 0.013647309374999982 0.02599487500000003
9 0.37042698124999995 0.6316754840277778 0.011697693750000005 0.02946085972222221
9 0.29390456523437497 0.6230105256944444 0.020470964843749995 0.019062909722222247
9 0.293904565625 0.6420734347222222 0.024370196875000038 0.015596924999999985
9 0.34069534218749997 0.6377409541666667 0.016571732812499997 0.020795902777777778
2 0.164255121484375 0.6654688229166666 0.13549828984375 0.14557130416666672
2 0.47960546015625 0.7105266069444445 0.05848847031250006 0.10397950555555566
2 0.3065770671875 0.6758667743055555 0.06141289531249998 0.06931966805555557
2 0.35580486328125 0.6784662604166667 0.03314346562499999 0.05718872638888889
2 0.380662462890625 0.67933275625 0.018521349218749972 0.04852376805555557
2 0.40064602460937504 0.6862647229166667 0.017546541406249984 0.034659834722222234
2 0.4206295855468751 0.6862647243055556 0.016571733593749992 0.02772786527777771
2 0.43768872265625003 0.6871312194444444 0.009748078124999981 0.022528891666666655
2 0.450848628515625 0.6862647236111111 0.014622117968750015 0.02079590000000001
