2 0.5292074847656251 0.6095926194444445 0.03246053046874993 0.056063086111111146
2 0.6197635135135136 0.6216216216216216 0.05574324324324324 0.07927927927927922
2 0.806940191332348 0.6181315384759759 0.04698849077280407 0.0434702841591592
2 0.9919613135451858 0.6493087634009009 0.015679383847128393 0.03831941013513516
2 0.560574783203125 0.6066025618055556 0.03027406640625001 0.04260794305555559
2 0.43834323359375 0.5453069368055555 0.0214441296875 0.01569766250000002
2 0.534841816015625 0.5509132458333335 0.022705549218750055 0.01345514444444444
2 0.140017551171875 0.56997469375 0.045411097656249996 0.011212620833333315
2 0.39671639335937503 0.5845510937499999 0.018921289843749987 0.013455140277777784
9 0.5698462042968749 0.5421300159722222 0.025228386718749985 0.02691028194444445
9 0.5912903332031251 0.5454938034722222 0.017659871093750022 0.01569766250000002
9 0.030274064843750004 0.4715383208521021 0.0353197421875 0.08755398892642642
9 0.20119639023437502 0.53764496875 0.015137033593750005 0.026910279166666683
9 0.27877368125 0.5354024472222223 0.012614193749999992 0.04036541944444447
2 0.02128378378378378 0.5153794688813813 0.04256756756756756 0.10988364444444451
2 0.3091131451330236 0.5753585272334835 0.04258452054476351 0.02766132391141135
2 0.50948729765625 0.6012205229166666 0.00882993593750001 0.020182712499999964
2 0.50008583046875 0.5980570069444444 0.014426814062499993 0.01632124444444448
2 0.45614962460937497 0.5887305819444445 0.023607513281250013 0.011658030555555617
2 0.42336141171874997 0.5875647791666667 0.026230570312499958 0.009326425000000032
