8 0.541018354296875 0.07105266111111111 0.013647310156249936 0.06238770277777778
8 0.742316175 0.15163677569444445 0.008773271874999988 0.05025675972222222
8 0.5580774917968749 0.0788511236111111 0.018521349218749972 0.053722744444444435
9 0.339720534765625 0.16896669236111111 0.032168658593749996 0.019062906944444437
9 0.9660345753906249 0.2365533708333333 0.031193850781250098 0.015596925000000025
8 0.3177873578125 0.24835652916666667 0.015596925000000006 0.030116427777777784
3 0.036067890625 0.2948672792605105 0.07213578125 0.15621138742492488
2 0.6304054054054054 0.39459459459459456 0.24121621621621614 0.16576576576576577
2 0.5200599859375 0.36739424583333335 0.045815968750000026 0.08318360277777773
8 0.9410172921874999 0.15505802708333333 0.01600369531249992 0.05974712916666666
3 0.9057342169657939 0.3837837837837838 0.1857927582559121 0.27387387387387385
