9 0.14475896523437498 0.28681013055555554 0.06336251015624998 0.08838257777777779
9 0.290005334375 0.2902761138888889 0.1803394515625 0.09184856111111107
9 0.444024973046875 0.27554568611111113 0.024370196093749998 0.020795899999999968
9 0.4347642984375 0.3162709902777777 0.04094192968749999 0.06758667777777777
9 0.390897946484375 0.31540449374999996 0.021445772656249983 0.04159180138888886
9 0.29146754609375003 0.340532875 0.07993424375 0.025994877777777762
9 0.5566152796875 0.3413993715277778 0.02339538750000001 0.05198975138888891
9 0.845645806640625 0.36999373333333335 0.022420580468750017 0.015596924999999985
9 0.842233978515625 0.3561298 0.015596924218749919 0.015596924999999985
9 0.51274892734375 0.39165613055555554 0.015596926562500002 0.02772786944444445
9 0.51323633046875 0.42544946875 0.02047096406249995 0.025994876388888914
9 0.11502732539062499 0.46444178402777775 0.007798463281250001 0.020795901388888892
9 0.281719467578125 0.4809052041666667 0.007798463281250001 0.012130941666666612
9 0.44841160898437504 0.46010930347222223 0.009748078906250068 0.015596926388888871
9 0.649709430078125 0.3630617666666667 0.006823657031250008 0.015596924999999985
9 0.8285866687500001 0.3951221131944444 0.007798462499999914 0.04852376805555557
0 0.77545964140625 0.5129655513888889 0.02047096406249995 0.09011556944444439
0 0.806166088671875 0.5112325597222223 0.01949615703125005 0.09358155555555554
8 0.6614071226562499 0.4159180145833334 0.014622115624999932 0.020795901388888892
8 0.275870620703125 0.4323814368055556 0.005848846093750026 0.019062909722222247
8 0.4152681421875 0.42544946944444445 0.005848846874999936 0.019062911111111133
8 0.439150934375 0.44191289027777775 0.004874039062499946 0.017329916666666632
9 0.439150934375 0.46617477361111115 0.012672501562500039 0.010397952777777735
9 0.369452173828125 0.4575098166666666 0.009748077343750028 0.006931966666666669
9 0.361166307421875 0.4540438326388889 0.00877327109374999 0.013863934722222224
8 0.18813791328125 0.4566433194444444 0.005848846875000003 0.015596924999999985
8 0.1686417578125 0.43324793194444444 0.005848848437499998 0.013863933333333339
8 0.123800596875 0.4245829729166667 0.005848848437499998 0.013863934722222224
2 0.9908921753906249 0.5311619645833333 0.016571733593749905 0.05025676249999999
2 0.019008752734375002 0.5025676013888889 0.024370196093749998 0.02772786944444445
2 0.0502026046875 0.5025676013888889 0.022420581250000005 0.02772786944444445
8 0.174003200390625 0.19236208194444443 0.016571733593749992 0.0866495861111111
8 0.2012978203125 0.20016054444444442 0.02631981250000002 0.08838257777777779
2 0.12669679843749998 0.4950597868055556 0.022156834375 0.019694965277777737
8 0.155399970703125 0.4762600479166667 0.005035644531249983 0.01432360972222221
9 0.3598471296875 0.4708886944444444 0.007049901562499983 0.014323611111111174
2 0.9213214695312499 0.4941645611111112 0.030213865625000124 0.06445624722222215
2 0.8442761117187499 0.48789798125 0.09366298437500005 0.06624669861111114
2 0.678099849609375 0.4896884326388889 0.06949189140625008 0.04834218472222223
2 0.7219099550781249 0.49953591458333335 0.024171092968749974 0.03222812361111112
8 0.5345839871093749 0.10653185347222222 0.016114061718749982 0.06266579583333333
8 0.43991387421874995 0.47715527361111115 0.00805703124999999 0.016114061111111116
