2 0.53033430390625 0.15080904583333335 0.025741542187499977 0.04992299444444443
2 0.6294246105468749 0.19449166527777778 0.04373135234375001 0.12480748333333334
2 0.7421170027343751 0.2069724138888889 0.14976898046875 0.19137147222222223
2 0.8402027027027026 0.2945945945945945 0.1479729729729729 0.25765765765765763
2 0.249107937890625 0.12319665972222221 0.03861231484375001 0.049078644444444444
2 0.558854746484375 0.15170051666666667 0.04914294609374999 0.06448387222222224
8 0.52550774375 0.10281758472222222 0.010530631249999978 0.024961497222222205
8 0.39680002734375003 0.0580949 0.015210910937499956 0.03120186944444444
8 0.41844632578124996 0.03521352847222222 0.011700701562500004 0.03120187083333333
8 0.45939878203125 0.05393465277777777 0.009360562500000036 0.03120186944444445
8 0.46641920234375 0.08513652222222223 0.014040840624999973 0.018721125
2 0.6723515507812501 0.19434307361111108 0.07956477187499997 0.1331279833333333
9 0.584596289453125 0.0861765861111111 0.02106126328125004 0.05408324444444445
9 0.312554976171875 0.041453904861111106 0.026911614843749997 0.06032361805555555
2 0.4278678402343751 0.2912174625 0.20125206796875003 0.2995379638888889
