0 0.9489333238469445 0.5279325157324779 0.052133352306110756 0.19397339492071136
0 0.6517040246527901 0.5477339916666667 0.019887050649198556 0.07265619999999996
0 0.554551005859375 0.5641402305555556 0.011865227343750017 0.04453121944444444
0 0.565757053515625 0.565312104861111 0.010546867968750017 0.046874968055555556
0 0.5288430156249999 0.5641402312499999 0.013183584374999936 0.03515622638888887
8 0.433262027734375 0.4985152756944444 0.00659179296875001 0.02578123194444441
8 0.38316440546875 0.5254683812500001 0.009228509375000016 0.02343748194444441
9 0.5407082421875 0.47156216875 0.013183584375000024 0.014062490277777803
0 0.5024758464843749 0.5840620923611111 0.007910150781250014 0.02343748194444441
0 0.49720241249999997 0.5782027208333334 0.007910150000000015 0.021093736111111067
2 0.44719806602280643 0.5888596016047214 0.010733416420612851 0.03772000043166478
2 0.31065468945312497 0.612497271646187 0.06987299765624999 0.08408698893114584
2 0.42971457880473646 0.5879942402430057 0.027425803773705404 0.047094994876109235
2 0.47406428844846255 0.5962531942390338 0.05159883411683941 0.07453164927987928
2 0.37682295852004977 0.6077196018205537 0.06978547740779698 0.103197668233679
2 0.11908783783783783 0.7594594594594595 0.23817567567567566 0.4810810810810811
2 0.21045944570312497 0.5955464666666667 0.04086911328125002 0.016406238888888917
