8 0.5844576363281251 0.19883707083333332 0.022705547656250057 0.0717607472222222
8 0.606411601171875 0.18949322291666665 0.02270554765624997 0.07848831527777776
8 0.8600777730468749 0.41299804166666665 0.021444128906250092 0.033637849999999976
8 0.023126015625000003 0.43205949027777785 0.017659871875000004 0.035880372222222214
8 0.04234764921875 0.4329671805555555 0.010091354687499998 0.029152802777777806
8 0.3445476953125 0.47221133819444444 0.012614193749999992 0.017940187499999954
8 0.316406020703125 0.47242491805555553 0.01387561328125 0.026910277777777797
9 0.322082407421875 0.4406558361111111 0.015137032031250008 0.020182708333333386
9 0.35172576328125 0.44177709861111114 0.013875610937500005 0.0224252333333334
9 0.34983363437500004 0.46009103819444447 0.015137032812500006 0.02466775416666667
9 0.43231042163456923 0.440571295079586 0.013583251081638537 0.02782687095193918
9 0.6364385983083181 0.42084687916666674 0.030799596616636116 0.04036541944444447
9 0.6084246074218751 0.43205949930555554 0.017659871093750022 0.02242523472222228
9 0.566167057421875 0.4242106645833333 0.016398452343750057 0.020182712499999964
9 0.561752090234375 0.43878706666666667 0.015137032031250008 0.02242523333333332
9 0.39461402265625 0.4836375333333333 0.011352773437499986 0.04485046666666664
9 0.67086486640625 0.19659454791666664 0.03658116093750001 0.058305606944444456
9 0.833587964453125 0.34684361041666667 0.03910400078124994 0.02691027916666664
9 0.831695836328125 0.3849665048611111 0.030274064843749927 0.04933551527777777
8 0.5840341719570128 0.4666658426642715 0.008796252159283036 0.027438605927008
8 0.5813213337099273 0.42159087249395605 0.008296125047848157 0.03331045054346767
8 0.5240929592895445 0.4128241348765219 0.008977444660982848 0.031881354240397605
8 0.40437501210937493 0.4643625145833334 0.012614194531249989 0.024667756944444442
9 0.39436222995306486 0.3851535445996884 0.02074031261962026 0.043408513578400865
8 0.384732910546875 0.4159880777777778 0.012614194531249989 0.024667752777777708
8 0.49069213749999996 0.4585960229166667 0.01261419375000008 0.024667756944444442
9 0.44906529804687506 0.4686873791666667 0.010091355468750063 0.0224252333333334
8 0.616834075390625 0.4563534993055556 0.013875613281249954 0.026910279166666683
0 0.6645788743686886 0.5135378430555556 0.010073866129529829 0.05157803888888889
2 0.428882588671875 0.49784018125000007 0.020182708593750043 0.024667756944444442
2 0.4635716203125 0.4944763965277778 0.013875614062500041 0.022425234722222204
2 0.47555510546874996 0.5000827013888889 0.01513703125000001 0.024667755555555556
2 0.40633483931516823 0.4981533434437792 0.020498308317836545 0.029779128554225074
2 0.2379210147650722 0.5320054792588303 0.0823686701179204 0.09691981008279685
9 0.26742090859375 0.4249581715277778 0.01765987187500002 0.020182709722222192
