9 0.6615702472656251 0.37061354027777776 0.01719341015625 0.02292454999999999
9 0.267554563671875 0.4075475354166667 0.014327842968749982 0.03056606527777777
9 0.24964475976562497 0.39735884791666665 0.01576062734375001 0.03056606527777777
9 0.30480695546875003 0.40627395 0.011462275000000011 0.017830205555555603
9 0.281166014453125 0.40754753611111105 0.018626196093750026 0.04075475277777774
9 0.9201878148437501 0.3425946472222222 0.018626195312499937 0.03820758055555551
9 0.669450561328125 0.3120285826388889 0.030088471093749992 0.022924548611111106
2 0.8628764425781249 0.45212304722222224 0.06160972578125001 0.043301924999999936
2 0.972804054054054 0.509892261204955 0.05439189189189193 0.11535061272522522
2 0.28072023685599656 0.4970624938626126 0.07301898574746617 0.10857771497747754
2 0.0983108108108108 0.5297297297297298 0.1966216216216216 0.4216216216216216
2 0.75828318828125 0.5072072072072071 0.20202258749999996 0.31891891891891894
2 0.4925016996093749 0.5641986201388889 0.4011796054687499 0.5323589680555556
