8 0.501027751953125 0.09521055 0.015986846093750007 0.0767368638888889
8 0.22805235273437496 0.14494740694444444 0.015187503906249988 0.11368423888888887
8 0.697665960546875 0.32684218958333333 0.012789475781249938 0.034105273611111125
8 0.715251493359375 0.33892114166666665 0.009592107031249953 0.01563158333333333
9 0.128933905078125 0.3339474548611111 0.013588819531250018 0.02273684583333334
9 0.12613620742187498 0.3673422 0.027177638281250017 0.02984211388888885
9 0.23444709140624997 0.30694745069444446 0.0311743484375 0.04263159027777779
9 0.23724478945312502 0.3616579902777778 0.02557895390625 0.055421066666666616
9 0.237644459765625 0.45402643402777776 0.01358881796875 0.015631584722222255
9 0.48783860507812504 0.3694737812500001 0.008792766406249975 0.017052634722222217
9 0.6033556734375 0.14992109027777778 0.08310739062499994 0.02984211388888889
9 0.701263001953125 0.09521055416666666 0.04396382734375006 0.019894741666666674
9 0.7028616875 0.1399737201388889 0.045562512499999916 0.06678949027777777
9 0.7032613578125 0.2017895284722222 0.039967115625000015 0.02273684583333334
9 0.720047547265625 0.23021058611111112 0.030375007031249977 0.017052636111111102
8 0.5250080214843751 0.1001842361111111 0.019184216406250076 0.08100002222222223
8 0.43076557343750005 0.41352642361111114 0.005595395312499996 0.01421053055555556
2 0.20405029921874998 0.4610872916666666 0.10231581562499999 0.10515791944444446
2 0.32872952578125 0.44407906527777785 0.019983557812500007 0.019894744444444494
3 0.4594219949218751 0.4071316826388889 0.028776322656249943 0.054000012499999965
2 0.457823309765625 0.4291580076388889 0.024779611718749983 0.03268422083333336
2 0.423851260546875 0.42986853402777775 0.009592108593749949 0.0227368458333333
2 0.447831530859375 0.4533159097222223 0.04636185546874998 0.06963159722222222
2 0.4885979886718751 0.43697379930555563 0.02078290234375002 0.025578954166666692
2 0.508181876953125 0.44052643125 0.031174350781250037 0.04689475138888892
2 0.5269664199218751 0.45900012013888886 0.052756592968750037 0.07247370138888895
2 0.38568154921875 0.46397380486111106 0.09072758749999998 0.14778951249999994
9 0.004796053515625 0.04760527638888889 0.00959210703125 0.09521055277777778
9 0.540355404296875 0.36450009652777776 0.02078289921874994 0.02131579583333338
