2 0.10489864864864865 0.6018018018018018 0.2097972972972973 0.3171171171171172
2 0.25630685889991556 0.6414414414414414 0.20045155563766898 0.18738738738738736
2 0.39628378378378376 0.6270270270270271 0.08716216216216215 0.11171171171171174
2 0.510799412109375 0.6048426875 0.016742130468750015 0.023385833333333356
2 0.4914446785144914 0.6158067214656417 0.01941799569062379 0.034564614258049416
2 0.900979377312658 0.6376779531820042 0.19804124537468404 0.2115504967695824
2 0.7731762799695165 0.638607237243273 0.15915015397912677 0.18360585139908714
2 0.6818083175781251 0.6314174986111111 0.05261812421875005 0.10629924444444445
2 0.6425367467098754 0.6260658539509856 0.043435238732250615 0.06822512511004328
2 0.61244806171875 0.6122836354166666 0.03348426249999994 0.059527579166666636
2 0.596901798828125 0.6080316645833334 0.016742130468750015 0.04677166527777775
2 0.580159667578125 0.6090946590277778 0.019133863281250017 0.04039371250000004
2 0.5658092699218751 0.6080316645833334 0.016742130468750015 0.034015756944444475
2 0.5395089137557292 0.6204651845961879 0.0440630463128759 0.06538011453227668
2 0.45036107402603953 0.6120195046636238 0.03724790837809353 0.0662185037832773
2 0.4719337515625 0.6048426874999999 0.02032972968750002 0.05740159166666664
8 0.130610273828125 0.3486605722222222 0.023138861718750015 0.026177299999999962
