8 0.059950673828125 0.4234737944444444 0.004796055468749993 0.025578955555555578
8 0.003597041015625 0.4320001131944444 0.00719408203125 0.01989474305555553
9 0.076976654296875 0.4241843201388889 0.011990135156250003 0.012789476388888943
9 0.23964281640625 0.30978955416666665 0.014388160937500016 0.034105272222222247
9 0.29319875156249997 0.2955790236111111 0.02238158593749997 0.01705263333333333
9 0.29239940859375 0.3154737645833333 0.019184215625000035 0.017052634722222217
9 0.8560956179687501 0.04689474791666667 0.05915133125000001 0.05968422638888889
2 0.5508920412266612 0.41312351567564526 0.057142112393151125 0.05830441065167165
2 0.8584448890271805 0.398139152136107 0.17404368650521268 0.10647378468554175
2 0.46851450078124995 0.4084512256944444 0.019983557812499962 0.022736848611111152
2 0.43410127650483865 0.43514981110675943 0.07265714050967724 0.07613401943574122
2 0.39057862695312495 0.43403017986111114 0.038368432031250024 0.05115790694444442
2 0.350611509375 0.43772555926278284 0.043164484375 0.052781876168901065
2 0.145222175390625 0.44834222291666664 0.02557895390625 0.03268422083333336
3 0.07488005273437501 0.4518948576388889 0.012789475781250004 0.028421056944444464
2 0.057294521875000004 0.4625527499999999 0.017585529687500007 0.021315794444444456
2 0.0409080046875 0.46184222499999994 0.010391450000000002 0.019894744444444494
2 0.029317540625 0.46113170138888887 0.011190793750000002 0.01563158333333337
2 0.009816605872717755 0.4741268531723697 0.019270671120435512 0.047321682082463054
2 0.48911394839920747 0.4304453004808654 0.014844902672503402 0.04550161738698364
