2 0.20101116484374998 0.6994857701388889 0.011911770312499992 0.018529420833333334
2 0.21813433984375 0.7047798923611112 0.019356632812499976 0.018529420833333334
2 0.2404689125 0.7127210729166666 0.019356632812499976 0.02911766527777778
2 0.17420967929687498 0.6968387152777779 0.017867660156249986 0.029117666666666667
2 0.158575475390625 0.6955151826388888 0.019356630468750004 0.02647060138888888
2 0.13698538828125 0.6915445923611111 0.020845601562499993 0.018529420833333334
2 0.12284015859375 0.7008093055555557 0.016378689062499997 0.03705884722222229
2 0.11241735546875001 0.6994857701388889 0.0163786875 0.039705906944444536
2 0.28141563281250004 0.7127210729166666 0.011911773437500005 0.018529420833333254
2 0.290349463671875 0.7166916666666667 0.014889716406250031 0.021176486111111042
2 0.30449469218749997 0.7233093180555557 0.016378685937500005 0.023823544444444483
2 0.32534029609375 0.7312505 0.019356629687500026 0.029117666666666587
2 0.346185897265625 0.7378681486111112 0.025312517968750024 0.037058849999999983
2 0.3677759859375 0.7444858000000001 0.035735317187500025 0.05029415277777771
2 0.37596533203125004 0.7511034513888889 0.03126840468750003 0.042352975000000015
2 0.4057447625 0.7537505111111111 0.058069892187499986 0.0635294555555556
2 0.42063447890625005 0.7669858180555555 0.04020223593750005 0.0635294555555556
2 0.015634202734374998 0.6902210548611111 0.031268405468749996 0.10058830416666661
2 0.05670697048984112 0.7013141537047098 0.10099797152031775 0.1143774156256607
2 0.464559141015625 0.7802211208333334 0.08636035390624999 0.11382360833333346
2 0.9762847921875 0.9125741520833333 0.047430415624999965 0.09529417916666666
2 0.8833940625950168 0.8925365934496996 0.14922055762246628 0.12483672301051045
9 0.73331851484375 0.699088725 0.016378687499999954 0.039705908333333345
9 0.588994623828125 0.6464500229166666 0.03573531796875003 0.03441178750000004
9 0.588250137890625 0.6914500548611111 0.022334572656250006 0.06088239583333335
9 0.33874103906249997 0.6990887236111111 0.010422801562499995 0.02382354166666671
9 0.3558642125 0.6765887104166667 0.011911770312500014 0.031764726388888914
8 0.602884613671875 0.7110004986111111 0.013400744531250019 0.026470602777777845
8 0.415423080078125 0.45132383750000005 0.014889716406250031 0.06617651666666664
8 0.195055280078125 0.4698532645833333 0.014889716406249986 0.055588273611111086
8 0.25163620078125 0.6703681048611112 0.011911773437500005 0.013235304166666692
8 0.24940274531249998 0.6478680895833334 0.013400742187499981 0.02647060694444442
9 0.300772262890625 0.6544857375 0.011911774218750004 0.02911766944444444
9 0.18607234813997184 0.5450032725984971 0.02629505091602611 0.043734504425783964
8 0.39383298828125 0.4480150131944444 0.01935662968749998 0.06352945416666671
2 0.26727040234375 0.7100740118055555 0.010422801562499995 0.023823543055555518
2 0.250147230859375 0.7100740125 0.02680148984374999 0.03705884722222221
