4 0.13110092890625 0.43207475624999997 0.26107895625 0.8616541347222223
2 0.397092662109375 0.6621779635135135 0.21756579609374999 0.329698127027027
2 0.6848409714843751 0.6102447694444445 0.10808107265624996 0.10605357777777774
2 0.299889878515625 0.5995146388888889 0.01473832890625002 0.03618298611111115
2 0.24339295390625 0.60762461875 0.0084219015625 0.03243991805555556
2 0.543423205078125 0.6250922673611111 0.11580114921874998 0.14473194027777778
2 0.6357834042968751 0.5851662118055556 0.027371180468750023 0.03992605138888889
2 0.8887913707031249 0.5776800784722222 0.09544822109375009 0.059889079166666664
3 0.796150450390625 0.5508547611111111 0.11931027421875004 0.09856744166666671
9 0.77474478359375 0.4641403659722222 0.042811334374999975 0.06487983472222222
9 0.83545265859375 0.2913354152777778 0.08702631875 0.1609519
9 0.985292326953125 0.4803603236111111 0.020352927343749983 0.052402944444444446
9 0.6473635191406251 0.5190386902777777 0.005614600781250001 0.024953783333333333
9 0.9691503499999999 0.5358824923611111 0.009123726562500068 0.01621995972222218
9 0.29034505195312504 0.5614601194444444 0.01193102890625002 0.014972266666666675
8 0.370072393359375 0.42670969027777783 0.02175657890624998 0.077356725
8 0.325155583984375 0.4267096923611111 0.01473832890625002 0.062384456944444444
8 0.330419271484375 0.34810527569444444 0.015440153906249999 0.062384456944444444
8 0.3346302234375 0.39863668472222225 0.014036503124999999 0.03618298611111107
8 0.260938581640625 0.47225034374999997 0.008421900781249958 0.033687606944444407
8 0.3107681671875 0.47661725694444446 0.0084219015625 0.03493529722222222
