8 0.20065346328125 0.39137665833333335 0.012160817187499996 0.02642349722222224
8 0.2878059765625 0.2100153534722222 0.01351201718749997 0.0384341847222222
8 0.5485879179687501 0.24484633680555554 0.013512017187500013 0.03603204583333333
8 0.681005691796875 0.36615422777777773 0.010809614843750027 0.024021363888888873
9 0.183087841015625 0.34110338055555556 0.022970430468750004 0.055249136111111125
9 0.180385436328125 0.29065851319444447 0.025672832031249992 0.02161922638888889
9 0.6972201121093751 0.3026691993055555 0.025672832031249992 0.012010684722222227
9 0.7012737191406251 0.34470658402777776 0.020268027343750016 0.04804272916666667
9 0.9455034375 0.14653032430555557 0.04458965624999998 0.03603204583333333
2 0.19727545703125 0.45100112361111117 0.1567394046875 0.09368332499999994
2 0.33712484140625004 0.46541394375000006 0.1094473453125 0.08887904861111108
2 0.61344560390625 0.4498000555555556 0.07296489687500003 0.09128118888888884
2 0.204031466015625 0.4918374444444445 0.21348987890624999 0.12250896111111105
2 0.4952154484375 0.5897245055555556 0.28510357187499996 0.4059610638888888
2 0.8174770718750001 0.4287813645833334 0.16484661718750004 0.11290041527777778
3 0.3411784484375 0.3953916597222223 0.06080407812499997 0.04804273055555552
8 0.037158048046875 0.19096985069444444 0.02026802734375 0.06485768472222223
