8 0.45040068710937503 0.5606246069444445 0.009228508593750018 0.028124980555555606
8 0.51500025234375 0.5559371104166667 0.009228509375000016 0.02812497916666672
8 0.46490263046875 0.5770308465277777 0.006591792187500012 0.023437484722222183
8 0.48401882773437493 0.5770308465277777 0.007910150781250014 0.023437484722222183
9 0.610581240625 0.5184371368055556 0.021093735937500035 0.0374999736111111
2 0.5360939874999999 0.6262495625 0.019775378124999944 0.037499974999999984
2 0.5499367515625 0.6297651847222222 0.02900388593750005 0.04453121944444444
2 0.45962919648437506 0.6180464423611112 0.019775377343750032 0.03046872638888887
2 0.43260284765625007 0.6250776881944445 0.026367170312499955 0.0398437236111111
2 0.580258996484375 0.6367964305555556 0.047460905468749995 0.06796870277777774
2 0.32120155703125 0.6344526819444444 0.04350582968749998 0.0539062138888889
9 0.61333357421875 0.5698609006944444 0.014081124999999962 0.016092715277777832
