9 0.608016452734375 0.48030601944444445 0.016530608593749996 0.034897950000000025
2 0.479199815625 0.5268557569444444 0.01653060937500008 0.025714280555555528
2 0.45440390273437503 0.5342026937500001 0.01859693359375001 0.033061218055555563
2 0.43219089648437503 0.5397128951388889 0.017563771093750003 0.040408156944444405
2 0.411527636328125 0.5378761618055555 0.025829077343749996 0.04775509027777779
2 0.386731723046875 0.5452231 0.02376274921874999 0.055102030555555515
2 0.357286577734375 0.5516516680555555 0.03099489140624998 0.06061223055555555
2 0.31389372734375 0.5608353409722222 0.055790804687500015 0.07897957638888882
2 0.25036851584670605 0.5906994331644144 0.07088458992820942 0.10508762015765767
2 0.565468930078125 0.5332843270833334 0.01963009765624992 0.03857142083333337
2 0.6878987515625 0.5387945291666666 0.03306121718749999 0.07897957500000001
2 0.7152775714843751 0.5792026826388889 0.08988518515625002 0.12673466805555555
2 0.18567967624577703 0.5991871059309308 0.11107307994087834 0.13135551786786787
2 0.6241936129539696 0.5630630630630631 0.09500884752956092 0.15675675675675674
2 0.8462774046874999 0.5835306548611111 0.23551080156249996 0.2369390652777778
2 0.5101113421875 0.5385304958333332 0.035127543750000004 0.040408152777777755
2 0.54058965234375 0.5357753951388889 0.015497445312499991 0.03489795138888891
2 0.06805315976562501 0.5559794715277778 0.13610631953125002 0.32142850416666674
