8 0.356493560546875 0.3806628277777777 0.009360561718750039 0.024961497222222247
8 0.52381359296875 0.3088985243055556 0.011700701562500004 0.039522370833333334
8 0.29038459492187496 0.46282775486111105 0.015210911718749998 0.014560873611111053
8 0.580561996875 0.44306656875 0.012870771874999942 0.012480748611111083
8 0.6800179601562499 0.40146407430555553 0.015210912499999996 0.020801245833333346
8 0.665977119140625 0.3983438868055556 0.008190489843750015 0.018721123611111147
8 0.477595822265625 0.44930694375 0.005850350781249958 0.0166409986111111
8 0.534344224609375 0.30785846319444443 0.011700700781250007 0.033281995833333314
8 0.51679317265625 0.3109786493055556 0.00936056093750004 0.03536212083333336
8 0.362928945703125 0.3817028909722222 0.00819049140625001 0.03536212083333336
9 0.349473138671875 0.3806628263888889 0.007020421093750029 0.02912174722222218
9 0.575881716015625 0.39314357569444447 0.015210911718749998 0.012480748611111083
9 0.6642220136718751 0.36506189305555553 0.009360561718749948 0.01872112222222218
9 0.11604414062499999 0.37476914027777775 0.0269116140625 0.014560872222222245
9 0.12949994804687498 0.3827429513888889 0.01638098203125 0.016640999999999986
8 0.11896931601562502 0.4524271305555555 0.018721122656250012 0.0228813722222222
9 0.328411875 0.39453032638888885 0.03510210468749997 0.016640997222222214
2 0.49514687539062496 0.4756551916666666 0.00819049140625001 0.016640997222222214
2 0.500997225390625 0.47773531597222224 0.005850350781249958 0.020801245833333346
2 0.506262541015625 0.48189556666666666 0.011700700781250007 0.02912174722222226
2 0.513282962109375 0.48709587777777774 0.011700702343750003 0.03536212222222217
2 0.52556869921875 0.4860558152777778 0.019891193750000015 0.04160249444444446
2 0.4746706460937499 0.47773531666666663 0.011700701562500004 0.012480747222222198
4 0.45945973437500004 0.46906812847222223 0.014040842187499968 0.02704162083333333
2 0.44834406796875 0.47946875277777773 0.010530631249999978 0.01872112222222226
2 0.42903790937499997 0.4825889402777777 0.009360559374999956 0.024961497222222247
2 0.41733720859375 0.48674918888888896 0.01638098281250002 0.024961497222222247
2 0.406221541796875 0.4898693770833334 0.010530632031249976 0.02704162083333333
2 0.393350769921875 0.4929895645833334 0.015210911718749998 0.033281995833333314
2 0.38750041953125003 0.4971498145833334 0.01287077187500003 0.0291217458333333
2 0.37521468203124997 0.50027 0.018721123437499987 0.04368261944444443
2 0.372874541796875 0.5054703131944445 0.011700700781249962 0.029121745833333375
2 0.359418734765625 0.5023501256944445 0.02223133203125003 0.03952236805555553
2 0.53726940078125 0.49610975069444446 0.03627217500000004 0.04784286805555556
2 0.48695638242187494 0.48050881458333333 0.017551052343749964 0.020801245833333346
2 0.34713299765625 0.5158709347222222 0.03510210468750001 0.0457627444444444
2 0.60454843515625 0.5075504354166667 0.03978238593750003 0.12480748472222218
2 0.6735825757812499 0.5085904986111112 0.14976898125 0.18929134999999997
2 0.825691696484375 0.5408324326388888 0.26677599765625004 0.2787367152777778
2 0.145295894140625 0.5325119340277777 0.07137427890625 0.05408324305555554
2 0.035894333984375006 0.5210712458333333 0.06786406953125 0.0228813722222222
0 0.12189449140625 0.5335519958333332 0.01287077187500001 0.05200311944444446
2 0.9567395554687501 0.6510790430555555 0.08424505156249999 0.316178961111111
0 0.27868389374999997 0.5148308729166666 0.012870771874999987 0.056163370833333365
0 0.26230291171875 0.5210712472222222 0.012870770312500035 0.04784286944444444
9 0.57295653984375 0.4264255722222222 0.009360559375000044 0.012480747222222198
0 0.5803189112225506 0.5188378796171171 0.017064880257601354 0.09745937590090092
