8 0.44647990664062503 0.44786700069444446 0.005998219531249927 0.017061601388888903
8 0.42068756601562496 0.45533145138888886 0.007197861718749987 0.023459700000000003
2 0.4128898812499999 0.4691940013888889 0.013196081250000002 0.025592399999999946
2 0.40389255390625 0.48199020138888893 0.016795012499999994 0.03412319999999996
2 0.38949682890625 0.4926537006944445 0.026392162499999962 0.038388598611111116
2 0.367903241015625 0.5065162513888889 0.026392163281250002 0.06611370000000005
2 0.350508405859375 0.5033172027777777 0.039588244531250004 0.06824639999999998
2 0.299523546484375 0.5235778513888889 0.10077007578125001 0.11303310000000005
2 0.4542775914062499 0.46706130138888885 0.016795012499999994 0.017061600000000017
2 0.466274028515625 0.4777248013888889 0.016795011718749996 0.025592399999999946
2 0.4818693984375001 0.4723930506944444 0.02399287499999998 0.036255901388888866
2 0.506507962109375 0.49380865 0.03488140546874998 0.03216769444444441
2 0.55744695546875 0.5235778506944444 0.05038503750000008 0.05331749861111111
2 0.591636801953125 0.5214451506944444 0.04438681953124997 0.061848298611111116
3 0.649219700390625 0.5513029500000001 0.11156686953124995 0.14289089999999996
2 0.936476630859375 0.6643360541666666 0.12704673828125 0.21113730277777773
9 0.5826773539062501 0.42716502777777776 0.016389401562499996 0.012140297222222231
9 0.57584843671875 0.45144562291666673 0.016389401562499996 0.012140298611111117
