8 0.17932353437499998 0.46467909027777776 0.010520314062500003 0.015302274999999968
8 0.099530537890625 0.22885402083333337 0.017346560156250003 0.07345091388888886
8 0.073164002734375 0.23123437847222222 0.012433100781249994 0.06460960694444443
8 0.09577071835937499 0.2953339048611111 0.013389489843749991 0.06290935694444444
8 0.5227998320312499 0.49596373125 0.014345882812499955 0.022103287499999957
8 0.36262169179687503 0.3635796736111111 0.009528822656249991 0.05317916111111107
9 0.571097637890625 0.45260728263888883 0.017215058593749964 0.02040303194444443
9 0.5551345796875 0.3766058986111111 0.010885487500000046 0.022176583333333295
2 0.044472237109375 0.61549150625 0.012433100781250001 0.017002526388888838
2 0.09726508593750001 0.6103907472222223 0.083206121875 0.057808591666666666
2 0.248853243359375 0.5928781645833333 0.12050541484375002 0.08331238749999999
2 0.6841216216216216 0.5684684684684684 0.3385135135135136 0.22882882882882885
2 0.509119445703125 0.44879238125 0.07459859296874996 0.18377600416666665
3 0.444913658203125 0.589307625 0.053557963281249954 0.044206575000000074
2 0.020084235546875003 0.6139612881944444 0.040168471093750005 0.05270783749999997
0 0.37060197265625 0.5785110104166667 0.010520312500000007 0.03400505694444441
0 0.318000401171875 0.5700097444444444 0.008607527343749987 0.02380353888888891
0 0.15350094609375 0.5734102513888888 0.008607529687499981 0.04420657777777777
8 0.647477509375 0.3315492923611111 0.019127842187499945 0.027204048611111118
8 0.514060803125 0.25843842222222224 0.018171451562499996 0.023803538888888868
8 0.3523997609375 0.3617555076388889 0.012474326562500027 0.05405542083333334
8 0.37561194023437505 0.3610191743055556 0.014813264843750007 0.0471252375
8 0.49411805390624997 0.39359103055555555 0.011694682812500013 0.062371638888888886
8 0.5026374574218749 0.38878321736111116 0.008576100781249974 0.020790545833333358
2 0.5083706246093749 0.584511361111111 0.06393093046875001 0.08316218611111113
2 0.8957530384712837 0.5625623064752252 0.20637094180743248 0.17577628795045044
