8 0.373459576953125 0.4167183125 0.00819049140625001 0.04160249444444446
8 0.37462964765624995 0.4583208069444445 0.008190492187499964 0.024961497222222247
8 0.279268927734375 0.4916028027777778 0.011700700781250007 0.016640997222222214
8 0.36643915585937503 0.4250388131944444 0.010530632031249976 0.0291217458333333
8 0.3804799984375 0.4208785611111111 0.008190492187499964 0.029121744444444413
9 0.330752016015625 0.4291990611111111 0.030421824218749994 0.02080125
2 0.22310556171874998 0.5633671069444445 0.03510210468749997 0.043682622222222196
2 0.55306534765625 0.5196844868055556 0.011700701562500004 0.03536212083333328
2 0.547214996484375 0.5207245493055556 0.009360561718750039 0.0166409986111111
2 0.5407796109375 0.5207245493055556 0.010530631249999978 0.0166409986111111
2 0.5308340144531251 0.5207245486111111 0.018721122656249988 0.02912174444444449
2 0.518548277734375 0.5248847986111111 0.029251753906249966 0.04160249444444446
2 0.49046659492187494 0.5290450479166667 0.043292596093750024 0.06240374305555558
2 0.44015357578125 0.5477661701388888 0.08307498125000001 0.09984598750000002
4 0.053049271875000005 0.5456860451388889 0.10609854375000001 0.19137147361111112
4 0.771283433984375 0.3106319493055556 0.45515729609374994 0.6198771708333334
