8 0.501538636328125 0.16116823055555557 0.018521347656249975 0.07278565277777779
8 0.25734927148437503 0.20535951875000003 0.019496157031250006 0.03292684027777777
8 0.464008534765625 0.03639282638888889 0.021445772656249938 0.07278565277777778
9 0.760837523828125 0.02426188402777778 0.032168658593749996 0.04159180138888889
9 0.23882792226562496 0.012997438194444445 0.062387702343749976 0.022528893055555554
0 0.9592109203124999 0.4150515180555555 0.07993424375 0.3275354361111111
0 0.69893722578125 0.3708602298611111 0.04094192968749999 0.1282413875
0 0.5761114371093751 0.35959578263888886 0.025345003906250073 0.11264446249999997
0 0.46449593867187494 0.33879988263888894 0.03411827421874998 0.1334403625
0 0.35093082460937497 0.32060346944444446 0.011697694531250002 0.07625163611111109
0 0.34264495781250004 0.32493594861111114 0.010722885937500015 0.08838257777777779
0 0.250525616796875 0.32666894027777776 0.025345005468750025 0.10571249444444442
0 0.21445772617187497 0.3162709895833333 0.02729461953125001 0.12650839583333331
0 0.191549741796875 0.31540449375 0.026319811718749996 0.11784343750000004
0 0.163767718359375 0.31280500625 0.029244235156249986 0.11611044583333331
0 0.12964944335937498 0.3223364604166667 0.013647310156250004 0.11784343750000004
0 0.14280934960937502 0.32580244444444445 0.026319811718749996 0.14557130555555556
0 0.11307771015624998 0.32060346944444446 0.035093082812499996 0.14903728888888892
0 0.05069000781249999 0.32926842777777776 0.0428915453125 0.13863933888888888
0 0.8870751394531251 0.4055200638888889 0.015596924218750096 0.07278565277777777
2 0.62290221328125 0.35526330347222224 0.037042698437500035 0.03812581805555561
2 0.643373178515625 0.3613287743055556 0.027294619531249963 0.029460856944444478
2 0.660432315234375 0.36046227847222223 0.024370196093749998 0.038125818055555524
2 0.677978856640625 0.36566125486111106 0.032168658593749996 0.04852377083333334
2 0.735005115625 0.3777921965277778 0.05458923906250002 0.05545573472222224
2 0.773022621484375 0.3942556173611111 0.06043808515624995 0.05025675972222222
2 0.83297330390625 0.4107190388888889 0.08480828124999995 0.07278565277777777
2 0.57806105234375 0.34833133680555556 0.03899231406250001 0.048523768055555534
2 0.5142111386718751 0.3578627916666666 0.05946327890624996 0.08145061111111111
2 0.43525170312500006 0.3266689409722222 0.039967121875 0.039858809722222215
9 0.25783667499999996 0.13603985069444444 0.04971520000000003 0.015596926388888892
8 0.9328911085937499 0.12217591666666668 0.013647309375000027 0.057188727777777774
