9 0.45642446132812503 0.4312895861111111 0.02557895390624996 0.015631583333333293
9 0.785353823828125 0.4135264236111111 0.013588819531249996 0.03978948333333337
9 0.784154810546875 0.46752643819444445 0.01758553203124995 0.014210529166666675
9 0.47960538710937506 0.42844748125000004 0.01598684453125001 0.012789476388888863
9 0.6904624978862008 0.4441526132065406 0.015175712455066659 0.023347249930871783
9 0.6226876625 0.4646843312499999 0.030375007812500066 0.017052634722222217
9 0.37928792890625 0.44478958958333337 0.019983557812500007 0.014210529166666675
8 0.497002030437972 0.4389870732237611 0.009214329625943929 0.03102655755863337
8 0.4740099921875 0.49168433888888885 0.011190792187499988 0.022736847222222266
8 0.677442610546875 0.44550011666666667 0.008792766406249975 0.02984211388888885
2 0.5188115826652961 0.5194114891566008 0.017802278072289734 0.02801669991704606
2 0.533161323046875 0.5165527673611111 0.004796053906250019 0.015631584722222255
2 0.5458068403978666 0.5233026974784128 0.016343074951610248 0.022309594378388514
2 0.564735346484375 0.5243685576388889 0.013588822656249989 0.022736848611111152
2 0.584319230859375 0.5272251778832144 0.01918421484374999 0.022765877988651005
2 0.6005269574233474 0.5274533196883456 0.01605123432747435 0.024384905483354893
2 0.49671276009183485 0.5142808448507743 0.017510437448153837 0.02697904436456295
2 0.3377568853020345 0.5360139779963319 0.046694499861743524 0.09027603306603749
2 0.2747290811355983 0.5398772925679357 0.1251867502288034 0.1395088843085728
2 0.18904445703125 0.55918435625 0.1430822734375 0.14352634861111113
2 0.627752401953125 0.53158335 0.012252102343749982 0.02579800833333334
2 0.6419462125991167 0.5338834571227368 0.02223291698926664 0.03608243646769572
0 0.7070163664136182 0.5395592905784047 0.011381784341299906 0.03891208321811972
0 0.8382537826822354 0.5387720577494085 0.012276870051970512 0.034491212721039076
2 0.06354771406250001 0.5834197946878438 0.12709542812500002 0.23431867173542342
2 0.43532893694022584 0.531632758626573 0.06712334355125629 0.10895383301073491
2 0.6733087743259221 0.5450069822289414 0.045527137365199886 0.06640995535892419
2 0.7917485625 0.5615413161541744 0.09672041875000001 0.10754927046942926
