8 0.51859777421875 0.4757062284722222 0.007798462500000003 0.025994876388888914
8 0.5975572101562501 0.4765727243055556 0.005848846875000024 0.02426188472222227
8 0.6287510609375 0.49823512152777777 0.005848848437500021 0.02252889305555562
8 0.507387483203125 0.4991016173611112 0.0029244226562500585 0.020795901388888892
8 0.5161607546875 0.5069000805555556 0.006823656250000009 0.019062911111111133
9 0.44938641640625 0.42631596388888887 0.013647309375000027 0.024261883333333383
9 0.406982275390625 0.4713737493055556 0.01267250078125004 0.02426188472222219
8 0.971883422265625 0.33100141875 0.011697694531250136 0.045057784722222195
8 0.9865055398437501 0.33446740277777776 0.013647309375000027 0.05892171666666665
2 0.65702048828125 0.5493583763888888 0.03509308281249997 0.04505778333333331
2 0.5473546058593749 0.5380939305555555 0.030219044531250017 0.057188725
2 0.51323633046875 0.5424264090277777 0.043866350000000054 0.05892171805555554
2 0.43232728007812504 0.543292904861111 0.02631981328125006 0.07105265694444446
2 0.37968765546874994 0.5484918805555555 0.07895943593749996 0.11957642777777772
2 0.46936997812500003 0.5302954680555555 0.0243701953125 0.041591799999999936
2 0.595120190234375 0.5632223097222223 0.08675789765625001 0.10744548333333334
2 0.7194081902343751 0.5753532541666667 0.11697694140624995 0.11784343611111107
2 0.8932432432432433 0.7096601104166667 0.21351351351351341 0.46964075694444435
9 0.40600746796875004 0.4401798986111111 0.018521350000000013 0.013863933333333339
9 0.4211169894531251 0.38645715416666665 0.017546541406249984 0.017329919444444484
