2 0.4898058593831059 0.5710060044976105 0.014592031206794864 0.02179076660214692
2 0.475294893037178 0.5668265655593832 0.011965465589571789 0.01815897216845583
2 0.4639131086958779 0.5701989461049534 0.012549146837843583 0.02801669991704606
4 0.44479754781497666 0.5595629766920008 0.02918406241358973 0.047213327637985164
2 0.41759151431913716 0.5572570684272082 0.0321024686549487 0.05862753871530017
4 0.34549066184163585 0.548206399071275 0.08609298412008966 0.12192452741677487
4 0.305216655710882 0.5637712323585228 0.05924364669958711 0.12399983852174125
4 0.22502533507157688 0.5709483710410213 0.124226827158225 0.1593377607627589
2 0.09673468213849555 0.631391806973167 0.18004470447300888 0.14060232736147213
2 0.515341913994997 0.5751566267075432 0.014300190582658967 0.02075311104966373
9 0.6078319921875 0.5050944402777778 0.016795014062499992 0.03625589999999998
9 0.589143093258808 0.524688539077991 0.013007241205115871 0.022660102399573626
9 0.577323547981304 0.5218074557216149 0.010631849349891809 0.014231730887674212
2 0.5358198058042369 0.5720442973738684 0.012063561829026171 0.01660121419218138
2 0.5452723440539471 0.5733407294906977 0.011640092795394352 0.021271938825905324
2 0.5563454924728689 0.5724770418075597 0.014592089633237926 0.03026290305956378
2 0.5685524124012247 0.5732265890244053 0.018576968947550565 0.03602739749325489
2 0.579640363671875 0.5765398916666666 0.020393944531249986 0.042654002777777734
2 0.599582193128519 0.5802598569602515 0.04289176218046178 0.05862473336494752
2 0.6324930020722813 0.5945229674483508 0.053847342730437474 0.0664034539921874
2 0.7228568249778234 0.6082175049121648 0.13405213856144735 0.17911088138326323
2 0.9556709308593749 0.726076717546447 0.08865813828124995 0.24865171385127413
2 0.39009364019916176 0.5745225003513886 0.015175712455066659 0.04669449986174349
