6 0.9724791367770024 0.6612408370759085 0.05504172644599503 0.25679254900303455
2 0.07220761015625 0.6247253635770573 0.1444152203125 0.39592383270967024
2 0.09307603038114035 0.4960148473621664 0.09051284201228067 0.10109723639099957
2 0.1438774232458627 0.49935013791968114 0.04085768737902558 0.05084512207167625
2 0.4133598252691666 0.5075649004879282 0.008463378099941021 0.01504600551100626
2 0.3990931880232641 0.5206830925447801 0.03115984010902819 0.055219576756226726
2 0.38621864722452826 0.542326361496115 0.035896396768715325 0.08456892752737993
2 0.3644765207264039 0.5467363975941686 0.035020874896307674 0.10376555524831896
2 0.3266507321752047 0.5569112043542035 0.06799886542366398 0.1406023273614722
2 0.2183618357727232 0.5826219960064571 0.19066960657955365 0.23917960484737513
2 0.44079284393794094 0.5573723670071212 0.08375825912700238 0.12296218296925798
3 0.3282558556079521 0.4713046212743403 0.04494345611692814 0.048250983190468354
9 0.4429816486189602 0.4408955312408833 0.011089943717164097 0.017640144392214237
