8 0.359911862109375 0.05039059027777778 0.02636716953125 0.07734369722222222
8 0.687053103515625 0.18046862708333333 0.013183585156249933 0.03281247638888887
8 0.54071531328125 0.27304668680555555 0.015820301562500028 0.02578123194444441
8 0.51830321953125 0.2882810506944445 0.015820301562500028 0.02812498194444445
8 0.4912768707031249 0.28124980694444446 0.011865225781250021 0.023437483333333335
8 0.5077563515625 0.27304668680555555 0.01054686718750002 0.03046872916666664
8 0.21423325039062496 0.2069194805555556 0.01977537734374999 0.03281247777777779
8 0.1977537703125 0.2444194541666667 0.015820301562500007 0.037499975000000026
8 0.882640994921875 0.31506673472222224 0.011865227343750107 0.028124980555555526
8 0.8622064386718751 0.3185823583333333 0.010546867968749929 0.025781230555555566
9 0.7955571815121522 0.27304373528940595 0.024904500524304308 0.0532306844677009
9 0.8730828953125 0.26049088125 0.030981423437500055 0.02343748194444445
9 0.278832816015625 0.22064715902777776 0.022412094531249992 0.05624996249999998
9 0.43901336953125 0.27656230972222223 0.013183584374999936 0.018749986111111106
2 0.5538000387422723 0.3251681045773458 0.009047059348212816 0.020234283273422173
2 0.5600853853826566 0.33058219878918343 0.007025721422186671 0.026008583689477997
2 0.5669328668283876 0.33502583232593613 0.00963074059648461 0.026460216588321355
2 0.5740829621197172 0.3407329378645937 0.01284098746197948 0.028535527693287814
2 0.5850269855248132 0.3422894211933184 0.012549146837843495 0.029573183245770886
2 0.5930526026885504 0.3461806295151304 0.010506262468892214 0.02594138881207968
2 0.6034129448453748 0.34462414618640563 0.020137003065376823 0.03631794433691159
2 0.6159620916832184 0.34981242394882156 0.021888046810192296 0.03528028878442843
2 0.48515591640625005 0.31640603125 0.009228509374999926 0.0398437236111111
2 0.49833950156249995 0.30234354166666666 0.01186522656250002 0.016406238888888876
2 0.51415980234375 0.31874978263888887 0.006591792187500012 0.03046872916666664
2 0.5252523636314267 0.31910219635212733 0.010773839924646733 0.02648606214869914
2 0.4750094586103325 0.3240310602264225 0.012666045345664845 0.03634378989728941
2 0.46091363759365206 0.32663812188781943 0.016926756199881952 0.03528028878442839
2 0.44559200482651756 0.3364958496364097 0.01838595932056153 0.06225933314899138
4 0.4096956080578022 0.3357176079720473 0.0598273279478589 0.11673624965435876
2 0.5419480568328989 0.3445664968964491 0.032686149903220406 0.05499574428160909
2 0.6375582978692748 0.363301946131103 0.03472903427217178 0.042543877651810766
2 0.5170929577398123 0.35621130513359034 0.024222771803279475 0.03839325544187804
2 0.500603962476134 0.328454019104665 0.023930931179143577 0.03579911656066999
8 0.38179674140625003 0.019062474305555556 0.01687499374999999 0.03812494861111111
9 0.22623038984375002 0.07718745416666667 0.00949218437499999 0.046874983333333335
0 0.0490429515625 0.31781238888888885 0.017929681249999996 0.08437496944444445
0 0.026894521484375 0.3131248902777778 0.01582030703125 0.08999996944444445
0 0.84658102238924 0.41466591181238815 0.01955332181710485 0.12348101074549957
2 0.6267601947762464 0.3542224600468751 0.027141178044638448 0.03787442766563645
