8 0.48090418437500004 0.35703947569444444 0.006994243749999995 0.014210526388888903
2 0.521370878515625 0.37302631736111114 0.01798519765624995 0.031973684722222215
2 0.5153758128906251 0.3836842124999999 0.013988486718749993 0.03197368333333333
2 0.50538403671875 0.39345394999999994 0.017985198437500037 0.033750000000000016
2 0.4859795124500078 0.40944880148831025 0.030935106158405022 0.05862753871530017
2 0.46759355312944617 0.4234571514468333 0.04085768737902553 0.07626768310751442
2 0.4477483817819362 0.4394543464920716 0.05240161925459734 0.09465725243579635
2 0.38707477001352136 0.46209969981694743 0.120065964885671 0.157828296947071
2 0.27357482421875 0.5388696307999734 0.23580592187500002 0.21186600784449774
2 0.12869406757812502 0.7388595956098302 0.25578947578125 0.3657454995529937
2 0.4980908983516475 0.40253109252729996 0.018969640568833324 0.04825098319046827
