2 0.4527552449844201 0.4366136399200897 0.02836724909365973 0.03738754095129045
2 0.4200965660837868 0.4472646503167859 0.029362252480073535 0.04306456452246081
2 0.37978194408387267 0.4702957824501518 0.04494345611692814 0.05914636649154185
2 0.4895302281686357 0.4343813673095688 0.021888046810192296 0.05707105538657539
2 0.535251931887439 0.4307783896041722 0.07850512789255629 0.18003323835583337
2 0.5724388247753961 0.4385626733702294 0.09674211205079217 0.18683936714843002
2 0.2272319746918822 0.5222219210288938 0.08308614000876442 0.07110411983556525
2 0.078400128515625 0.637207940218642 0.15680025703125 0.49107846930524734
2 0.3413076099269316 0.5045384156820971 0.0656641404305768 0.08716306640858791
2 0.6505954487418915 0.4780803303241282 0.21086786623378312 0.2578040337961881
