9 0.43929906796875 0.32785728888888893 0.04907527812500003 0.02142858333333331
2 0.25367858046874997 0.4750748923611111 0.033056229687500015 0.031015723611111115
2 0.3250994612095265 0.48171314475709626 0.014289759919053013 0.021438536736414684
2 0.3110678671875 0.48078831388888893 0.013773428124999976 0.022853688888888966
2 0.7918257124999999 0.5757617719810698 0.4163485750000001 0.3576626930555555
3 0.12237189375000002 0.4628318437500001 0.056930171875000005 0.08814994305555557
2 0.05712731358527712 0.5650098194353118 0.11425462717055423 0.3870862791612133
8 0.06222792148437499 0.29387778194444447 0.010100514843749997 0.037545347222222206
8 0.33310535546875003 0.30285601944444446 0.015609885937500012 0.03917775555555557
8 0.6251020437499999 0.22531671597222222 0.021119257812499993 0.0799879125
8 0.40472718242187505 0.3624388513888889 0.01193696953125003 0.03754534722222225
8 0.608114813671875 0.17389591458333334 0.01652811328124999 0.06529625694444445
9 0.9042435335937501 0.15593944513888888 0.03948382968749993 0.10773882083333333
9 0.906079991015625 0.25061901458333335 0.04132028671875006 0.08162031805555554
9 0.48139927109374997 0.30285601944444446 0.02387394374999996 0.04897219166666665
8 0.445263933984375 0.027979275 0.017049871093749936 0.05595855
8 0.46821568359375 0.02797927569444445 0.020984456249999985 0.05129533750000001
8 0.49772507499999996 0.41619171875 0.019672928124999968 0.03031088194444441
9 0.491823196875 0.36373057777777784 0.026230570312499958 0.009326425000000032
9 0.410508428515625 0.38937824583333336 0.01836139921875004 0.009326425000000032
9 0.35542423046875 0.43018135625 0.010492228125000036 0.020984456944444455
8 0.41260688203124996 0.4336787659722222 0.01573834218750001 0.02331606249999996
2 0.2973443327340823 0.47626386629409106 0.015517660780664588 0.019885227032626632
2 0.1796794078125 0.4779792840277778 0.03934585625 0.041968912500000025
2 0.20328692148437502 0.48380829999999997 0.01311528515625 0.01632124444444448
7 0.35083388046874997 0.493134725 0.014426814062499993 0.02098445555555557
