8 0.35878634570312495 0.4043470534722223 0.011018742968750005 0.024486093055555515
8 0.24538511445312503 0.41495769444444447 0.013773428906249973 0.029383313888888866
9 0.39315849801896585 0.40506937743196125 0.013650591350431673 0.01977664791385523
9 0.097397817578125 0.39445934236111113 0.013773428906250006 0.014691659722222283
2 0.18058153386911405 0.5057541112587363 0.049477290067359105 0.0650162197581289
2 0.2678926234412884 0.4969678738321793 0.020527835945076768 0.031282378219914225
2 0.33662340415408165 0.49727482681471474 0.023928023933163223 0.0456568443092603
2 0.4274492400885565 0.4993213211913864 0.030351424910133318 0.04825098319046827
2 0.45648738219007823 0.4970154129265939 0.03531271552044357 0.06070284982026656
2 0.47779174775199884 0.5024919213054253 0.04873738423069485 0.08249361642241355
2 0.5050913097656251 0.5060459875000001 0.05968485859374999 0.08162031944444448
2 0.5572084850173955 0.5168898375000001 0.10515257940979109 0.10937122777777783
2 0.6388104150832199 0.5322065973127149 0.1352268807710603 0.13720637518098527
2 0.06062451522280639 0.5022819160855769 0.05268797263311278 0.08279835994893163
2 0.11410967958400123 0.5003589767438695 0.05544971858582044 0.07211706089758164
2 0.23168248635654037 0.48563001857757354 0.059678278963080665 0.11621742187811725
2 0.30101739438651204 0.5007625059401982 0.050780268599646086 0.06796643868764889
2 0.37225893440127145 0.493239503184695 0.05253131234446147 0.076786510883756
2 0.8463456333165652 0.5601440736111111 0.3064790239918696 0.30162707499999997
