8 0.608202121875 0.36566746319444443 0.009941464062500049 0.042145012500000016
8 0.5695949499999999 0.3604984666666667 0.011470920312499988 0.03942597777777779
8 0.7957111234375001 0.33851961527777774 0.015526304687500048 0.049848941666666646
8 0.8822412753906249 0.3817975590277778 0.010706192968750017 0.04214500972222221
8 0.8377711722656251 0.3811178006944445 0.012467402343750145 0.040785493055555594
8 0.47578831718750003 0.41238668541666673 0.00994146406249996 0.03806646527777775
8 0.7695944988281249 0.34527471388888886 0.00917673671874999 0.06117824166666668
9 0.587798656640625 0.35619333125 0.020647657031249978 0.010876134722222257
9 0.5022405728652827 0.3533815545859988 0.023488063032017337 0.041184548878057864
9 0.46620689726562503 0.15226585208333335 0.023706569531249944 0.08157099027777778
9 0.431411772265625 0.2345166034722222 0.026000752343749944 0.0720543763888889
9 0.429117586328125 0.2950150902777778 0.019882927343750013 0.043504533333333324
9 0.426823402734375 0.32832324166666665 0.018353474218750065 0.0339879111111111
9 0.4255021751510891 0.3673957413570046 0.02702736020122547 0.04518860224120229
9 0.503955784375 0.4069809930555555 0.015294559374999928 0.025830813888888887
9 0.511930819140625 0.43300603680555555 0.01070619140625002 0.020392745833333316
2 0.06564183873604845 0.4436874822854533 0.019123571222096913 0.03631761179312881
2 0.04023735548265257 0.44071808962472087 0.029492850027805134 0.03215893463944713
2 0.0977577328125 0.4520392486111111 0.034412762500000006 0.04758308055555555
2 0.13089687846174708 0.4549092657303698 0.07023735232293461 0.06558639408830705
2 0.00684222578125 0.4323528111111112 0.0136844515625 0.04894259444444447
9 0.476224835546875 0.008836856944444443 0.02294183984375007 0.017673713888888887
2 0.53618361875 0.48991150138888884 0.009176739062499984 0.017673713888888897
2 0.5133327534345288 0.4933810835650168 0.018535427181557474 0.02189385046336696
2 0.5562850472656249 0.48855198333333333 0.00917673671874999 0.012235649999999983
2 0.5910801734375 0.49466980694444446 0.011470921874999984 0.01903323055555559
2 0.5734763836320054 0.4913750633326327 0.02673539226401065 0.03963407388748779
2 0.20007456955978578 0.46112149190597 0.16815304681792845 0.09604535325638443
2 0.7072233121480254 0.5099998999667805 0.01728847429605098 0.027552736044672108
2 0.8701666405955159 0.5248831520176691 0.04955016036891315 0.0566394762575602
2 0.94685140078125 0.5290674340589429 0.10629719843750003 0.11012084027777773
2 0.7679257980892517 0.5086657493434793 0.10831289461600324 0.12174225702029189
2 0.6491929085223678 0.5065842601188373 0.10253235338544923 0.13721827125134906
9 0.79024215546875 0.4104079159722223 0.01988292812499992 0.07749244305555554
9 0.48261356129058336 0.3053329142282647 0.013835434388722501 0.04576060986450865
9 0.9415077003906249 0.38678245277777784 0.028294938281250025 0.04214501388888887
9 0.9124480343750001 0.3840634215277778 0.02982439374999988 0.03670695138888883
