2 0.4438713904306228 0.5628865538755173 0.012979669138754434 0.05409103552881247
2 0.4658209340114878 0.5705166170026285 0.048465960210475514 0.07974911178303472
2 0.37873374212341815 0.581942112802446 0.07875319242307181 0.11658060132148636
2 0.19193063689002396 0.6504116746904398 0.29070575590745207 0.31501812561912046
2 0.3265550679354591 0.5455636422527586 0.046577763612089165 0.0849839897483732
2 0.7106646069197595 0.5850051501280312 0.15602862946451906 0.1017942113671735
2 0.881560846484375 0.6777437402053557 0.23687830703125004 0.518262510419417
7 0.031681255078125 0.5878307881944445 0.06336251015625 0.11784343750000004
1 0.020767466667443966 0.553170954861111 0.035686086459887925 0.17676515694444445
8 0.013647309765625 0.4266625576388889 0.01754654140625 0.0415918013888889
8 0.21445772578125002 0.2394994513888889 0.015596926562500002 0.06585368611111109
8 0.5512538367187501 0.20917209513888887 0.012672501562500039 0.06412069305555554
8 0.6726174140625 0.4864507708333333 0.015596926562500002 0.02599487222222226
8 0.654096064453125 0.48558427569444446 0.013647310156250026 0.024261881944444497
9 0.69162616640625 0.2152375659722222 0.053614431250000025 0.06238770138888891
9 0.034605678515624995 0.2637613340277778 0.03996712109374999 0.024261884722222227
0 0.681878088671875 0.6415535326388889 0.05946327890625005 0.27727867638888887
9 0.46023294233365286 0.4849333443056207 0.011450413770194245 0.022960019166796918
