9 0.24069203203124995 0.3627205944444444 0.074598590625 0.08841314444444441
9 0.24690858046875 0.5661841777777777 0.041124864062499975 0.03740556111111112
8 0.173744578125 0.69880389375 0.017215059375000008 0.057808593055555475
8 0.44615695624999996 0.7812661534722223 0.004781960937499985 0.013602020833333325
8 0.383035072265625 0.7846666576388889 0.004781961718749983 0.013602020833333325
8 0.21088447734375002 0.6886023763888889 0.02773537343750001 0.0663098583333333
9 0.537970605859375 0.8458757583333333 0.020084235156249974 0.040806066666666634
2 0.4068089860380656 0.839662655911717 0.012161318951131239 0.01817834515676711
2 0.42209544111057395 0.8376311045212919 0.010823734966352028 0.02431675904258365
2 0.6015706863281249 0.8407749986111112 0.04590682578125005 0.06801011111111105
2 0.6371484240436669 0.8600893737103686 0.07612892066266648 0.15764644186518162
2 0.80694395 0.7608631194444443 0.384469659375 0.47437052500000004
0 0.146459505859375 0.890082329861111 0.04016847265625001 0.16832502361111115
