9 0.6489961223908681 0.3951098240108509 0.022165063531736084 0.03530741746614636
9 0.403119307421875 0.37575586319444443 0.008607528906249984 0.017002526388888838
9 0.6795166499999999 0.383407 0.018171451562499996 0.008501263888888862
9 0.640304570703125 0.4293138270833333 0.004781960156249987 0.015302273611111162
9 0.640782766796875 0.44971686041666664 0.005738352343750019 0.022103287500000037
8 0.4585900546875 0.4148616770833333 0.004781960937500074 0.013602020833333325
8 0.446635151953125 0.4114611715277778 0.005738352343750019 0.013602020833333325
2 0.4559361375736762 0.4411549451290041 0.006712334355125638 0.01297069440603988
2 0.4391066556443267 0.4482744186881787 0.01605123432747435 0.02697904436456295
0 0.425116328515625 0.4524180979166666 0.01052031484375 0.033703337500000034
2 0.471979544921875 0.4437659743055556 0.01052031484375 0.017002526388888838
2 0.5080196100930682 0.4465126454339311 0.0309552639361363 0.05310041586786222
2 0.49714943081563545 0.458411269784804 0.02642996631877086 0.031918510430391935
2 0.483456251953125 0.4344145861111111 0.012433099218750066 0.02210328611111107
2 0.3897298171875 0.43866521805555564 0.018171451562499996 0.030604550000000015
2 0.38112228789062497 0.4352647097222222 0.01052031484375 0.034005055555555525
2 0.3144268284533095 0.4384270551876451 0.016762656906619 0.02672771870862347
2 0.35195232578124996 0.45226723888888887 0.019127843749999984 0.040806066666666634
2 0.332824481640625 0.4437659756944444 0.01338949140625001 0.023803540277777795
2 0.09764702100959674 0.44357157254107527 0.0767014107691935 0.026815239526594956
2 0.16390707606568714 0.4446342087044166 0.026050955681125743 0.04587061036894464
2 0.20720669399684866 0.42725976699857726 0.06186992294380274 0.04179870621937675
9 0.016258667578125 0.09521415555555555 0.03251733515625 0.03400505555555556
9 0.06503466757812501 0.07396099444444444 0.028691764843750002 0.045906825
2 0.6003972465209451 0.4332572299054671 0.037063759265258955 0.04513801653301878
2 0.847486933775871 0.3924555917699969 0.01773331057325791 0.017608127571117255
2 0.7507847629044507 0.4063614879243188 0.07555498359374999 0.01832557693528503
