8 0.590733555078125 0.3959886090277777 0.015596924218750008 0.02252889305555554
8 0.3650655375 0.3465983451388889 0.014622117187500016 0.038125818055555524
8 0.417217758984375 0.18976259375 0.017546541406249984 0.06758667638888889
9 0.413318526171875 0.13603985069444444 0.011697692968749961 0.02946085972222223
9 0.3640907296875 0.31627099166666667 0.006823654687500014 0.015596924999999985
9 0.59122095859375 0.36826074166666667 0.014622117187500016 0.02599487500000003
9 0.556615279296875 0.48523768125000005 0.02144577265625003 0.03465983194444446
9 0.7871573355468751 0.3621952715277778 0.028269427343750042 0.03119384861111109
9 0.7836245302492912 0.3308752259493705 0.021012524937784514 0.029573183245770886
2 0.973892234872175 0.5035295768579086 0.05120950994314981 0.03683677211315318
2 0.19298771741469478 0.5056048879628748 0.027141178044638448 0.030610838798254117
2 0.22469320859375 0.49910161805555553 0.014622117187500016 0.031193852777777743
2 0.24521147619582173 0.49849280022490866 0.01666634145414343 0.023044247672039594
9 0.3138881265625 0.48350469305555555 0.009748078125000026 0.017329916666666632
9 0.4063452778954977 0.4631209881204021 0.01334812141599535 0.01815431512969299
8 0.508849694921875 0.4341144256944445 0.007798461718750005 0.025994876388888914
8 0.566850762890625 0.42718245972222224 0.00877327109374999 0.0259948777777778
8 0.180826855078125 0.23048789930555558 0.020470964843749995 0.08664958472222221
9 0.31924956914062497 0.4367139138888889 0.01852134765625002 0.03465983333333335
9 0.5956075937499999 0.4202504923611111 0.013647309374999939 0.02252889305555562
