9 0.21088913001400283 0.47378303652855985 0.0223488256530056 0.0464777508348975
9 0.5940938953125 0.4268742673611111 0.013773429687500015 0.03754534583333332
9 0.3026276029495788 0.436830971210958 0.018446173337336315 0.029009366615982024
9 0.4535527665390536 0.4717369671989635 0.007004174979261535 0.012451866629798284
9 0.737388554296875 0.09479859444444444 0.01560988515624997 0.03428053611111111
2 0.974240530078125 0.47258164375 0.05050257421875006 0.040810159722222274
2 0.9147258081249718 0.47369697972401686 0.035020874896307674 0.0456568443092603
2 0.1280590056406184 0.5361214930371148 0.07591309796519195 0.049189795566230286
2 0.8703660332563157 0.47706936026958713 0.08054801226150765 0.04928863874295146
2 0.5031616117250965 0.5106092960073109 0.0180859968623067 0.04677400868128822
2 0.4647577457699589 0.5108720294128447 0.02299363971008237 0.05129108006319941
2 0.04692457591360772 0.5662708650969923 0.09384915182721544 0.12510894686065124
2 0.351732549609375 0.640022325 0.30944303359375 0.393409938888889
2 0.23432134012973652 0.5404979637959357 0.021363358384473053 0.040705300185906325
3 0.5468282825823423 0.5104490084046802 0.08142353413391526 0.14405774458713821
2 0.589196680078125 0.5103990666666667 0.009182285156250015 0.03264812777777782
2 0.4909664476604364 0.5104038571291751 0.009222737508372792 0.0326577087027948
2 0.4721225359375 0.5030532388888889 0.01377342812500002 0.017956472222222273
9 0.298538806640625 0.3322061090277778 0.013400744531249975 0.023823545833333327
9 0.297794320703125 0.24220604722222222 0.02084560234374999 0.013235302777777767
8 0.3987466 0.4036767465277778 0.008933829687499983 0.02382354583333329
8 0.7488038109375 0.4261767618055555 0.007444857812500061 0.021176484722222236
8 0.78677258671875 0.4327944131944444 0.008933829687499983 0.02382354583333329
8 0.7383810093750001 0.17602953194444446 0.010422801562499995 0.029117666666666667
