8 0.46575151640624995 0.3704529604166667 0.012247985937499983 0.031300409722222214
8 0.6046349289062499 0.3622876340277778 0.009185990624999984 0.025856859722222264
8 0.50205805078125 0.4078773590277778 0.007654990625000036 0.010887095833333325
8 0.5743977140625 0.4078773590277778 0.006889492187499968 0.010887095833333325
8 0.579045383203125 0.3897970013888889 0.00918598828125008 0.019052422222222275
8 0.5028782222656251 0.39660143611111115 0.005358492968750017 0.010887100000000061
9 0.268635500390625 0.37317473125 0.016075480468750004 0.03946572916666666
2 0.42416305078125005 0.45861901111111114 0.034447459375000024 0.04082661944444447
2 0.48310648124999994 0.4463710256944444 0.014544482812500004 0.02177419583333331
2 0.49344071835937503 0.44228836458333326 0.012247985156249985 0.019052423611111084
2 0.6457750609375 0.44705146736111107 0.024495971874999967 0.05035282916666664
2 0.65802304609375 0.4545363472222222 0.022964973437500015 0.048991941666666684
2 0.67983977109375 0.4552167930555555 0.03597845625000007 0.07484880000000002
2 0.607270419140625 0.43412304027777776 0.013013483593750052 0.027217747222222262
2 0.28143369951690095 0.4787351026173739 0.07287122576776901 0.08785496439945588
2 0.21617357611535032 0.4931757533597507 0.08558062961166198 0.107801862724943
2 0.38573498554687496 0.46623998819444445 0.048226442968749964 0.05171372083333334
2 0.4685406940850852 0.4516256050213369 0.027447466517329655 0.03337205448711826
2 0.6181114017466166 0.43917307708907855 0.025203242555733408 0.03296296806704599
2 0.5844463142768104 0.43204819243938414 0.022174992616120815 0.03232206543432367
2 0.7229686764316527 0.4600963813108592 0.07263198411330558 0.09386199595505179
2 0.5580488375 0.4335786951388889 0.015309982812499979 0.024495973611111072
2 0.09255483272802846 0.5092609800782018 0.17505846190188187 0.15188485370753388
0 0.96446274921875 0.4394120645833333 0.023823545312500017 0.12705890972222222
0 0.9391502316406249 0.4407355944444444 0.023823546093749925 0.10852948611111111
