8 0.08131699531018148 0.5003368522827871 0.02637515312036296 0.03770986289890759
8 0.402269771875 0.5076109527777777 0.005358493750000015 0.01633064722222228
8 0.482264426953125 0.5150958326388888 0.00459299453124995 0.014969759722222165
8 0.47920243085937503 0.5146875833333333 0.00459299453124995 0.013608872222222207
8 0.39813608203124995 0.5072027034722222 0.003827495312499973 0.014969759722222243
8 0.09962424140625001 0.5009037298611111 0.015309981250000004 0.04490927916666665
9 0.6091841902343751 0.5143908276015464 0.013778983593749938 0.02889995035246263
9 0.49818682226562505 0.5203842325809327 0.01530998203124998 0.012247984722222247
2 0.4376939749457131 0.5731317769050411 0.011904974891426168 0.021626278810082215
2 0.4124285941740452 0.5772127005551332 0.011067819464409467 0.01920381555640031
2 0.37196415964224955 0.5846044094180147 0.025890172409499135 0.04184976883602932
2 0.3568709017488282 0.5912155509108127 0.018668628497656447 0.04962850182162523
2 0.3429072139046156 0.5956121474051889 0.02690755171308945 0.06416977102308602
2 0.31616373262880104 0.6034875283943856 0.04823670855883111 0.07058674812539464
2 0.2951627166576093 0.6186549288180242 0.0351110735768362 0.06825330190637331
2 0.489077364453125 0.5759275104166667 0.009951488281249966 0.019052420833333313
2 0.4971151046875001 0.5772883979166666 0.007654990625000036 0.02177419583333331
2 0.5089803406250001 0.5745666229166667 0.02219947343749995 0.03538306805555559
2 0.510128589453125 0.5772883972222222 0.013778983593750026 0.029939519444444486
2 0.51127683828125 0.5827319472222222 0.014544482812500004 0.032661294444444405
2 0.51730199546275 0.5829514069489933 0.014742152824499932 0.03582198889798675
2 0.5261738923407189 0.5871534048612366 0.017391466351143147 0.046085562825670855
2 0.5343774142044656 0.5932787011861674 0.01673518460204342 0.050169093708958216
2 0.5443857108782366 0.598820635956343 0.02362614296759071 0.06591985568735197
2 0.24067079991154347 0.6255500642222 0.09553005763558693 0.11704526600004451
2 0.46440072827020307 0.6101961862740719 0.0602151393529061 0.09917146430840557
2 0.5713083124798827 0.6055255174726001 0.05509756714726528 0.07816289561035532
2 0.4255987142911832 0.581611470091061 0.023626142967590802 0.03150152395678766
