9 0.874402637890625 0.19929404791666666 0.15012040859374992 0.28767662638888886
8 0.062387701953125 0.07625163611111112 0.025345003906250003 0.10397950277777777
8 0.25101302031249995 0.12304241319444446 0.020470964062499996 0.0970475375
8 0.27976985234375 0.11177796666666667 0.019496157812500005 0.07105266111111111
8 0.529808064453125 0.29027611458333336 0.022420580468750017 0.07451864583333333
8 0.54637979765625 0.2781451715277778 0.014622117187500016 0.05025675972222222
9 0.312425914453125 0.35266381597222224 0.055564047656250004 0.046790776388888886
9 0.5766336732894068 0.38269119492910125 0.015954291355833393 0.0652537315248692
9 0.542967970703125 0.3535303125 0.025345003906249986 0.017329916666666674
9 0.5223131098635931 0.3700720280633523 0.011395922397023917 0.031064440311887234
0 0.7268699168901712 0.5284331422619948 0.03532735943077379 0.1465431206017289
1 0.6659017320660936 0.47778459827522224 0.02355157295384922 0.04524603262818366
7 0.6746386059038119 0.5186410904245521 0.037986407990079483 0.0553757414255381
0 0.5819602835937501 0.4878371708333333 0.015596925000000006 0.07798462777777779
9 0.468395169921875 0.4453788729166667 0.030219042968749932 0.020795898611111124
2 0.02336164091389889 0.5635900042059444 0.04672328182779778 0.2141555888103335
2 0.04045552450943467 0.5098620094668448 0.03380790311117075 0.05132385790659626
3 0.0981948646543555 0.483524766593723 0.06419702950323435 0.0837389260581308
2 0.06534257199948423 0.5091843023098068 0.017485648188531544 0.02835839815816412
2 0.1225061657680064 0.5061477829078148 0.04520382550819459 0.04794728830747812
2 0.1608724378379867 0.4977063589100194 0.03684681575037709 0.0391682073497709
2 0.19942864194791735 0.4993946437095785 0.01747374767543659 0.024986615033474557
2 0.21327513515915714 0.4931155990541279 0.017130975005814265 0.02268779810825568
2 0.20189775846727254 0.47913522611486936 0.02241198071414694 0.016882847995590883
2 0.22274359257812498 0.4757062298611111 0.012672502343749992 0.012130943055555576
2 0.24045396257720322 0.5139138929857866 0.053180971186111314 0.06888201982201084
2 0.34301726415041783 0.5071607537875503 0.03722667983027787 0.05267448574624357
2 0.36239033222535844 0.5007452715492258 0.02203211663424609 0.03714226559029999
2 0.3747359148221343 0.49466744627081294 0.0117757864769247 0.029038498552416234
2 0.3791043517409934 0.4869013361928412 0.015194563196031786 0.024311301113650863
2 0.3636033265625 0.4761903611729805 0.013647309375000027 0.010397949999999965
2 0.2927256228385224 0.5275566089651333 0.07551225335033847 0.09562170144920835
2 0.4055049052940987 0.5071607537875503 0.045963553667996225 0.07158327550130536
5 0.7603968267719949 0.4546977994423996 0.47920634645601 0.20082048530525778
0 0.4850238086274512 0.5022165352409884 0.012030407745097537 0.049539187851356324
2 0.513763963923979 0.48603672752476273 0.01632974715204183 0.023932711617141205
1 0.6769177903832166 0.5004076145893138 0.02507102927345244 0.0742845311805999
2 0.32250460383577495 0.4966933880302839 0.012155650556825437 0.027687870712769087
