9 0.6042714204835882 0.3386413825354673 0.03642363707503567 0.0262512699639897
9 0.46326691796875 0.3171229277777778 0.011462274999999966 0.012735863888888904
9 0.44870028125 0.31657010480491415 0.014805429687499937 0.016724562387605956
9 0.43341725429687494 0.31503155227793656 0.015760628906250053 0.0174682212225398
9 0.4204816431213185 0.3169463177875393 0.010110591882362829 0.014362664424921413
9 0.39065171115162184 0.3161819626773872 0.03576735532593598 0.022167739080702416
2 0.5161655956669478 0.3681011410506113 0.019032170723892516 0.0431687550518942
2 0.4958208614448557 0.37480979893029753 0.04790856768428124 0.06008624013979866
2 0.43879248897503303 0.3856019876932711 0.060897923262566066 0.08517078699427773
2 0.8680461847961745 0.44144039480970243 0.2639076304076511 0.3297994319927021
4 0.29740508359374995 0.3371364229166667 0.04871466562499997 0.028018895833333345
2 0.18175506398256824 0.34525319307629004 0.039306943909863536 0.021974044402975443
3 0.09195628308786438 0.33562772603393826 0.07562607757427123 0.04122497293212347
2 0.14454605523921835 0.34301659419613223 0.029204537834938548 0.022167739080702454
2 0.47760904290733774 0.35497550606861644 0.010828648860145762 0.02158437752594706
