8 0.35306745 0.4209410868055556 0.014010612499999997 0.024907756944444435
8 0.46795447734375006 0.4612086263888889 0.01681273593750001 0.027398530555555488
8 0.54921603359375 0.5039669381944445 0.01681273593750001 0.024907754166666664
9 0.7189779695312499 0.4823802201388888 0.012609551562499988 0.014944654166666677
2 0.9143328403212134 0.6672101527857519 0.061537980943928615 0.07968704253918896
9 0.5893797984375 0.5321957333333334 0.011208490624999979 0.019926205555555517
2 0.338356306640625 0.550272019134322 0.01821379765625002 0.024528952157532855
2 0.40350565703125 0.5467252576388889 0.011208490624999979 0.04732473750000005
4 0.3768854921875 0.5342713784722222 0.042031839062499986 0.07223249305555551
3 0.5183245370246348 0.5567963268945875 0.03760654391017866 0.06415482238324538
2 0.4455805657236326 0.5628741521730002 0.08205064125857175 0.13438747004490345
2 0.5935376248449922 0.5946139064047111 0.03760654391017866 0.05470042750571448
2 0.6216475667576511 0.6000164177633002 0.05204137894640892 0.06820670590218722
2 0.6877439166603893 0.6067695569615366 0.11130017541093293 0.12223181948807801
2 0.7963850435120167 0.6489766769505136 0.18803271955089357 0.18503601403167608
2 0.07312383538090303 0.5145892069056103 0.07711240821986137 0.09589457661495623
3 0.14662753484170685 0.515264520825434 0.07749227229976216 0.08779080957707255
2 0.021652252554345313 0.5230306309034056 0.043304505108690626 0.07495984510042358
8 0.30052765078125 0.4153368416666667 0.007005306249999998 0.022416980555555535
