8 0.44051299882812495 0.37546848402777777 0.007910150781250014 0.02812497916666672
8 0.505112563671875 0.37546848402777777 0.007910150781250014 0.02812497916666672
8 0.495224875 0.3813278555555556 0.006591792187500012 0.021093736111111146
8 0.011296682421874999 0.22078109097222223 0.022593364843749998 0.13124990972222222
9 0.0113873171875 0.12585928333333335 0.022412093749999997 0.04453121944444444
9 0.02193418515625 0.3731247368055556 0.030322245312500003 0.046874968055555515
9 0.5127575078104216 0.3602257600614143 0.028473473433343433 0.043752116606649474
9 0.5697121289062499 0.35437474861111107 0.03427732031249997 0.08906243611111107
9 0.5573472754229566 0.3818101375873615 0.04298645456603314 0.06241968635882
2 0.12205032887212544 0.44352929969216826 0.09492803356720866 0.08438047428196324
2 0.193985398830865 0.4364506159978155 0.06592879141172994 0.07022310689325788
2 0.4388884197104529 0.4407296546176495 0.017391466351143147 0.029751439292521633
2 0.45299847731609744 0.4328542736284525 0.018704029849342607 0.03966858572336223
2 0.4656319009862675 0.4398546122855165 0.017063325476593328 0.025667908409234347
1 0.479404573828125 0.44226531388888884 0.01713866015624994 0.04921871666666667
6 0.4803918936089248 0.4677033597208901 0.015820300781249942 0.0381966482280874
2 0.5020555380613032 0.44714663171995805 0.018375888974792788 0.032084885511542975
2 0.5447138517527865 0.454146970377022 0.04331459544058305 0.0729201943444159
2 0.5860441135770426 0.46814764769114986 0.0754414244084149 0.10908861073924617
2 0.4146059949937625 0.451521843380623 0.043642736315132866 0.058336155475532635
2 0.04207944345101056 0.4433140559300562 0.08415888690202113 0.10805869369544309
4 0.0678057382622919 0.36739936440170445 0.1356114765245838 0.11042417324785328
2 0.8439306902343751 0.5467212346376236 0.31113259921875003 0.3893804664974692
