2 0.11352853907239176 0.27278498407113433 0.22705707814478351 0.27889491719343495
8 0.04577517898114747 0.11748396597983997 0.027464445162705055 0.030383034706986757
2 0.3819559779760503 0.23363630267950838 0.1719458182641326 0.27943018472780157
3 0.9390818907731997 0.15349863027817642 0.12083019814110027 0.30699726055635285
0 0.5202673565988211 0.2304278141283541 0.016078902852943777 0.11433886473204405
0 0.5539017962401829 0.22428902301536313 0.029532678709488457 0.15461780158628177
0 0.5785123618314232 0.2152604137047157 0.021657297720291523 0.10267163363693756
0 0.6052558431072378 0.21940643880474425 0.04167389106783368 0.13054799983171064
0 0.6405309871213489 0.24617857610674795 0.04265831369148323 0.15050728112687434
0 0.7334661156064518 0.22467568935429805 0.04514091871290367 0.13751034537526277
0 0.7703278799122955 0.21884879512167288 0.0363892832620909 0.17949893468779016
0 0.6590709465334167 0.21496873292733795 0.023298002093040893 0.12075584183435269
0 0.594591264684367 0.20796839427027405 0.015750761978393778 0.09625465653462896
8 0.51325700546875 0.020920523611111113 0.021121687499999986 0.03754966666666667
8 0.0363005351654924 0.016807909340721572 0.025564462481515206 0.03290059645922092
8 0.5514407396810588 0.09917146430840557 0.016735184602043505 0.03266824706629832
8 0.4830143990711292 0.1360964474219777 0.011174726267258439 0.044681888489377916
8 0.45237822578125 0.14671864930555556 0.007910151562500013 0.02343748472222222
2 0.29352201228485997 0.242678406778216 0.012797494107444995 0.04783564748993688
