8 0.695525396875 0.3368852673611111 0.016571732812499997 0.06029146527777777
8 0.40064602460937504 0.29287560138888885 0.017546541406249984 0.04159179999999998
9 0.39869640820312496 0.32060347083333335 0.025345003906249986 0.02426188333333334
9 0.28561869843750004 0.4042162076388889 0.017546542187500024 0.0649954208333333
8 0.6782578234375001 0.34139936875 0.01406418437500001 0.045057784722222195
9 0.6045027127936573 0.4998176193115008 0.013891006837314545 0.025693885845224033
9 0.6562227729322083 0.5347853634397408 0.011697693750000049 0.03465983333333335
8 0.8580158375 0.39749972708333337 0.014017176562499855 0.046874968055555556
8 0.8992602375000001 0.3275354354166667 0.010722887500000056 0.020795898611111124
2 0.5801379194264916 0.5442186051378722 0.135212619240688 0.1113254996829263
2 0.5071470364735539 0.5343625710425566 0.017948577775312557 0.028930103196224147
2 0.4937853174630433 0.5346460303243722 0.013561147652458328 0.0283631846325927
2 0.4810218843783766 0.53358241090065 0.017549720491416742 0.04183569733307419
2 0.46606473623228284 0.5410277468667055 0.038689156537895994 0.04538109541214834
2 0.4242367062224071 0.5273483630822232 0.03938290150731403 0.03362207939110936
2 0.3218778281039386 0.5176281195448166 0.08136688591475028 0.059562687728444606
2 0.21714035444356297 0.5101827835787611 0.0969971932621259 0.05601728964937054
2 0.11207889677472956 0.4952921116466499 0.08615317332150028 0.0673625635024076
2 0.03769201332815638 0.477094428519038 0.07538402665631276 0.11935768130555739
2 0.8774860245708365 0.5984631957477058 0.023931437033750134 0.03829029925400012
2 0.8308197223550238 0.5903087801658354 0.04626744493191683 0.04325385656470383
2 0.7484556932305338 0.574354488810002 0.019544006910895816 0.03545398079074084
2 0.7807631332260965 0.585699762663039 0.05304801875814604 0.04538109541214834
2 0.7099659653345858 0.5754181082337242 0.06142402171995851 0.04609017502796312
2 0.9320757746093751 0.6576703604166666 0.13484243203125015 0.17156618194444442
9 0.983676687890625 0.33304664652777777 0.03164060390624997 0.058593709722222206
