9 0.7013742453124999 0.05718872638888889 0.045815968749999936 0.05892171666666667
9 0.615116642774957 0.2671936418343527 0.027268839450085826 0.05136391633129465
9 0.6086067055734075 0.23828636180555557 0.01884293729068487 0.032926843055555585
9 0.48740392265625 0.34139936944444443 0.015596925000000006 0.03465983611111108
9 0.5030008484375 0.26510914389871076 0.033143467187499984 0.07286282886924522
9 0.36993957734375 0.32840193194444445 0.018521350000000013 0.012130941666666652
4 0.24151168366870532 0.4640641168078626 0.01968845247299229 0.0239178237449684
2 0.28416999736018866 0.48389840966954367 0.02428242471669049 0.042585393497138885
2 0.3025458863349814 0.4666892438042615 0.022969861218490983 0.03966858572336223
2 0.21329156845741643 0.5098579988561557 0.046596004186081716 0.07467027900868185
2 0.15701540847211345 0.5334841418237465 0.02132915684574166 0.042585393497138885
2 0.10047964936702095 0.5508057730661062 0.09568005185904185 0.08261241002110119
2 0.25775465695892397 0.5066495103050015 0.05479952604982854 0.08458742543952245
7 0.1765397905078308 0.5375676727070338 0.040689468444184064 0.054252624592245266
1 0.17128953651503287 0.5194834645096186 0.022313579469391255 0.0717534712349052
1 0.092119341796875 0.5562903444444445 0.024370196093749998 0.07278565277777777
7 0.09577510718572717 0.5684273705101505 0.041429806558954355 0.0485359382425234
0 0.011649001046520434 0.5833030901564114 0.02329800209304087 0.08878788552064086
2 0.3671896386213061 0.5241503569476612 0.1378191673109459 0.19775956706205583
3 0.3468449043992141 0.40543628055495223 0.07153471065187192 0.08983767943232036
2 0.6544769742897184 0.3473918058567972 0.03314222832953702 0.04491883971616015
2 0.7281446006261646 0.30655649702392423 0.017063325476593328 0.026251269963989663
2 0.7648963785757502 0.31851540889640856 0.05447138517527863 0.08400406388476701
2 0.8300323421738998 0.26542950741367377 0.015422621103843959 0.021001015971191746
2 0.8082109740163332 0.2768050577314026 0.017063325476593238 0.0239178237449684
2 0.6068965474799871 0.36751777949585596 0.03379851007863675 0.0595028785850433
2 0.5755590939604744 0.38268517991949447 0.05512766692437836 0.07350355589917118
0 0.5353618368281151 0.3940607302372233 0.010828648860145762 0.04841900904469219
0 0.5181103699218751 0.413318525 0.03021904296875002 0.0987805277777778
0 0.49746156581760503 0.41914527709170246 0.02756383346218918 0.1009215489726716
0 0.46579597142354245 0.4261456157487663 0.02723569258763936 0.10675516452022484
0 0.8539866260160401 0.28526380027535486 0.02789197433673891 0.08400406388476706
8 0.2864756894405428 0.3302697892283827 0.010483096068585685 0.03050909932101236
8 0.1596279828125 0.3455243381944445 0.011682687499999988 0.030209779166666687
8 0.1495383890625 0.34930056041666663 0.008496500000000018 0.02643355694444441
8 0.2784538189925943 0.33549791295437587 0.011432356735188654 0.029038039797640598
9 0.014656449609375 0.4522026173611111 0.023365375781249996 0.03209789027777777
