8 0.19372922778769874 0.5059358675566499 0.0075943756746025045 0.024562784331144626
8 0.19927783321383966 0.506288876462276 0.011697539865179296 0.024704427924552085
8 0.15587001914062498 0.5607083013888888 0.009560483593749992 0.021852536111111064
8 0.107384705078125 0.52185935 0.016389402343750005 0.021852536111111064
9 0.1415292921875 0.5012208430555556 0.013657834374999988 0.024280594444444463
3 0.32198167933213356 0.605256122133405 0.04131144147676706 0.11580429426681012
3 0.39664738803028826 0.6361041508237578 0.09890323800192333 0.1337952794252935
3 0.2431130111365088 0.5966398481641819 0.032668310871468355 0.06010293886430362
4 0.4999011291494462 0.678352832462842 0.06989499070174628 0.07495984510042351
2 0.33693943887200517 0.6351327415941292 0.00835700975781748 0.012830964476649125
2 0.3430172641504179 0.6368210263936883 0.009876466077420609 0.01620753407576727
2 0.4282967500881464 0.7084043018949937 0.09990425301390911 0.13506278396472707
2 0.4726376220691453 0.7943455104064389 0.1377558050757906 0.19558582640934447
2 0.7417984337044682 0.8027813830134851 0.5148857622785636 0.3944372339730297
2 0.2232567355499267 0.771290359930146 0.3929065117248534 0.4574192801397079
2 0.22448526349296669 0.5949667853556094 0.012944194173433354 0.017527717933441284
2 0.20645612742608205 0.6087954987210075 0.05735947606502003 0.04524603262818358
2 0.11984711720870082 0.5868477963267393 0.019373068074940547 0.05267448574624364
2 0.09515595201514915 0.5841465406474448 0.03456763127097236 0.05942762494447994
2 0.05887893238462322 0.581782941928062 0.053940699345912876 0.06550545022289268
2 0.013865038916379016 0.5807699710483266 0.02773007783275803 0.06618076414271622
2 0.5430157022181865 0.7165080689328773 0.02773007783275796 0.04186946302906544
