9 0.8003172414062499 0.4159180138888888 0.04679077656249993 0.017329916666666712
9 0.808603108203125 0.37692570138888887 0.024370196093749998 0.05372274444444448
9 0.702836456640625 0.4150515180555555 0.03119385078125001 0.07105266111111111
9 0.2217444074286384 0.4626259936279769 0.012623746107276812 0.044892190033731634
8 0.326073224609375 0.3214699638888889 0.012672502343749992 0.04332479166666666
8 0.58585951484375 0.4618422951388889 0.013647309375000027 0.025994876388888914
8 0.57026258984375 0.45924280833333336 0.009748078124999981 0.027727866666666677
8 0.341670149609375 0.32233645902777774 0.014622116406249974 0.04159180138888886
8 0.23346647851562502 0.36306176458333334 0.012672502343749992 0.04332479305555555
8 0.22469320859375 0.36306176597222223 0.010722885937499971 0.046790776388888886
8 0.926067453515625 0.24695131944444448 0.05263962421874986 0.08145061111111111
2 0.17936464296875002 0.5285624763888889 0.01949615781249998 0.017329916666666632
2 0.2100467125067634 0.5278534985225796 0.036019135951026814 0.022213852954840973
2 0.24601162846242142 0.5238965338570104 0.02267528682515709 0.01972983506375701
2 0.3260492135020051 0.541181173525403 0.024943655677749053 0.0687788782406867
2 0.7540407113935934 0.5271753912702246 0.1550481321621869 0.10248682706451773
2 0.15449794894279245 0.5285113801652765 0.03410663123284048 0.03076949816030721
2 0.35574664639857756 0.5386654538192417 0.02936066814034488 0.04564773402818337
2 0.3928475609375 0.54589239375 0.044841160937500034 0.05545573472222224
2 0.29143352807165956 0.5497785333054888 0.08195772579831821 0.1384627417213824
2 0.22856533467978188 0.6307747122862974 0.20362167900203287 0.19728678232196956
2 0.02927061635654223 0.5750666893241966 0.05854123271308446 0.08607645920394873
2 0.9450762066406249 0.5480611081760985 0.10820367109374995 0.15337471635219696
2 0.5000764249999999 0.7226575493055555 0.29439197031250003 0.3708602291666667
0 0.5541782601562499 0.5198975173611111 0.016571732812499997 0.04852376805555549
