8 0.8066101308593752 0.15363217083333333 0.028812703906250015 0.06943505555555556
8 0.5517777921875 0.0415154625 0.023690445312499975 0.07284223611111111
8 0.671830715625 0.31526786944444446 0.00640282031249999 0.01707419444444444
8 0.1207223203125 0.14395679166666667 0.024330724999999997 0.027318708333333337
8 0.302684708203125 0.3218307611111111 0.014679917968750011 0.018817186111111106
8 0.830766228125 0.27717107430555554 0.023690445312499975 0.03528666805555558
8 0.810277197265625 0.27774021597222226 0.01984875078124997 0.03187182916666664
8 0.6396419753906251 0.3278245131944445 0.00384169296875001 0.01365935416666666
9 0.07379615164226208 0.34814798146357845 0.01567967171547585 0.023096728739509666
2 0.6290773171875 0.36937172013888886 0.023690443749999977 0.03301010694444446
2 0.6997549334289955 0.3765213099858043 0.04467260904549093 0.060968639416053114
2 0.6521799881678694 0.3981442611205106 0.05479952604982854 0.0729201943444159
2 0.5783482913941483 0.3751014797076752 0.046924145060631604 0.05716943236602208
2 0.5419246543191125 0.3660593756089676 0.014766339354744229 0.0192509313069258
2 0.48384371952378535 0.4392712507307612 0.13880358993459554 0.17850863575512999
2 0.42818696454611943 0.3730597142660316 0.0340528974702611 0.03558505484007498
2 0.17217875546875 0.36807083472222224 0.03201411406249999 0.030733550000000026
2 0.12469353232895113 0.3654760140542123 0.043314595440583026 0.042585393497138885
2 0.08098251347395416 0.3830968145250754 0.05067025976040832 0.05167927071681749
2 0.029532678709488426 0.38035173370047315 0.03347036920408688 0.03733513950434097
0 0.35619691932388536 0.358767356174526 0.014110057605644455 0.053669263037490075
0 0.32681814081753446 0.3579521570700581 0.015114820697568953 0.05179949191789402
0 0.9647789260241957 0.41285846392740966 0.03685684736089119 0.15109658341037482
9 0.258674032421875 0.20204462291666667 0.05570455703124999 0.07398817083333332
