9 0.371111253125 0.3485881604166667 0.02027078281249999 0.01801847083333333
9 0.43972005664062497 0.42412714722222217 0.014033619531249996 0.027720730555555503
9 0.5418536152343749 0.4414526020833333 0.00935574609374994 0.01801847638888887
9 0.6159199363281249 0.37145776180555556 0.01403361796875 0.011088293055555533
9 0.670105298046875 0.3742298340277778 0.019491136718750024 0.013860362499999942
2 0.25711504007933356 0.5837349107854272 0.2685339932788329 0.2776344354597433
2 0.3690634401270841 0.5065725341059271 0.13935914431666824 0.2064718709896318
2 0.4315635811752932 0.4945830320308351 0.035099440982833394 0.11841629584107459
2 0.45383499787751125 0.4921833332384639 0.036026337942522434 0.08067091647692783
2 0.4587936096526466 0.4837386233952786 0.04126569118029329 0.074869788457224
2 0.491176658984375 0.47887558472222225 0.012474328906250064 0.026334691666666684
2 0.48128521140951125 0.4775026477663712 0.009843635319022503 0.026360892754964657
2 0.5039575037661675 0.4803722783045749 0.009968780969835134 0.023341304501961386
2 0.5179161831387413 0.47933782029081645 0.021139436046479256 0.029781343864222265
2 0.5334716172106789 0.47969236009872385 0.021139436046479256 0.03190858271166677
2 0.5591979120219602 0.4779196610591868 0.035897155550625115 0.06381716542333354
2 0.6309922231232106 0.4945830320308351 0.08695088788929199 0.1340160473890005
2 0.6553014210203763 0.5266938430555556 0.06784793110325235 0.1524640055555556
2 0.8334103251794683 0.5215596747187443 0.33063109339106356 0.43942982015334303
2 0.9783221358789982 0.7729862934188955 0.04080747199200374 0.2791352923933464
