2 0.28954470915798286 0.3506571572966938 0.07338823949653425 0.09608116737116525
2 0.22720252633604732 0.34596659563807874 0.07328313392209469 0.08670004405393522
2 0.432467239453125 0.37179943263888887 0.10938370859374995 0.17950147083333334
2 0.4887711828328679 0.3588279668840488 0.015390905442330549 0.05159617824476517
2 0.35226018448067203 0.33546970931695785 0.04051273416365588 0.050221759143862
2 0.383560100390625 0.32972877500000003 0.019983561718749997 0.05422440277777775
8 0.123247907421875 0.2540015923611111 0.010517664843750007 0.0299169125
8 0.26576225859375 0.06795579722222223 0.022087095312500037 0.06918285833333332
8 0.51187560390625 0.021210624305555557 0.01998356250000004 0.03552633194444445
8 0.549213312109375 0.23343371527777776 0.014724730468750025 0.033656525
8 0.28311640625 0.07356521805555555 0.014724729687500026 0.06170363055555555
8 0.723806539453125 0.20164699652777776 0.012621197656249982 0.033656526388888885
8 0.132713806640625 0.2540015923611111 0.008414132031249988 0.026177298611111077
8 0.7600924812500001 0.20071209305555557 0.030501226562499983 0.046745175
8 0.529755633203125 0.02027571875 0.013672963281250006 0.0299169125
9 0.744841868359375 0.07263031666666667 0.016828263281249978 0.037396138888888895
8 0.35042945625 0.28017889027777776 0.00841413124999999 0.02617729722222223
0 0.636166586083174 0.391989813903644 0.02665924716634809 0.1525691833628436
