2 0.12109988933699167 0.4955306636941622 0.12905535651971375 0.13409709292357883
9 0.4377406195393128 0.43371166731927785 0.034388489078625725 0.09639952074966682
2 0.30142381214535885 0.4661969246171294 0.017089522096217724 0.044000608615549275
2 0.35269237843401224 0.4604349401555693 0.01473234663467049 0.03247663969242917
2 0.3858923062194811 0.4533073763000196 0.009619053063962203 0.027874363711150353
2 0.4079897746093749 0.44787413541666665 0.01315453203125001 0.02551181805555558
2 0.4187525734375 0.44681113958333335 0.008371065625000007 0.027637801388888918
3 0.8574459263953497 0.4191363160346113 0.2851081472093006 0.32740166527777775
2 0.6888201982201082 0.4469934993118348 0.04775434147324278 0.06688823586824581
2 0.6580692965138534 0.4344519550865388 0.03690108204750571 0.058527206384715036
2 0.637448103604953 0.43284406480124443 0.015194563196031829 0.04373461576000687
2 0.6238815293227817 0.4524603262818357 0.024962496679195124 0.046950396330595605
2 0.6027176734425946 0.4547113726812479 0.03183622764882852 0.06174298695530377
2 0.556115240313356 0.4902394550744235 0.09175776500171215 0.1527621629266249
2 0.466580552142719 0.4425847640606818 0.02031636991043806 0.02627165034358588
9 0.5104649683238301 0.43187933063006784 0.01664166445279678 0.04437777187412458
4 0.18179715747183423 0.4478633376939838 0.16441298844292299 0.12466839107738963
2 0.31586151184733596 0.4661969246171294 0.021214579153925595 0.03561954030782562
