2 0.522728413157945 0.39571339999999994 0.10697392510325807 0.14830589722222218
2 0.8477310717635653 0.4570594299547028 0.23548085326765697 0.24327722935385004
2 0.6478275265344375 0.3867298041563621 0.107475326506375 0.06658103053494648
2 0.1255138845153258 0.29955615836686034 0.18605587586977707 0.13242307292945918
2 0.20804131446461843 0.3100566663524562 0.0538151034261789 0.07175347123490528
2 0.3217421274961489 0.32609910910822776 0.05086183555523007 0.05600270925651137
2 0.36472858206218206 0.3295992784367597 0.04823670855883111 0.05133581681846873
2 0.40361518670384927 0.34126489161046963 0.034786754717301346 0.032665011223505125
2 0.4272240851514432 0.3454580796890016 0.020314067197113504 0.02705071006644124
2 0.45053742075697334 0.35293374062697275 0.021001015971191795 0.025667908409234347
2 0.4762701203824083 0.35708581030148295 0.01733874829768327 0.02669755393629928
9 0.77535743984375 0.25017957500000004 0.028846884375000048 0.04851127500000001
9 0.77028974375 0.2785933215277778 0.026507946875000066 0.030492801388888918
9 0.8572202156250001 0.2210728097222222 0.027287592187500032 0.023562619444444464
9 0.4868886078125 0.12405025972222222 0.013253971875000038 0.012474327777777777
