9 0.444999781640625 0.2798781638888889 0.05751366328124998 0.057188727777777774
9 0.523959216796875 0.27814517222222224 0.06531212421875007 0.057188727777777774
9 0.621440001953125 0.3041400479166667 0.02047096484375004 0.03639282638888892
9 0.622414809765625 0.33879988263888894 0.022420580468750017 0.032926843055555544
9 0.695525398046875 0.31540449444444446 0.00877327109374999 0.013863933333333339
9 0.69601280234375 0.33186791527777776 0.007798464062499999 0.015596924999999985
9 0.5614893191406249 0.3336009076388889 0.011697694531250047 0.02252889305555554
9 0.554665664453125 0.3475095148058842 0.00974807890624998 0.033016190722879556
8 0.37091438515624997 0.3587292875 0.004874039062499991 0.02079590000000001
8 0.5307828718750001 0.36652775000000004 0.006823654687500014 0.01906290833333336
8 0.182289067578125 0.2313543951388889 0.027294621093750006 0.05025675972222222
8 0.203734839453125 0.2322208909722222 0.017546539843750007 0.05545573472222224
8 0.20617185937500002 0.0909820652777778 0.004874039062499991 0.0987805277777778
9 0.3138881265625 0.3249359493055556 0.007798462500000003 0.05025676250000003
8 0.47716844062499997 0.3604622791666666 0.006823654687500014 0.02079590000000001
8 0.3236362046875 0.4020540805555555 0.007798462500000003 0.02079590000000001
2 0.4505605118544388 0.4264450021979137 0.02104719816612253 0.027985943284716243
2 0.46625358535655986 0.42515008230085266 0.01305644022438015 0.026593649287183673
4 0.485454307421875 0.4159180145833334 0.029244235156249944 0.04852376805555557
2 0.48106767148437496 0.4263159645833333 0.014622116406250019 0.027727868055555563
2 0.4893535386718749 0.42025049375 0.013647310156250026 0.03639282638888888
2 0.507387483984375 0.41418502291666665 0.026319811718749975 0.031193851388888857
2 0.5243501800546996 0.42702065808089934 0.023588268015600898 0.03733513950434097
2 0.5376065269531249 0.42284998124999995 0.012672502343750036 0.051989751388888866
2 0.5594801911075307 0.42031200020121307 0.0538151034261789 0.06358640946833063
2 0.5936907179981128 0.4303052242942205 0.04282606556627435 0.06343425414399673
2 0.6405309871213489 0.42789570041303226 0.07350355589917115 0.09508793342511829
4 0.6018103639244641 0.38501862613851573 0.04003318669508431 0.025667908409234347
2 0.7543319558126937 0.4079910942212902 0.08544445693788746 0.07772771344258042
2 0.8002494995087461 0.39291880579708166 0.03132933692000739 0.03213448285028101
2 0.8977980261718749 0.38732365069444447 0.05848847109374997 0.032926843055555585
2 0.837915346561356 0.45408230274221006 0.1473319915602122 0.1456482471510868
2 0.3921934643673969 0.4267281364764917 0.014964241668692858 0.025086228508538966
2 0.35726707578125005 0.42978194791666674 0.004874039062499991 0.020795901388888892
2 0.352880440625 0.42978194791666674 0.007798464062499999 0.020795901388888892
2 0.34800640078125 0.43151493958333337 0.009748078124999981 0.020795901388888892
8 0.311451106640625 0.3951221138888889 0.010722886718750014 0.017329916666666712
0 0.3367961109375 0.4271824604166667 0.006823654687500014 0.02946085972222221
0 0.32119918515625 0.42804895625 0.006823654687500014 0.031193851388888857
0 0.27099658125000003 0.43064844375000005 0.00584884687499998 0.05025675972222222
0 0.26319811875 0.42978194791666674 0.005848848437500021 0.055455734722222164
0 0.2520121916543012 0.4360627621796069 0.02690755171308945 0.10675516452022484
0 0.10221588242228494 0.4780647941219904 0.03117338308223777 0.18842578218597056
0 0.3289976484375 0.42978194791666674 0.006823656250000009 0.038125818055555524
8 0.38336250518799925 0.4049375431611635 0.0063748900634985175 0.01616487521121586
8 0.444999781640625 0.3951221138888889 0.00877327109374999 0.017329916666666712
4 0.4162541297799148 0.4068414641093788 0.037721339746429286 0.08119369677591379
2 0.3732602448004787 0.43285427362845263 0.02526684734034008 0.033834970175809
2 0.7066129827717292 0.46212131453099137 0.13817730304345838 0.1686582373953161
2 0.9264020074218751 0.5035495640533604 0.14719598515624988 0.3119385083333333
0 0.30336623852135614 0.42702065808089934 0.01214121235834531 0.057169432366022004
0 0.13988492578125 0.46866069591584414 0.045815968750000005 0.19906691683168828
0 0.19739858867187499 0.43324793194444444 0.014622117968749992 0.06931966944444447
