8 0.334978740625 0.7646505104166668 0.006026790625 0.01836735416666673
8 0.30263087578125003 0.7829085159722222 0.006887757812499995 0.013775515277777749
8 0.255277537890625 0.75076564375 0.00860969765624997 0.01989796527777767
8 0.268192084765625 0.7943881131944445 0.00860969765624997 0.015306129166666614
9 0.13018818561492088 0.7664812989998264 0.018443863417341767 0.024311301113650863
9 0.35988536640625 0.7633166902777778 0.02066327656250002 0.007653063888888943
9 0.484138966015625 0.6089969652777778 0.08007018828125005 0.11479596944444445
0 0.15411358984375 0.8383932319444445 0.012053576562499991 0.036734711111111075
2 0.1777839482655063 0.8400905162606026 0.03721156208640941 0.04186946302906544
2 0.23687541857109168 0.8292988916167212 0.011836115982816642 0.025688725099891327
2 0.22829831202037779 0.8313114353028954 0.015954291355833393 0.029713812472239927
2 0.21557286534370115 0.8326620631425427 0.025450893353353266 0.036466951670476214
3 0.08792390301814504 0.8150518382698252 0.053590098223790086 0.07438865709520585
2 0.254728198094177 0.8330369107549928 0.02778874287414599 0.061379185398874214
2 0.5360340699728516 0.8257990315082446 0.03665190222036596 0.035294424360352315
3 0.454251580626498 0.8145942080461411 0.11960932229468302 0.23921864458936584
2 0.33576181676969835 0.8897958694444443 0.2449756827090936 0.22040826111111123
2 0.04691321386774819 0.8511049686600017 0.09382642773549638 0.16030585355358354
9 0.127628008984375 0.7884187298611112 0.012914547656249997 0.019897965277777825
2 0.6011348568185727 0.8082956318162066 0.02126397542535461 0.020197300256475457
2 0.7071554657262409 0.8357416054225019 0.3535706647079806 0.3285167891549961
