4 0.015044233593750001 0.8479500752688911 0.030088467187500002 0.16862982168443968
2 0.0444163109375 0.876227201388889 0.028655687500000006 0.04584909722222221
2 0.07880313632812501 0.8810031486111112 0.06017693984375001 0.07577836944444445
4 0.15026317855409171 0.8583969986111111 0.0920565428918165 0.12226426111111108
2 0.1258091088119703 0.9058471307138054 0.09162975555091477 0.10515066598200222
2 0.37859534609375 0.9399065034722223 0.23927497656250002 0.1171699152777778
0 0.2478716859375 0.8845055118055557 0.014327843750000024 0.05858495694444454
0 0.22996188046875 0.8794111652777777 0.0128950578125 0.05858495833333326
2 0.206320939453125 0.8794111666666667 0.008596707031249994 0.04330192777777771
0 0.34207725234374997 0.8692224819444445 0.011462275000000011 0.017830202777777672
0 0.590163867578125 0.9276800715277778 0.02722290234375002 0.14264163749999992
0 0.5050564671875 0.9276800729166667 0.030088467187500002 0.10698122638888886
0 0.6476185078125 0.9167640937500001 0.022924548437499935 0.09315277083333326
0 0.6239737910695574 0.9334816663257739 0.03009601629838512 0.12594410901511882
0 0.6963968201409051 0.9353215881944444 0.028528390968190022 0.12735860138888883
3 0.8041632344132387 0.8805247461561799 0.21982054344118654 0.2389505076876402
0 0.7901128688306287 0.933174690972222 0.04433650176020994 0.12990577638888887
0 0.9030868493655799 0.941718986194886 0.04727024297074287 0.11656202761022788
0 0.9889370738281251 0.9356740511214371 0.022125852343749842 0.1222642597222222
9 0.9221153177663488 0.6003068758726597 0.0746612823007455 0.0663655842673291
9 0.925918952734375 0.6533496430555555 0.053013021093750015 0.0585849555555555
9 0.36321082109375 0.65640624375 0.027222901562500023 0.043301926388888905
9 0.36321082109375 0.6895194784722223 0.027222901562500023 0.022924548611111106
9 0.36249442890625 0.7086232701388889 0.025790117187499996 0.015283031944444442
8 0.181247215234375 0.6334816909722223 0.010029492968749998 0.04839626527777775
8 0.9785082351562501 0.7557844526698672 0.04298352968749999 0.06367930277777781
9 0.53944328984375 0.7781610770833333 0.027222901562500023 0.017830204166666558
9 0.538726896875 0.7959912798611111 0.020058979687500055 0.01273586249999994
0 0.556421591796875 0.9150517534722221 0.02179474921875002 0.10196374027777783
