8 0.06601810195312499 0.20097528194444444 0.026507946093750002 0.04712523888888891
8 0.5357545097656249 0.5246147875 0.008576100781249974 0.026334691666666604
8 0.448434215234375 0.5363960972222223 0.008576100781250063 0.011088291666666647
8 0.49911117109375003 0.5793632263888889 0.005457517187499939 0.011088291666666647
8 0.099542858203125 0.18087775277777776 0.028067238281250007 0.09563651111111111
9 0.7573037738281251 0.5264628395833333 0.010915036718750049 0.05682749305555556
9 0.5506942382812501 0.5221397236111112 0.00779645468750001 0.016632436111111086
9 0.614235345703125 0.5290699062499999 0.010135391406249994 0.008316218055555583
9 0.5495247699218749 0.5498604520833333 0.008576100781249974 0.008316218055555583
2 0.554202642578125 0.5581766715277777 0.010135391406249994 0.008316220833333275
2 0.497956790234375 0.6119350930555555 0.010135391406249994 0.020790547222222164
2 0.5082824773040244 0.6125042929631672 0.010515982733048723 0.016384802593001208
2 0.5253535401543441 0.6215717365918009 0.019688452472992335 0.0239178237449684
2 0.4774417581965794 0.6160395462035646 0.021007444518158724 0.0373156507404623
2 0.45316254775337245 0.6367391370154394 0.03018896045858819 0.06241968635882
2 0.6581145184281273 0.6601193566276037 0.08926805877668684 0.11412805245019433
2 0.60643889140625 0.6320326312500001 0.02572830156250001 0.04435316527777778
2 0.7422544121261534 0.6537038743892792 0.1010438452536114 0.11210211069072341
0 0.666091664106044 0.6618076414271629 0.0246911651935517 0.1310109004457853
0 0.6428332744179872 0.659781699667692 0.02790343946097451 0.12695901692684347
4 0.31239011257147753 0.6069876977229176 0.1135367425942555 0.14175685780554445
2 0.413293431495563 0.6577401529866311 0.0797382325156187 0.11142205695826751
2 0.5164937365414976 0.6174882057085136 0.009844226236496213 0.02275110063545777
