2 0.4512751779750164 0.35684120221927834 0.010433966887532797 0.02871149556144326
2 0.4619365633439608 0.35998199395878727 0.021777607700712576 0.03201494465403895
2 0.3800611343922434 0.34844172321140116 0.015495605479353225 0.029781343864222345
2 0.3241810361077818 0.3464871221634284 0.03847017065306364 0.06049375543796798
2 0.5527039121823352 0.38126496976314517 0.0609202550266482 0.10410716692257924
2 0.5944480457330416 0.3928052405105313 0.08828930228391689 0.13612211157661822
2 0.7403985273637748 0.4085746415725189 0.26516799527245044 0.3043077224105177
2 0.024499808663301644 0.3675537255025782 0.04899961732660329 0.21095579899484354
2 0.8832391211604096 0.47204835710561244 0.2335217576791809 0.5548820416666665
2 0.1476641796928016 0.37375586549599016 0.2643371484268968 0.28887903548295657
2 0.30994676880013805 0.3518023063228423 0.04348589697527609 0.05135245431235127
2 0.41775818095947415 0.3510475907995206 0.058203154106448364 0.09753390115532813
2 0.3654031292090715 0.3551425255808512 0.031410011106796934 0.04765015018275574
2 0.4866457720813079 0.35998199395878727 0.037692013328156374 0.05435095255220569
8 0.377295872265625 0.20940950555555557 0.008371064843750008 0.027637802777777803
8 0.47236725546875 0.1796457201388889 0.009566931250000011 0.03614174305555555
8 0.364141341015625 0.2906221298611111 0.0059793320312500065 0.0233858347222222
8 0.3842566373900054 0.2931031778814533 0.007942199780010695 0.019843991874017655
8 0.166225439453125 0.13755122152777777 0.01435039921875001 0.0403937125
8 0.4610065253906249 0.18219690208333333 0.010762797656250012 0.03614174305555557
8 0.532160580859375 0.29168512152777776 0.016742130468750015 0.02551181805555554
8 0.6045105019531251 0.2544803875 0.01315453203125001 0.023385833333333314
9 0.5309647144531249 0.2455512486111111 0.014350397656250014 0.010629925000000009
9 0.5231915820312499 0.26043314236111115 0.02032972968749993 0.010629923611111123
