2 0.21371626092607707 0.47644560485977905 0.0614973812271542 0.05801458472488648
2 0.29319387141031006 0.45298024726751135 0.0351110735768362 0.028584716183011002
2 0.373708271875 0.43848437361111114 0.015546264062500014 0.014881897222222228
2 0.3542280740765862 0.44743831249733573 0.02132915684574166 0.024501185299723716
2 0.5572737773437499 0.42253948611111114 0.007175200000000004 0.017007877777777795
2 0.548304778125 0.4267914541666667 0.010762798437500009 0.021259841666666703
2 0.5622693885412046 0.4608556282567082 0.027891974336739 0.04200203194238357
2 0.7097687116513718 0.48827362133020863 0.06694073840817386 0.0956712949798736
2 0.4901461887305302 0.451199780621152 0.012276797538939732 0.04031271124230413
2 0.46100652421875 0.42998043472222225 0.013154529687500017 0.010629925000000009
2 0.47236725625 0.4310434270833333 0.009566932812500007 0.008503937500000013
2 0.44605819492187493 0.43423240347222225 0.016742132031250013 0.006377956944444444
2 0.45323339375 0.4597442229166666 0.026309060937500028 0.044645681944444404
2 0.4249893863603861 0.47830658283834265 0.05831516803327199 0.08177040178779649
2 0.6250589047246382 0.5118997642977994 0.14513718913677662 0.19542612084303448
2 0.5196898422500429 0.4512973379602569 0.05398570950008574 0.10428736758718048
2 0.9749193679347705 0.597201499129084 0.05016126413045914 0.18774917048039022
0 0.9524582809699453 0.45639174366813745 0.022024799439890864 0.07473647099705853
