2 0.4766948326512555 0.5006813628561387 0.05046521217751101 0.1226289423789441
2 0.398707896484375 0.5001892041666666 0.14139595859375 0.2028828666666667
2 0.28202290390625 0.5556037541666666 0.2519288421875 0.2832704166666667
2 0.601949650390625 0.47041606458333335 0.021532378906250038 0.02807184305555555
2 0.6517355734389513 0.48769891390696524 0.02923274219040266 0.03456570003615269
3 0.5447692039062499 0.45425346111111115 0.031580823437499995 0.06635163055555553
3 0.9010373120733787 0.3914229794629314 0.19424612585324255 0.7802939728147517
0 0.49668022421874997 0.46637539166666675 0.01148393593749999 0.052315708333333315
0 0.784616003515625 0.5118858305555556 0.02512110859375003 0.0931474777777778
8 0.7669115886718749 0.36514663125 0.009330697656249942 0.0318998208333333
8 0.826843378125 0.40353274375 0.012201681250000007 0.0344518069444445
2 0.6182185734375001 0.47296802916666664 0.015790412499999996 0.017863900000000005
8 0.7569382921875001 0.3647947583333333 0.009748078124999981 0.03119384999999997
