2 0.022805790781216063 0.4809816018957671 0.04561158156243213 0.08108725611099056
2 0.058757065205082705 0.4703520576844797 0.05902566009766541 0.060344312591181566
2 0.10402065723230924 0.4693143708006605 0.04134575019328378 0.04725228593518141
2 0.14134713789062497 0.46270879513888885 0.04679077734374999 0.04505778749999997
2 0.2937685737284153 0.46143070299826777 0.02214859745683051 0.02681805789235341
4 0.5378228933872392 0.44831335482946866 0.036751777949585576 0.054252624592245426
2 0.5550502893011074 0.46581420147212854 0.030517101333138008 0.035585054840074945
2 0.5899972924406688 0.47077277468754886 0.0420020319423835 0.0525025399279794
2 0.6191889390631502 0.4836935561617335 0.035464996876300336 0.062009979343199635
2 0.6600553691570663 0.48739857899807565 0.07580054202102024 0.08458742543952245
2 0.71258453359375 0.5049253241282938 0.07993424062500001 0.07403512047880981
2 0.8431030903264187 0.6091465895833333 0.31379381934716283 0.2824776513888889
0 0.185213490234375 0.45144434722222226 0.0077984632812499784 0.022528891666666655
0 0.20324743515624996 0.44797836180555556 0.004874039062499991 0.02946085694444444
0 0.207634070703125 0.45057784861111116 0.005848846093750026 0.024261883333333303
0 0.232979073828125 0.4505778506944444 0.005848844531250031 0.034659834722222234
2 0.45245538812179636 0.5123102538424534 0.1523591215560928 0.24477423546268454
8 0.7120971308593751 0.13170736875 0.018521349218749972 0.07625163472222223
8 0.73061848046875 0.13690634513888889 0.016571732812499997 0.0727856513888889
8 0.48935353867187503 0.38819014722222217 0.005848847656250022 0.020795902777777778
8 0.484966904296875 0.3821246756944444 0.00877327109374999 0.019062909722222247
9 0.8378473437499998 0.18976259444444446 0.032168659375 0.08145061111111111
9 0.82468743671875 0.2651477319444444 0.01559692343750001 0.017329919444444446
9 0.851494653515625 0.2764121826388889 0.026319811718749975 0.015596929166666643
9 0.8358977289062501 0.298074575 0.03606789062499995 0.020795897222222196
9 0.829074073046875 0.32233646111111114 0.01852134765624989 0.02079590000000001
9 0.8500324417968749 0.3439988583333333 0.019496158593750045 0.022528894444444426
9 0.829561477734375 0.38819014652777784 0.029244233593749946 0.034659837500000006
9 0.2705091765625 0.2885431222222222 0.032168659375 0.015596922222222215
8 0.2709965796875 0.24261884236111111 0.011697690625000012 0.04852376805555557
0 0.22176878554687499 0.4479783611111111 0.008773269531250039 0.043324788888888896
2 0.33147654890655814 0.44645987204702137 0.01957992125061625 0.022957896871820555
2 0.35447106619127966 0.4443240958130259 0.00903010113255931 0.019439475040614773
2 0.3681904874311518 0.4420846603863564 0.011123937362303504 0.01420747355049059
8 0.8565907308593751 0.3840943173611111 0.02319588046874994 0.041237120833333384
2 0.014274128042919406 0.4381045276212505 0.028548256085838813 0.010500507985595911
