0 0.16262711694456627 0.5112648899576864 0.018637402639132605 0.08915129230684961
0 0.1407220890625 0.5173046291666666 0.022375689062500002 0.10193369722222224
0 0.11283199571148006 0.518938764677908 0.022216649202039872 0.09866542619973957
0 0.07003341856953862 0.5266890065663967 0.02390496754842276 0.11299918686720645
9 0.575125147265625 0.4214088180555556 0.019578728906249943 0.012430938888888852
9 0.9890754046874999 0.1665745784722222 0.01957872968750003 0.05966850694444443
9 0.5443585734375 0.4450276034722222 0.01118784375000006 0.019889501388888835
2 0.49507337398400164 0.4749110707930202 0.013308046405503315 0.022277269525070646
2 0.4772315058593749 0.4711325777777778 0.011187844531249968 0.017403313888888917
2 0.46884062226562495 0.46988948263888886 0.011187844531249968 0.014917123611111076
2 0.461148978515625 0.47486185902777783 0.015383285156250004 0.014917129166666696
2 0.4424150432072869 0.47951217121665873 0.014275909852073809 0.02919013132220635
2 0.42888012303668194 0.48214832500527777 0.020344734222092063 0.03091816240203234
2 0.4155904176174121 0.4903153867718523 0.02657941083853963 0.029751439292521713
2 0.3383132416609174 0.5002325332026929 0.06234676616447556 0.08225397922050119
2 0.5350336959535653 0.478484387603547 0.02854825608583882 0.03707931409598291
2 0.5452060630646113 0.5005242139800704 0.016078902852943687 0.04900237059944751
2 0.5688322060322021 0.4978990869836715 0.043642736315132956 0.07408691745392654
2 0.5785123618314232 0.5089829565240227 0.03872062319688485 0.06825330190637323
2 0.6218905114114354 0.5118473307629513 0.07428694592712919 0.1535289559703471
2 0.720365294459058 0.5296846339516724 0.19537981158754292 0.23312091443316638
