2 0.14727840927876804 0.3706873528364628 0.03161521074503608 0.021506547104852163
2 0.130107856759024 0.3654760140542123 0.03117338308223778 0.02741799307350041
2 0.36538486381128177 0.3721846719338986 0.027235692587639315 0.044335478161404866
2 0.40279292350996715 0.3561422291781271 0.01411005760564441 0.02275110063545777
2 0.435957185546875 0.33656525625 0.03681182578124993 0.026177295833333343
2 0.4394121314064563 0.38399143160537774 0.07737824562541266 0.13972771598853326
3 0.5092746373014003 0.3435999557508876 0.06300304791357529 0.14350694246981044
2 0.6182511944943702 0.4060597597222222 0.15393282976125972 0.20380895833333337
2 0.32584388842802225 0.37976837214571774 0.061690484415375835 0.09800474119889493
2 0.2675988831954201 0.40981149221561713 0.13027192719629893 0.14292358091505514
2 0.4713743662908902 0.35264205984959507 0.01345377585654477 0.027417993073500332
2 0.11304453128243068 0.36168416394830266 0.008203521863746777 0.021001015971191785
