2 0.44352735029306406 0.40921583758663266 0.010262283788871862 0.018059622048956846
2 0.4579103702362863 0.40765057139258837 0.010151926714927484 0.016095812770378852
3 0.466780394047192 0.40572796133232986 0.010172367111046032 0.02275110063545769
2 0.4213328829220348 0.40718636521921814 0.009844226236496122 0.018667569752170484
2 0.40508990963181624 0.4206036809785907 0.01804774810024292 0.030334800847277025
2 0.3888469363415976 0.41243661921201613 0.012469353232895086 0.024501185299723716
2 0.3757854454549746 0.4126292843162269 0.017591319034949305 0.0346163630768982
2 0.5276312069822042 0.45921346548007214 0.03722667983027783 0.05267448574624357
2 0.5694162557712916 0.47001848819725034 0.06913526254194471 0.0918426930960144
2 0.2444649515396542 0.46348075525310717 0.06234676616447556 0.06241968635882
2 0.08974652918938983 0.48506513277905433 0.1374910264363961 0.10325499519169294
2 0.6569749261884249 0.5152645208254338 0.1530852242000204 0.15532220155943616
2 0.4111605158109889 0.43781284684387284 0.02296986121849103 0.029751439292521633
2 0.44364646239142613 0.4404379738402718 0.022969861218491074 0.03150152395678766
2 0.4305208274094313 0.4133116615441491 0.017063325476593328 0.02041765441643643
2 0.4733432115381895 0.4173951924274364 0.015422621103843959 0.0239178237449684
2 0.3328989172308445 0.4593972243698199 0.10336437548320951 0.1487571964626084
0 0.9835229804687501 0.48065136805555553 0.03295403906249987 0.2776417611111111
0 0.17719607225693054 0.46610588224950616 0.029532678709488412 0.10617180296546952
1 0.264719080592196 0.4537072266852799 0.02183850805939196 0.09130052837055981
9 0.2552936003997999 0.3914356032408244 0.007875380989196889 0.033834970175808915
9 0.8007433735780477 0.20046243611111111 0.03228136846890432 0.12481143333333336
9 0.5471942070970952 0.31976114103649145 0.017093883595535785 0.06145356670395085
9 0.5386223999937708 0.326989800957796 0.013724837487541563 0.02458702863996361
9 0.5109846082031251 0.3787644833333333 0.012895060156249994 0.017830205555555523
9 0.49833379128423694 0.36879364927820163 0.018137712744026046 0.012300148665818808
9 0.4978940026906655 0.39547997752000064 0.010420582118668874 0.02515396995999871
8 0.4192864125 0.3622078638888889 0.01002948906250003 0.020377374999999986
8 0.37200453125 0.34819841874999996 0.007163921875000012 0.022924548611111067
8 0.36770617734375 0.35201917777777775 0.01002948906250003 0.030566066666666617
8 0.5169950127449819 0.41025320629285855 0.009876466077420609 0.019584103674885413
2 0.057096512171677626 0.652186040807753 0.11419302434335525 0.30570580950919635
2 0.5097775952268668 0.45684986676068945 0.022791844794047656 0.04794728830747819
7 0.2675988831954201 0.47485630557083613 0.017391466351143192 0.04550220127091554
2 0.27695089812009144 0.4582305012603093 0.013125634981994861 0.03325160862105368
