2 0.698645519921875 0.5196321368055556 0.04133695078124999 0.05035282916666664
3 0.6499071333060437 0.4949662693830952 0.040313065049587316 0.07995255265507918
2 0.5685705581296397 0.5104823860507922 0.011617916553220553 0.035083744565082106
2 0.5781842209568733 0.5145248912941983 0.017719607225693056 0.05366926303749019
2 0.6207538792154446 0.5370513644719698 0.08943162874338917 0.1416227511661618
2 0.7350041682104254 0.5274813573646899 0.05781557548335066 0.06859163972937982
2 0.8436501884677196 0.5390260765939221 0.07153471065187186 0.067669940351618
9 0.851005348828125 0.4433770965277778 0.009951488281249966 0.016330645833333317
0 0.285224965625 0.5038004854166667 0.010716987499999987 0.0489919402777778
0 0.267924682421875 0.501078711111111 0.009185988281249991 0.04354839166666669
0 0.092370225 0.5016230583333333 0.013268653124999997 0.07185483333333333
0 0.029854464453125 0.4827747611111111 0.02143397421875 0.05035283055555561
0 0.048226442578124994 0.4800529854166667 0.013778983593749999 0.03946573194444451
0 0.079356741015625 0.48872864166666674 0.012758316406250003 0.0459299444444444
0 0.212808746875 0.5033581819444445 0.013013484374999962 0.053414827777777736
0 0.20056076171875 0.5065902861111111 0.013013484374999985 0.05715726666666667
0 0.673447824609375 0.5222404909722222 0.008420491406250008 0.03130040694444444
8 0.605433249609375 0.38853331597222224 0.005358492968750017 0.02313508194444438
8 0.60030439609375 0.3881250458333333 0.0045929937500000404 0.024495972222222186
8 0.526433733203125 0.4398387618055556 0.008420489843750012 0.013608870833333321
8 0.51319060859375 0.43875006875000006 0.006123992187499994 0.016330645833333397
9 0.9518215890625001 0.42173898055555553 0.01837197968750015 0.03674395833333332
8 0.8268921265625 0.4605242555555555 0.015309982812500067 0.019052402777777803
8 0.72033464453125 0.3945212319444445 0.006123992187500082 0.028578633333333336
1 0.05281943671875 0.5009426138888888 0.035212959375000005 0.08029234722222224
7 0.032157805705887395 0.5521517115759168 0.06431561141177479 0.08108725611099041
0 0.010334237890625 0.5231250583333333 0.01913747734375 0.136088725
2 0.31764036656427547 0.513941529739443 0.02428242471669049 0.021001015971191746
