2 0.5179744796874999 0.5063289076388888 0.00949366562499998 0.023628679166666604
2 0.5236706804687501 0.5063289083333333 0.013291134375000003 0.033755258333333336
2 0.5558706414874821 0.5098579988561557 0.019032170723892516 0.05133581681846877
2 0.5755590939604744 0.5142332105168207 0.04134575019328377 0.06008624013979866
2 0.43150525003308093 0.5069411910823791 0.008531662738296664 0.029168077737766474
2 0.4221532351084095 0.5086912757466451 0.018047748100242966 0.03150152395678766
2 0.37870480732547335 0.5157594032370042 0.02487823027594671 0.05936730091845293
2 0.3433994252164404 0.5285255686083261 0.0620186252899257 0.07933717144672438
2 0.2783897645917119 0.552720612533527 0.08703286668342383 0.09278340840038742
2 0.6780793197735334 0.5319878681145864 0.0958633538979445 0.12899044561191295
2 0.7428485592415685 0.5373850890783167 0.09430529973313684 0.19105209128781095
2 0.13406453593749998 0.5763498701388889 0.20883275625 0.21430349583333333
2 0.4116322550086971 0.5143658604912356 0.028507311857605754 0.03118346235086212
2 0.5949684303849485 0.5281897198732611 0.05276881865941894 0.06466479666246659
2 0.5360181185772148 0.5089829565240227 0.02395428384214062 0.035585054840074945
2 0.4457276671875 0.5037972638888889 0.010443032812499985 0.018565391666666643
2 0.8502212238281249 0.65395543125 0.29645871484375 0.49957785694444434
8 0.4116454078125 0.39746819097222225 0.007594932812500055 0.02531644027777781
8 0.522721312890625 0.4059070097222222 0.007594933593749964 0.02194092222222221
8 0.404525158984375 0.3957804298611111 0.0066455679687500435 0.021940918055555553
9 0.3775548629990997 0.4048026073880886 0.034177201562499926 0.015189866666666694
9 0.384493515234375 0.45485213680555553 0.013291133593750004 0.011814343055555633
9 0.344620114453125 0.45063272777777774 0.01708860078125003 0.013502102777777795
9 0.33768974921875 0.43628674375000004 0.012341768749999992 0.011814343055555555
2 0.496233987890625 0.4953584506944444 0.008544302343750055 0.01518986805555558
9 0.6037022808593749 0.4278479277777778 0.025632900781250002 0.05232065555555552
9 0.584018769140625 0.4298169944444445 0.014240500781250009 0.013502105555555567
9 0.57594915390625 0.45007015000000006 0.013291135937499999 0.006751052777777744
9 0.5607592859375 0.45850896527777774 0.01139240000000008 0.01012657777777777
9 0.5223099343750001 0.4711671868055556 0.00854430000000006 0.008438815277777758
2 0.4379039970868034 0.5040243833086024 0.008859803612846485 0.024501185299723716
