2 0.47391624804687493 0.4539674916666666 0.029217799218749986 0.03740556111111104
2 0.511382912890625 0.46841964166666666 0.043037647656250046 0.08331238611111111
2 0.5376567280150917 0.4718363317806589 0.05618190759268327 0.09348153366090438
2 0.5865553464843749 0.4820216618055555 0.054514355468749984 0.10711592361111112
2 0.027047011584773146 0.4603160188185596 0.025841093870802367 0.02878889272717539
2 0.666796645703125 0.5066753277777778 0.15493553671875002 0.15302275277777777
2 0.4217097656694911 0.4529766325051698 0.025462773348517764 0.030035890545216087
2 0.39114601250483205 0.4512165919210559 0.020084235937499972 0.022103287499999957
8 0.32732522734375 0.37788117986111114 0.01625866718750002 0.027204043055555537
8 0.40048922929687497 0.36172877847222223 0.011476705468750037 0.022103284722222227
9 0.5731180195312501 0.3923333291666667 0.013389489062500015 0.03230480277777777
9 0.506648762890625 0.4023440527777778 0.020084238281249965 0.045525236111111096
