8 0.5424076605468751 0.4681418715277778 0.018102424218750014 0.030614201388888852
9 0.57401590859375 0.5070473833333333 0.011958665625000009 0.019133863888888904
9 0.6738707578125 0.5474410986111111 0.010762798437500009 0.031889772222222175
9 0.6421802960937499 0.5410631423611111 0.009566931250000011 0.03188977361111106
9 0.62005676640625 0.5421261333333334 0.008371065625000007 0.029763788888888833
9 0.60750016875 0.5410631402777778 0.009566931250000011 0.027637802777777724
9 0.56026344296875 0.5442521180555556 0.005979332812500004 0.01700787777777772
9 0.565644841796875 0.5463781034722222 0.007175199218750006 0.021259848611111052
9 0.571026240625 0.5474410951388888 0.008371064062500011 0.02338583194444439
9 0.587768371875 0.5442521201388888 0.008371064062500011 0.02976379027777772
2 0.36609956875 0.5195906944444444 0.06696852187500002 0.05527560555555561
2 0.247110855078125 0.5198032930555556 0.09686518359375 0.09141734722222224
