2 0.44776396992187506 0.54421836875 0.019775375781250038 0.01874998750000003
2 0.43392120664062495 0.5360152499999999 0.010546867968750017 0.011718741666666609
2 0.424692697265625 0.5383589972222222 0.010546867968749929 0.011718741666666688
2 0.40180850088631753 0.5466097768057412 0.028548256085838775 0.03616841639483026
2 0.3784135197765727 0.5415707110587342 0.03136734111564556 0.041579655450801785
2 0.35679723671875 0.5324996256944445 0.017138660937499984 0.023437484722222183
2 0.34639660451638327 0.5296530087546092 0.011572753467233498 0.019755726935225936
2 0.43985381874999996 0.5617964826388888 0.025048810937500044 0.0398437236111111
2 0.29823124681914387 0.5328202877374044 0.02352852667421228 0.024078808808142012
2 0.3059913655177551 0.5454430536962306 0.02854825608583882 0.028001354628255686
2 0.3363443964136182 0.5667357504448002 0.05447138517527863 0.06008624013979866
2 0.17881884257812503 0.5266402569444444 0.051415980468750025 0.03515622777777776
2 0.14465805910955987 0.5920437197787861 0.12020369321911975 0.13403664099798354
2 0.7130642863902715 0.6349714125253068 0.1100442790305431 0.14400611393950247
2 0.41254415454782434 0.5757385715802801 0.053300972154351235 0.07241539871611577
2 0.23696705668645776 0.6469479642236575 0.21253659618541548 0.2298444525735988
3 0.569712128125 0.6902148157918585 0.27685527812500005 0.4326177982503836
3 0.007341606640625 0.501646503624753 0.01468321328125 0.07108124275049374
