2 0.44791229376057445 0.48623185588856493 0.018375888974792788 0.028584716183011002
2 0.4280786914008637 0.477840072267813 0.02916669673382568 0.04653500653402563
2 0.4940563751182293 0.49119042910398525 0.011565507576041334 0.014000677314127883
2 0.5343774142044655 0.48769025977545327 0.008859803612846573 0.023334462190213085
2 0.5399334397275704 0.48428795585194656 0.012096473669859265 0.030139070037226486
3 0.5540658666774578 0.482731686560033 0.02723569258763927 0.03675177794958565
2 0.563910092913954 0.487981940552831 0.020672875096641886 0.02625126996398974
2 0.5930093203519567 0.48875588695808647 0.020227214141413617 0.04530000941716044
2 0.588055334989431 0.4788387398328014 0.03866684760476202 0.0663010239994633
2 0.6144437875946341 0.48652353666594267 0.040361327569634134 0.06883666346112863
2 0.6336655640685225 0.4925089741545768 0.0316612911956514 0.07817602764358367
2 0.8320566576452931 0.5316811805931215 0.18191585747808636 0.14367550563068765
9 0.647495279296875 0.4199997034722222 0.013183585156250021 0.014062490277777803
9 0.518955328125 0.44929655902777776 0.01713866093750003 0.011718743055555573
8 0.50577174296875 0.4457809381944445 0.006591792187500012 0.018749987499999954
8 0.41019075351562506 0.45046843402777775 0.007910150781250014 0.01874998750000003
8 0.45171904609375 0.4551559298611111 0.006591792187500012 0.01874998750000003
2 0.4080431775027651 0.48594017511118737 0.04167389106783368 0.0525025399279794
2 0.47416356372456414 0.4792315172315011 0.0301889604585881 0.04141867038762818
2 0.5087824259895756 0.49119042910398525 0.01279749410744504 0.017500846642659773
2 0.6776395796180381 0.4940724947074484 0.09146595234299282 0.10631939759527372
2 0.19499870826583754 0.5454430536962307 0.24725216184417512 0.22867772946408818
2 0.948534958605061 0.5484959222128203 0.10293008278987817 0.21167485832794888
9 0.306699613671875 0.3989059694444445 0.014501942968749982 0.01874998888888884
9 0.3756648872305025 0.46675620272746177 0.01104396147649509 0.023200544343812544
