9 0.461084112109375 0.37172672430555564 0.013647310156249936 0.032926843055555585
9 0.65263385234375 0.32753543611111113 0.047765584375 0.013863933333333339
9 0.816401569921875 0.25908226319444444 0.03216865859374991 0.015596926388888871
9 0.81396455078125 0.2772786756944444 0.0331434656249999 0.01732991805555556
9 0.79593060625 0.33360090833333333 0.03606789062500004 0.015596924999999985
9 0.7998298371093749 0.31280500555555557 0.0048740382812499485 0.01906290833333336
9 0.798855030078125 0.23915285833333333 0.0068236554687500115 0.02079590000000001
9 0.778384065625 0.3838576659722222 0.024370196874999993 0.015596926388888871
8 0.4766810375 0.2313543951388889 0.009748078124999981 0.05372274305555559
8 0.56636335859375 0.2850771375 0.007798462500000003 0.0329268416666667
8 0.690163954296875 0.3344674034722222 0.005848846093750026 0.031193851388888857
8 0.704786073046875 0.41418502152777775 0.009748078906250068 0.017329918055555518
8 0.8188385906250002 0.3743262138888888 0.027294620312500052 0.03465983333333335
8 0.57854845703125 0.28681012916666665 0.012672503125000035 0.03292684166666666
9 0.59609499765625 0.4523108416666667 0.006823654687500014 0.017329916666666712
0 0.11746434570312499 0.48870366597222226 0.018521349218749993 0.06931966805555557
2 0.2810479981101672 0.4843367411247531 0.027901296220334347 0.036461717750493804
7 0.41429333437500004 0.5043005930555555 0.02144577187500003 0.04505778611111108
7 0.438663530859375 0.4939026416666667 0.01949615703124996 0.048523769444444455
2 0.983566973713712 0.6359397828780612 0.03286605257257591 0.19355164026116659
7 0.9805038429687499 0.5547485333023985 0.03899231406249992 0.1299743805555556
7 0.65507087265625 0.4947691381944444 0.011697695312500044 0.03985880972222217
2 0.6193482020948503 0.4920828241193214 0.033833907314700616 0.0448841343497539
2 0.6097065051496026 0.48546927823906516 0.030147439986705125 0.048060576855203076
2 0.5909817150643184 0.48506513277905433 0.019688452472992245 0.04025194727811762
2 0.579332714017798 0.48623185588856505 0.012797494107444952 0.029751439292521713
