9 0.374152864453125 0.4248544194444444 0.013775516406249988 0.00918367777777773
9 0.38276256132812503 0.4485789194444444 0.03099491015625002 0.03826532222222225
9 0.41892329375 0.4493442263888888 0.039604610937499986 0.027551030555555578
9 0.33768510348302466 0.44901786307853186 0.028412003906250004 0.029081648611111177
9 0.23596721562500003 0.42868095416666663 0.014636485937500021 0.010714294444444446
9 0.26524018828124996 0.4447523854166666 0.07146049062500004 0.027551031944444464
9 0.45422305390624995 0.4531707597222222 0.027551032812500063 0.022959194444444442
9 0.53257130234375 0.43556871111111106 0.05338012656249998 0.052040838888888885
9 0.42427873476562505 0.5045282868055556 0.038815396093750024 0.016454087499999936
2 0.34963693273860474 0.5155692988205678 0.01738580453970955 0.021923107914420037
2 0.3217421274961489 0.5165666567358419 0.007547240114647025 0.0239178237449684
2 0.3091087038259789 0.5110247219656664 0.022313579469391255 0.03733513950434097
2 0.419077036328125 0.5196430888888889 0.006887757031249997 0.013775516666666713
2 0.23160086796875 0.4997451222222223 0.018080364062499975 0.016836741666666672
2 0.21208611844070627 0.4963962618321711 0.02209935250641255 0.017412004113435606
2 0.18274083437500002 0.49285736597222224 0.03874363906250002 0.024489809722222193
4 0.16487461983573698 0.48677079965093034 0.058113274046474 0.03666294236480583
2 0.0716987810891469 0.48710689822069797 0.04364273631513289 0.03266824706629829
2 0.10352844592048442 0.49031418423723444 0.060706061791726204 0.02858712125224664
2 0.025829093749999997 0.4813777673611111 0.051658187499999994 0.05051022638888883
2 0.27120843281546875 0.5110247219656664 0.0620186252899257 0.07350355589917115
2 0.3663692864349314 0.5136498489620653 0.020016593347542154 0.028584716183011002
2 0.38242718837482403 0.5206404495819409 0.01021436893714811 0.01577023805277062
2 0.40787910706549013 0.5209418683965069 0.017063325476593283 0.023334462190213005
2 0.43183339090763073 0.5235669953929059 0.01378191673109459 0.01575076197839383
