8 0.643185344921875 0.05922947569444445 0.014626794531249931 0.06934184027777777
8 0.6373226957031249 0.1445435326388889 0.011725294531249996 0.04927988749999999
9 0.607227807421875 0.21199822013888892 0.018283492968750002 0.032503987500000005
9 0.6367756537397001 0.2201692207105008 0.04267772937685423 0.07587151889218542
9 0.5823316344879187 0.2928498813315195 0.008774860245708282 0.019854229242814884
9 0.7029114234374999 0.2997589840277778 0.012188995312499973 0.008667729166666681
2 0.38090870612052213 0.37403949734231606 0.031110868143875113 0.05034465272285201
2 0.4887996014143455 0.3385855165515752 0.032307439995562605 0.020563308858629666
2 0.4315635811752932 0.37900305465301987 0.08136688591475023 0.1155799773778152
2 0.589553765625 0.34201416805555557 0.012188995312499973 0.019502391666666657
2 0.5791931195312501 0.34526456944444445 0.013407895312499996 0.02166932500000003
2 0.5663773431320853 0.3492217107887975 0.018347435059208373 0.021981468090259346
2 0.6584215894531249 0.3344299090277778 0.010970096093749947 0.017335459722222248
2 0.6480127040096157 0.33841798551116725 0.013024197726898024 0.013807574781297502
2 0.6952082458304399 0.3736849575344087 0.0486605886352919 0.05814452849681505
2 0.7938153281142618 0.3739315094196303 0.052470495151148724 0.07325117627429772
2 0.7494274908026577 0.38037276421857474 0.06865414410531531 0.07455025899270515
2 0.12893043927287523 0.39217181201090817 0.01974379104575048 0.07647902957737185
2 0.02353257974985425 0.4768560416354646 0.0470651594997085 0.16947002817974136
2 0.06162345036190646 0.3690419331449638 0.12324690072381292 0.20357386351214982
2 0.28697781576305303 0.3871574702348902 0.0785748849274794 0.07516243927637069
2 0.515200892578125 0.4473212496564639 0.15358134140625 0.22144881597959448
2 0.9149999410156251 0.4129777339724571 0.16820813515625002 0.22210362905602526
8 0.632045083984375 0.06517724097222222 0.00819049140625001 0.06240374305555556
