2 0.126417546484375 0.4075526820051904 0.25283509296875 0.2632453332118415
2 0.6259645194886263 0.4696031113505763 0.011413328039752368 0.01749496618773618
2 0.6163919291188027 0.46977424866670475 0.015464028550105358 0.03233185288896515
2 0.6094783689844794 0.47562795432816996 0.010915259843959024 0.035791841989673244
2 0.5959228857543807 0.47134835638252515 0.02555687307126142 0.047851207209494755
2 0.551112598806509 0.4568800220370185 0.05020555380613025 0.03128567462959258
2 0.5798249253296227 0.47981487878625634 0.04068946844418404 0.04841900904469212
2 0.6797438216300586 0.47660639023510215 0.017391466351143237 0.029168077737766317
2 0.6963149357948272 0.480106559563634 0.02690755171308945 0.04200203194238357
2 0.7099327820886467 0.49498227920989485 0.0331422283295371 0.043752116606649516
2 0.71884034453125 0.4701031701388888 0.018556704687500057 0.016494848611111085
2 0.7391367429687501 0.47525781111111104 0.028994850000000037 0.01855670555555559
2 0.8568948444631935 0.48408210721905676 0.03286152798888722 0.020152102228553067
2 0.78943314453125 0.5085911513888889 0.10902063749999993 0.1402062083333334
3 0.9194784768047348 0.5002439083731806 0.16104304639053008 0.10316807507969443
2 0.5070964467925799 0.5031493409764695 0.04486475016483995 0.12425601116288468
2 0.40049593738811795 0.5078162334145121 0.18408703062247792 0.210593521266673
2 0.97682200703125 0.692783620138889 0.04291237812499986 0.17731961527777776
2 0.6720325110781367 0.4733979016839478 0.01378191673109459 0.0239178237449684
