8 0.135498290234375 0.28715672291666666 0.019496157031250006 0.04332479305555555
8 0.23639090234375 0.20743910277777777 0.022420579687500018 0.06412069722222222
9 0.237853114453125 0.10345960069444446 0.01949615859375 0.03985880972222222
0 0.47083219023437495 0.6224906222222222 0.029244236718750028 0.10051351944444444
0 0.45474786015625 0.6242236152777778 0.016571732812499997 0.10744548888888887
0 0.849057633203125 0.6372210527777779 0.040941928906249994 0.16810019722222225
0 0.9343533207031249 0.6155586555555556 0.030219044531250107 0.15596925555555557
0 0.747677616796875 0.6077601944444445 0.013647310156249936 0.06065471111111115
0 0.2042222453125 0.6302890861111111 0.032168659375 0.14730429444444448
2 0.02242058046875 0.6632159270833333 0.0448411609375 0.10224651249999997
