2 0.43953832908521273 0.4659084726445286 0.011497675357925452 0.02372928140016831
2 0.4493864171875 0.46790776597222217 0.011697695312500044 0.038125818055555524
2 0.45572266796875 0.4739732361111111 0.012672501562500039 0.029460861111111174
2 0.46956959148086597 0.47018941313279344 0.028220115211288997 0.04550220127091546
2 0.4737527514154589 0.47757570373963515 0.017554264356582205 0.047063743590381395
2 0.37822544414062503 0.4635752861111111 0.01559692578124996 0.01906290833333328
2 0.3661399162890808 0.4770789069910657 0.026120670546838375 0.0371134499067575
2 0.33355519897994423 0.48214832500527766 0.046267863311531876 0.0764203636729478
2 0.31571555346928315 0.4991258945759392 0.05044563037606635 0.07630019470743386
2 0.26785087186415674 0.5110933529472229 0.09402412658418657 0.10370109478333495
2 0.16767998689498426 0.5506933076890286 0.13388147681634752 0.17734191264561924
2 0.492963941094614 0.48074876791239946 0.04426350250172799 0.05687585526924326
2 0.4049146594146265 0.4872524490803404 0.05969927960824699 0.08721313149401419
2 0.5751704195580366 0.5131297081251331 0.1247078233839268 0.13484504208306725
2 0.5244023623030475 0.47204442995672125 0.014814699116131003 0.024311301113650863
2 0.8211138634385554 0.5589624783114341 0.3561283559353893 0.4868253822660208
2 0.07344038878082035 0.5367514160266201 0.1468807775616407 0.33500905786462776
