9 0.7451912011718751 0.3078196902777778 0.017994655468749964 0.034123202777777806
9 0.9089425746093749 0.18625579097222225 0.014395725781250058 0.021326998611111116
9 0.9293365171874999 0.26943108958333334 0.011996437500000035 0.02559240138888891
6 0.9693855680733663 0.4290770075614118 0.04513577729433482 0.07534114479665048
1 0.9705866623349777 0.40196118882389287 0.03859901375178367 0.09649618211706132
2 0.3539392233026565 0.3933490401793928 0.06804346535531294 0.0786138251967699
2 0.3001945843306445 0.3795514959893376 0.03013352178628894 0.03141778857688043
2 0.2301580094092798 0.3825247554919367 0.06270772112648045 0.04716478170196826
2 0.15952568616242 0.3819122258594436 0.030320216808408084 0.03368912978712007
2 0.13075593498626 0.38283102030818333 0.032732052236349674 0.037976837214571825
2 0.0942338556488593 0.3834435499406764 0.047203064803999016 0.04532719280448892
2 0.04850337022926014 0.38776231949209616 0.05459434358352028 0.057515661206414534
2 0.5362888347987186 0.36016742390593887 0.011370081303152979 0.020826007504765126
2 0.5473143681835942 0.3733368110045403 0.021706518851473965 0.03001395199216156
2 0.5760898192685835 0.38150062271851953 0.039978958337832896 0.05778846210370582
8 0.6378230851562501 0.34300924097222224 0.00959715000000001 0.019194301388888887
2 0.6707152278878159 0.37701198879949893 0.015399246400631571 0.03001395199216156
2 0.69713104816836 0.38379458925633037 0.04663729789922018 0.057054804820672524
2 0.8486215227171499 0.393856553693059 0.0489258043953857 0.04532719280448884
2 0.917531106372623 0.3996755852017434 0.07580054202102052 0.07289102626667814
2 0.7692032275542173 0.3996755852017434 0.11404536094980777 0.14516952290086313
2 0.5106201709137762 0.3777113498190337 0.050303684015052585 0.08006771908251188
2 0.6210476226949504 0.4051883518941812 0.08648152748761859 0.10964280421626375
2 0.2730542252348117 0.37639945916700585 0.02721928554391182 0.02266359640224438
2 0.18777861546116392 0.377624518431992 0.029631120971853386 0.032464070522133896
