8 0.63101579765625 0.40828096180555556 0.009228509374999926 0.01874998750000003
9 0.660019683984375 0.41062471041666665 0.02768552734375005 0.014062490277777803
9 0.6929786460937499 0.45281218125 0.014501943750000024 0.014062490277777803
2 0.6625164257161904 0.5078162334145121 0.02559498821488999 0.04141867038762818
2 0.7131110529777892 0.5168139026595027 0.04015505185692163 0.04074643912543902
2 0.8134623995289342 0.5428179266998316 0.06562583187036823 0.07875380989196915
2 0.5617771772293798 0.4987741293158045 0.03281408745498719 0.05483598614700074
2 0.6246161547056802 0.5110247219656664 0.05479952604982854 0.0863375101037884
2 0.746372163671875 0.5289840041666666 0.05800777265625001 0.0632812055555556
2 0.8707193886692828 0.5534366401434648 0.10367501796356571 0.10707102198803738
6 0.9644369124601283 0.5835725238155947 0.019145149627000358 0.06523532465496318
2 0.5988922788968063 0.49773696388652633 0.014367832793612489 0.016593238893614012
8 0.7008868414062499 0.47483973333333335 0.007798462500000003 0.013863933333333339
2 0.6507033542323949 0.5048994256407354 0.009844226236496122 0.030918162402032264
