2 0.8606478456167345 0.6377821910035444 0.2787043087665312 0.22674211215237977
2 0.6740688097839607 0.6229770910373037 0.1333322920451791 0.12358244732772532
2 0.5836611587675715 0.6020423595227712 0.09078751509628998 0.08441423997795448
2 0.31419488738150186 0.5719860044375981 0.058737216544426964 0.08692087165854372
2 0.4092712120607146 0.5829857705770791 0.0523434569339293 0.06725478559860282
2 0.12623761640625 0.5701542777777777 0.0555640484375 0.03812581944444449
2 0.18277647109375 0.5675547895833333 0.030219043749999997 0.032926843055555585
2 0.3570172715102601 0.5743194506566193 0.030188960458588144 0.037918501059096284
2 0.24467676953125 0.5736202625 0.04094192968749999 0.048523769444444455
8 0.4323272796875 0.42198348541666664 0.008773270312500081 0.02946085972222221
8 0.28695320546875003 0.4115855361111111 0.009052151562499989 0.029460858333333326
8 0.0889039978714606 0.41524148236881175 0.030800883944578805 0.04294486581793212
9 0.49520238554687507 0.48697067361111107 0.01949615703124996 0.013863933333333339
9 0.48936048726598214 0.5030517313118695 0.016571733593749992 0.012130943055555498
8 0.48935353828125 0.5346279472222222 0.009748078124999981 0.01906290833333328
2 0.6716757448601003 0.5589169333773731 0.0525733462172993 0.02247468880080932
9 0.384561694921875 0.5008346083333333 0.016571733593749992 0.017329916666666712
