2 0.05372473967540137 0.5104970913945286 0.08274097153830273 0.06544795609983167
2 0.14130064153616945 0.489968866360167 0.06002332786516111 0.053792928390777046
2 0.24676788084214313 0.4880934777213721 0.048782661684286265 0.03411638066836681
2 0.30999631618739193 0.484007119620952 0.027370212937716153 0.024718605202540385
2 0.3595357527224303 0.4793044374258455 0.023773806361138173 0.02633877419720297
2 0.0072355062838246635 0.524582966600698 0.014471012567649327 0.08033870911586799
2 0.6196344187499999 0.4463393291666667 0.04118084375000004 0.03660519444444448
2 0.65134366796875 0.4479313938320133 0.03706275781250001 0.03342106511375123
2 0.6882344667590365 0.44040880576253405 0.03066476472668551 0.035526718684599404
2 0.7085627939374011 0.4385712168650548 0.036866627255678 0.04410213353950275
2 0.7419839420103054 0.4352023038863428 0.04513577729433473 0.049614900231940595
2 0.7677409100543644 0.4312208612751377 0.06288401739127103 0.05390260765939219
2 0.8188416094862738 0.4364923724116154 0.09410854508995259 0.08133642260100855
2 0.9065276304687501 0.4170551729166667 0.09059785312500016 0.08638825416666668
2 0.9620761633933246 0.40966506245855555 0.07584767321335092 0.09370929444444442
2 0.47069703046875 0.48157793611111116 0.010707018749999974 0.019034700000000033
2 0.41016119218749997 0.48304214444444443 0.02635573906250004 0.0366051944444444
9 0.344786591796875 0.4318366861111111 0.014825102343750007 0.024891530555555617
2 0.48178281015625 0.480367 0.011387628125000049 0.015982636111111108
