2 0.06037792091717633 0.5228350976893907 0.12075584183435266 0.1898895775930011
2 0.8897757995344258 0.5521571203142465 0.22044840093114848 0.35638623586049045
2 0.14126464649371964 0.48652353666594256 0.09877040323951128 0.12250592649861866
2 0.7205252382827034 0.5130301814110175 0.1777649578589175 0.17073644437358657
2 0.3209217753097742 0.48506513277905433 0.07219099240097168 0.07992053300147985
2 0.3586579758830094 0.48769025977545327 0.02887639696038864 0.07933717144672446
2 0.3975426695171692 0.4684393284685275 0.034454791827736475 0.04900237059944743
2 0.267181371484375 0.5898450131944444 0.20759908828125 0.28893908194444434
8 0.23781702617187497 0.37496174861111115 0.009560483593749992 0.024280594444444463
8 0.27332739726562505 0.3446110048611111 0.009560483593749992 0.031564773611111124
8 0.396247909765625 0.3786038375 0.006828917968750003 0.026708655555555558
9 0.17772255312500002 0.3154742909722222 0.020486751562499995 0.031564773611111124
3 0.26650552870485134 0.4369469142732448 0.036862055090297254 0.030316581324267212
9 0.7843955303599308 0.32365547692250074 0.05925891696986145 0.12689313782166528
9 0.026704340625 0.2911936965277778 0.0220508140625 0.031564773611111124
0 0.6111623788491355 0.48535681355643195 0.018704029849342697 0.07817044833721375
0 0.5222362018461203 0.4637724360304849 0.010172367111046032 0.06766994035161791
0 0.5344865076530464 0.45648164166430405 0.011703117506407245 0.06591740555083045
4 0.5673555720967276 0.44802167405209103 0.0702221471536725 0.06883666346112863
0 0.44746478984374993 0.4672280097222223 0.00546313281250006 0.033992833333333375
9 0.24107182526022344 0.34766973219524466 0.010926267968749981 0.019424476388888855
9 0.385321641796875 0.4028844333333333 0.028681452343750014 0.016996416666666646
9 0.42239495781249997 0.37930359155148297 0.012012709375000074 0.017738008563700683
9 0.4378398703125 0.37978276736111116 0.013728810937499957 0.02288135138888892
0 0.5781205233797353 0.4723619974137341 0.014565593634470542 0.04518047739475403
0 0.509058076953125 0.4720708847222222 0.012012710156249985 0.0671186305555555
