2 0.35654881953124995 0.4225763777777778 0.010517664062499987 0.02056787777777779
2 0.34497938906250003 0.43192541319444444 0.014724731250000022 0.028047104166666673
2 0.33078054179687505 0.4394046416666667 0.015776496093750002 0.02804710555555556
2 0.3113228625 0.4356650277777777 0.01682826249999998 0.024307491666666594
2 0.279104814190993 0.42983601632863044 0.023912283069485916 0.03596551734273916
2 0.24118354279415546 0.43431267751534086 0.031501523956787646 0.03791850105909621
2 0.20005525400950805 0.43261022566413415 0.027785192394016132 0.033156342994935056
2 0.16429218770279813 0.4401939258759534 0.054258604281903766 0.04832374341857357
2 0.025430917777615032 0.45239688571275594 0.050861835555230064 0.07758708678245851
2 0.40160429842201967 0.4354747972208901 0.01648730778153933 0.023927030552891262
2 0.41702538984375004 0.4281857993055555 0.019983564062500035 0.01682826250000002
2 0.41575448805468707 0.44743831249733573 0.022969861218490983 0.028001354628255766
3 0.464423111717831 0.4245476363316011 0.03129397549726161 0.04344790611244799
2 0.47863482604113405 0.4520190045610254 0.02928725885523189 0.028995676989060432
3 0.5188320831734934 0.42588631793831094 0.05110725540948664 0.05710466643217747
2 0.4455335663350833 0.45788198155639387 0.04544692329516646 0.0537829408905655
2 0.5227905781110889 0.49563614765247055 0.08847370622217773 0.10311398141605221
2 0.38967946289062494 0.44033954513888884 0.011569430468750008 0.02243768472222219
2 0.37528287290579987 0.4453656044174669 0.028397693749999987 0.037396140277777726
8 0.3714017890625 0.3959886097222223 0.007798462500000003 0.012130941666666692
8 0.393334965625 0.4055200638888889 0.004874039062499991 0.013863933333333339
8 0.41867996953125 0.3985880972222222 0.004874039062500035 0.013863933333333339
