8 0.368932949609375 0.23338450416666667 0.01462679453125002 0.07961042499999998
8 0.738868959375 0.4492773298611111 0.030472489062500063 0.047672515277777765
8 0.34943055742187495 0.5012837069444445 0.007313397656250009 0.02166932500000003
8 0.384169192578125 0.5142853027777777 0.006094497656249987 0.02166932499999995
2 0.40184323710937503 0.5782098159722222 0.01462679453125002 0.032503987500000005
2 0.3885104273799719 0.581629645668262 0.02066778730827239 0.045342096033278524
2 0.32951551753736 0.5853437490962085 0.01788988836277996 0.03557157680758299
2 0.21047601015625 0.6085468666666667 0.05606937812500001 0.08017650277777777
2 0.1552282748897907 0.6113365361728239 0.09762231451992502 0.10475587704240207
3 0.1314823064930522 0.5530953955783541 0.08706855078804124 0.06488610294417438
3 0.05958479106959388 0.6270178148040703 0.11916958213918775 0.16407751184646607
2 0.03394118861865135 0.8171297690516112 0.0678823772373027 0.2852141559559406
2 0.2850683204913906 0.6205303909393364 0.10530423785778123 0.13014674298978374
0 0.564566325 0.5738759458333333 0.008532296874999989 0.03683785277777779
0 0.57553641953125 0.5727924798611111 0.008532296874999989 0.0346709208333333
0 0.63587194765625 0.5933783395833334 0.012188995312499973 0.07584264027777776
0 0.6657349851562501 0.5901279423611111 0.020721292187500052 0.10401275972222221
2 0.36190614797251486 0.5957013306441071 0.05980466114734151 0.08130306874932695
9 0.6980358242187499 0.15782490694444445 0.05850717812499999 0.06717490833333335
9 0.70656811953125 0.3084267145833333 0.048755981250000066 0.026003190277777775
9 0.694379125390625 0.3506819 0.01462679453125002 0.023836258333333325
9 0.73460281015625 0.3571826979166666 0.041442584375000015 0.02383625694444444
3 0.47074183645756645 0.5319878681145864 0.13324126711503279 0.324430514720872
8 0.710439784765625 0.4500003208333333 0.02223133359374998 0.04160249444444446
