8 0.27139179765625 0.17766323680555554 0.023195881249999984 0.08453609861111112
8 0.52770627265625 0.2415807770833333 0.011597940625000015 0.06391753750000002
8 0.721391871875 0.48281792708333326 0.01855670468749997 0.035051551388888824
8 0.38666633552130075 0.420322932309825 0.015327250832398543 0.03789663684187232
8 0.29458767734375 0.1804123701388889 0.0208762921875 0.0762886736111111
8 0.54460614375 0.24226805 0.018556704687500057 0.0639175361111111
9 0.699268203665776 0.43489603907009616 0.03347036920408693 0.06008624013979866
9 0.55032225625 0.5226804993055555 0.013917528125 0.03298969861111113
8 0.46391760273437493 0.44845368472222225 0.017396910156249935 0.032989697222222246
8 0.48021568533968007 0.520000827803363 0.008240490991860217 0.01938292782894793
9 0.12699744335937502 0.4556701798611111 0.03827320234375 0.04742268750000002
0 0.02194295695984299 0.6121213589053809 0.027648796732185975 0.10465490392187296
2 0.4702258732299657 0.555651880904449 0.012469353232895131 0.02158437752594706
2 0.4641552670507931 0.5635272618936458 0.014110057605644499 0.017500846642659773
2 0.4833061315093044 0.5544594226814487 0.008622416143608813 0.018032737970435954
2 0.4892580439538582 0.5591520502329808 0.011156789734695582 0.018084208197414933
2 0.4958208614448557 0.5609021348972469 0.007875380989196934 0.02391782374496848
2 0.5005789041258287 0.5705276005507097 0.009516085361946213 0.025667908409234347
2 0.5097668486132252 0.5749028122113747 0.01673518460204342 0.0239178237449684
2 0.4449590258896256 0.5725693659923533 0.009187944487396394 0.02391782374496832
3 0.3993474443271935 0.5719860044375981 0.09319200837216353 0.14175685780554437
3 0.3194451413742998 0.5862783625291036 0.07055028802822227 0.11550558784155479
2 0.16062495809216207 0.6285720752488648 0.1545543519129894 0.16275787377673628
2 0.0101597359375 0.6896264020833333 0.020319471875 0.12371135972222223
2 0.45365475906519726 0.5250253992797942 0.007547240114647113 0.014000677314127803
