3 0.0274616953125 0.46528342986111115 0.054923390625 0.04075475416666663
2 0.5194718554303285 0.4598317614079832 0.013675143826842984 0.017695810517366954
2 0.5356896928236428 0.4582474450166821 0.010506262468892302 0.012451866629798284
2 0.5463350198251266 0.4598075433286168 0.011395495900253039 0.014519947768344742
2 0.5451745131080594 0.4740716921920507 0.014300190582658967 0.024384905483354972
2 0.5311661631495365 0.48263235050003694 0.02480645305155118 0.041506222099327535
2 0.6825448344528191 0.4556943017159537 0.06603191421813807 0.029366943790314712
3 0.6108872995801716 0.4556533061354741 0.0776296060201486 0.12659397740294906
2 0.4887033523377634 0.4727746227514467 0.024514612427415372 0.03009201102201252
2 0.5024198616721506 0.5013101504447344 0.053114993592733216 0.07056057756885686
2 0.8731985886718749 0.491916873773385 0.25360282265625 0.3158493402777778
9 0.6901910144737735 0.3636680733251492 0.03616404292745292 0.04469402442807626
9 0.6903490320185407 0.40209874660267675 0.017802278072289734 0.017640144392214157
