0 0.9223730195312501 0.4809371625 0.03559567968749988 0.09843743333333334
0 0.8241553132812498 0.4504684333333333 0.015820301562500028 0.03281247777777775
7 0.783945380078125 0.4891402819444445 0.022412094531249947 0.04921871666666667
7 0.75691903125 0.4785934152777778 0.021093735937500035 0.04687496666666667
9 0.764829181640625 0.3426560083333334 0.018457017968750034 0.023437483333333335
9 0.75494149375 0.4117965847222222 0.009228509375000016 0.025781233333333375
9 0.894028312109375 0.32390602013888886 0.04482418828124999 0.06562495416666662
9 0.8920507746093751 0.2629685631944444 0.038232396093749975 0.06093745694444443
2 0.624424005078125 0.47156216805555556 0.04614254609374999 0.09843743055555557
2 0.582895713671875 0.4832809118055555 0.07646479140625004 0.11249992361111107
4 0.362729849609375 0.39187472291666664 0.37705052109375 0.4171872125
4 0.696933720703125 0.4469528104166666 0.10678703671875 0.20390610972222223
2 0.13514998074150486 0.5618686648818694 0.2702999614830097 0.419675326985961
