2 0.878476949609375 0.53029546875 0.24304610078125002 0.3604622791666667
2 0.08683913031128891 0.38044419203764335 0.04695324187257784 0.060759725741953395
2 0.7474435005590301 0.4328455862093509 0.19254371986806024 0.2156956636924093
2 0.6628009681461074 0.40477351255709665 0.07804150258103845 0.15829023957851027
2 0.5309022297644266 0.37924937574705214 0.03045775796635315 0.044506159827437684
2 0.565388549609375 0.3777921951388889 0.01949615703125005 0.027727868055555563
2 0.45323093583515534 0.3726296899129263 0.02849823694687039 0.034865226563435193
2 0.506900080078125 0.3691272375 0.01949615703125005 0.024261883333333383
2 0.47054438086201744 0.37126776700029207 0.01654736338850542 0.028872765747844812
2 0.48203560543736845 0.37262968991292617 0.011950873558364971 0.022880304932254347
2 0.5537919251311705 0.3775326123984093 0.00796724903890995 0.020701228272039646
2 0.5502790285156249 0.3725932208333333 0.010722885156249973 0.024261883333333303
8 0.536144315234375 0.20102704027777776 0.007798463281250001 0.034659833333333306
8 0.38309948359375 0.15770224652777778 0.01364731093749998 0.04505778472222224
8 0.73744213515625 0.28334414722222223 0.016571732812499997 0.036392825
8 0.192037146484375 0.27554568333333335 0.017546541406249984 0.031193852777777784
8 0.721357805078125 0.28507713888888886 0.011697694531250047 0.036392825
8 0.3358213015625 0.3076060319444444 0.016571732812499997 0.025994877777777762
8 0.5021364444422458 0.32304347932411887 0.006069652946991688 0.015277969759348883
8 0.39430977382812504 0.15683575208333334 0.012672502343749992 0.05025675972222222
8 0.54491758515625 0.20535952083333334 0.011697693750000049 0.03639282777777776
8 0.6477598136718751 0.3145379986111111 0.012672502343750036 0.01906290833333332
9 0.21611128857095654 0.21143835917735465 0.028652127141913074 0.020822637799153772
9 0.303165240234375 0.1577022472222222 0.017546541406249984 0.03119384999999999
9 0.205684455078125 0.17069968472222222 0.011697692968750006 0.015596924999999985
9 0.19983560820312501 0.18889609722222223 0.02144577265625003 0.01386393611111111
9 0.718920787109375 0.21835695624999998 0.032168658593749996 0.020795901388888892
9 0.73451771171875 0.24868431319444445 0.016571732812499997 0.02252889305555554
9 0.4463846560991058 0.3218532512951777 0.009902754989288276 0.01829633907631126
9 0.5775736480468749 0.3405328736111111 0.012672502343750036 0.01906291111111109
9 0.49039829843296345 0.32493594722222224 0.014622118750000013 0.012130941666666652
9 0.6365495234375 0.2313543951388889 0.017546540625000072 0.015596926388888871
1 0.6091198727351944 0.3950503255540258 0.026081148595388813 0.10478863721916273
7 0.60794452421875 0.42468720069444443 0.021093735937500035 0.07968744583333331
