8 0.19662137500000001 0.3569882236111111 0.012669245312499999 0.06341119722222224
8 0.56177140234375 0.28358117222222223 0.016567474999999998 0.0639983861111111
8 0.21131220390625 0.35890240000000007 0.0155929171875 0.06930185555555558
8 0.57589410859375 0.2871749777777778 0.011499776562500053 0.07138091111111108
8 0.54402608359375 0.2861354506944444 0.018321678124999963 0.07553902361111109
8 0.18399642734375 0.3614091784722222 0.012864156250000014 0.06375770694444441
2 0.4187672929687499 0.5998075625 0.01442345000000005 0.021483574999999967
2 0.4822027311010297 0.6321305840325859 0.043091922172940576 0.06603207917628282
2 0.34128998203125 0.6110691145833334 0.04541437343750001 0.06826232916666662
2 0.28975844550608054 0.6204777498924944 0.07177251444966104 0.08985167200721086
2 0.554686969497004 0.6869467790406565 0.15910990163099187 0.17114360808131288
2 0.8186814679687501 0.6497130194444444 0.1871150109375 0.12786192222222223
1 0.049771448046875 0.7389639875 0.08264246328125 0.27032689722222225
6 0.05206953242187501 0.8124830479166667 0.10388781328125 0.20236142083333325
9 0.8962439054687501 0.4230857958333333 0.03785403750000001 0.04078549722222225
8 0.9237883061026487 0.4750873013888889 0.01723476376779711 0.04690331944444447
