9 0.38018784375000003 0.3216404027777778 0.16208008125000006 0.06225297777777779
9 0.6279769589843751 0.3186759708333334 0.15207513671874998 0.06225298055555556
2 0.47951037267748264 0.5497628823999998 0.008463378099941021 0.01193303885355661
2 0.5131855281333092 0.5507717212241883 0.011089943717164097 0.016602488839731123
2 0.45639255706843757 0.5513696537072967 0.010339234449374946 0.013071270363184182
2 0.5274857187159682 0.5580353100915706 0.01284098746197948 0.016602488839730967
2 0.3465652524556554 0.5674760300601419 0.052814139286310846 0.05911940932416068
2 0.42392914832736767 0.5648196451787441 0.05204849509050704 0.07370972648088865
2 0.5652768920284027 0.5632023362633448 0.04601793718180538 0.04988023025108816
2 0.6527340103243414 0.5665383349429677 0.06274573418921792 0.07211706089758164
