9 0.1405385736667063 0.4571672005084497 0.04088142609611491 0.0899929743566847
9 0.13976509639699838 0.3667873659126758 0.0522342256064968 0.08552639039687059
9 0.27464933203125 0.4776628375 0.024107154687499976 0.04438777500000002
9 0.276371271484375 0.5258771444444444 0.010331636718749992 0.048979611111111154
9 0.36067124001413964 0.5117879373943951 0.012257306213707641 0.022880304932254267
9 0.737420585546875 0.3353158361111111 0.06285079453124993 0.12397964999999998
9 0.20915415546875 0.5079448409722223 0.00947066875 0.012244904166666654
2 0.312901013671875 0.5234696479166666 0.008609697656250016 0.02448980694444442
2 0.33829962226562504 0.5135206625 0.009470667968750002 0.016836744444444444
2 0.111434084765625 0.5471941472222223 0.01894133359375001 0.026020422222222173
2 0.2001139734375 0.5288267909722222 0.017219395312499986 0.022959193055555556
2 0.18569818446188005 0.5292205673011483 0.011644440903022324 0.023969843262361696
2 0.25591566938159965 0.5278888675507539 0.008287020013199298 0.012590137120714297
2 0.24521969027136947 0.5313261728228862 0.011382997582261023 0.011837979354227457
2 0.026198078515625 0.5563778243055555 0.03616073046875 0.016836740277777786
2 0.07914771953125 0.5464288409722222 0.030133940625 0.02142857916666669
9 0.293098709765625 0.5043369847222222 0.0068877601562500335 0.013775516666666713
2 0.295681618359375 0.5250002604166667 0.008609697656250016 0.01836735416666665
8 0.385222474609375 0.4880468743055556 0.00860969765624997 0.015306131944444464
8 0.394262657421875 0.49493463263888887 0.006026788281250006 0.013775515277777749
8 0.41793932695312497 0.48192442083333337 0.006887758593749993 0.01224490277777777
8 0.40502477968750006 0.4926387118055555 0.006887757812499995 0.012244904166666733
8 0.42654902421875 0.4956999375 0.0051658187499999285 0.01224490277777777
8 0.30386083203125 0.49034279305555556 0.006026789062500005 0.013775513888888863
2 0.18892136601562498 0.49569993611111113 0.008609699218749989 0.009183675000000039
9 0.768845983203125 0.10113205694444445 0.053380125781250065 0.07500003333333334
9 0.8540819890625 0.10266266944444444 0.04821430625000005 0.06581635555555555
