2 0.47265211801028906 0.4886853359450666 0.02276356868259999 0.034242633231945284
2 0.5596905792012892 0.487077655177129 0.028610580659921413 0.03552378964574198
2 0.602180709085092 0.49202889976234226 0.04056584675488972 0.04461918875677719
2 0.4371448361362423 0.499234839339768 0.0321024686549487 0.041506222099327535
8 0.331890716015625 0.3324489090277778 0.019630097656250012 0.05142855972222225
8 0.5638358218749999 0.3453060486111111 0.01446428437499998 0.040408152777777755
8 0.8585972332031251 0.3737754298611111 0.015497446093750079 0.031224481944444448
8 0.275165751953125 0.45520398819444446 0.010331630468750009 0.023877545833333298
8 0.4646259847915791 0.4323707597359795 0.009048091458158325 0.018115447194707694
8 0.530357025 0.4258162423611111 0.00826530468750004 0.016530609722222225
8 0.4947129 0.4441835840277778 0.009298467187500048 0.009183670833333381
2 0.5313901875 0.48734684027777775 0.010331629687500055 0.022040811111111065
2 0.511564195290896 0.4958624587941977 0.03560455614457947 0.050326294295434656
0 0.09033090074375831 0.562589461497832 0.028296076487516607 0.1297069440603988
8 0.68936513046875 0.430163175 0.011364793750000057 0.018367341666666686
2 0.028162618002546803 0.5447800932258732 0.05632523600509361 0.0750496475382786
9 0.6264015429687501 0.3883591006944444 0.01054686718749993 0.03046872916666664
9 0.847885765625 0.316874775 0.029003885937499873 0.023437483333333335
9 0.680454240234375 0.39304659722222224 0.02109373515624995 0.016406238888888838
9 0.3040690302163905 0.4415403843896439 0.009216244254719097 0.027231095109601
8 0.0060232484375 0.43523406875000004 0.012046496875 0.03046872916666664
0 0.64683609921875 0.4774215395833333 0.009228509375000016 0.04921871527777778
0 0.63233415625 0.49031215555555563 0.006591792187499923 0.06093745833333336
2 0.75823738984375 0.490884163178862 0.031640603125000055 0.03281247777777775
