2 0.8591477953326703 0.611546258637219 0.28170440933465957 0.30492801250000007
2 0.020720682087081426 0.5107931657252909 0.04144136417416285 0.08145596086993029
2 0.3323091966202541 0.4869559047464722 0.05836812482717946 0.07159823312134006
2 0.5121154488135673 0.4849382429314623 0.05493089278874974 0.08001477612111864
2 0.3599529910522975 0.4808740867397808 0.027141178044638448 0.05240160540040111
2 0.3907087961084398 0.4596490090354587 0.016372554687499985 0.0401950569444444
2 0.37673382694011154 0.4684222201099825 0.025681974923958916 0.04617567208550189
2 0.40708525185024486 0.45233855904649306 0.011673624965435891 0.025422561035838162
2 0.47662438525545525 0.47046871448665417 0.016634915575746145 0.04876981096670987
2 0.48640104616400776 0.4777323033540365 0.0215962061860564 0.06744761091140729
