8 0.36409073046875 0.17069968541666666 0.008773270312499993 0.025994876388888897
8 0.44499978203125 0.17936464375 0.006823656250000009 0.02252889305555558
8 0.43963833828125 0.21922345347222225 0.005848846874999936 0.019062909722222205
8 0.37091438515624997 0.1698331888888889 0.004874039062499991 0.024261883333333324
8 0.450361225 0.17676515625 0.005848846875000024 0.024261884722222207
9 0.48301728750000006 0.2148909736111111 0.012672501562499949 0.006931966666666669
9 0.49910161718749996 0.2079590069444444 0.007798462500000003 0.017329916666666674
9 0.539068738671875 0.18543011458333333 0.011697694531249959 0.017329918055555577
8 0.54540498984375 0.21749046180555556 0.01072288593750006 0.015596926388888871
9 0.31486293437499996 0.20449302291666668 0.009748078125000026 0.027727865277777753
2 0.3739937687364211 0.2435680244408659 0.020137003065376913 0.02594138881207972
2 0.462546323046875 0.23915285833333333 0.018521349218749972 0.013863933333333339
2 0.4630317270055359 0.26897717455506037 0.02222402588952832 0.047528388014371516
2 0.4735600587020283 0.2538292853441266 0.00642049373098974 0.017640144392214237
2 0.49749098988117185 0.27380415472942793 0.02159620618605631 0.055514572057850646
2 0.5230270444930628 0.2977567063714761 0.0656641404305768 0.09131368861852067
2 0.5879291645439684 0.31384037139330734 0.10110656685342256 0.1294763548172561
2 0.75450127265625 0.37999741125142505 0.2787950437499999 0.3044278406091412
2 0.34369348033529656 0.2584529353372649 0.019451030986549524 0.03548718735041356
2 0.36874063750197494 0.25342575218945623 0.017802278072289734 0.022828422154630226
2 0.3322605505787187 0.259075212396499 0.014300190582658967 0.041506222099327535
2 0.3157715553150406 0.25725931517965345 0.031518787406676865 0.05240160540040111
2 0.30847553971164315 0.26452290404703577 0.015175712455066659 0.05032629429543469
2 0.2937375881927803 0.2595940401727406 0.022471728058464046 0.06952292201637364
2 0.26683961141044427 0.2608911096133446 0.05019658735137429 0.08353127197489675
2 0.2325483358479091 0.2763406482790212 0.059827327947858853 0.07857358345562339
2 0.16946211944615452 0.2886772202872482 0.09669652976578355 0.10313142889216426
2 0.41827247429107606 0.3189998205524032 0.11744963289876371 0.16758137172603507
2 0.8882749703202413 0.4988809762906017 0.22345005935951753 0.4800387083333334
0 0.14262030517612256 0.2322866025650304 0.01305059121025487 0.03132527457450524
0 0.012185098046874999 0.22962140347222224 0.024370196093749998 0.05718872638888889
2 0.4788131899364744 0.26731880752640796 0.008171537475805124 0.042543877651810766
2 0.48931945240536673 0.267318807526408 0.019845162441241015 0.05188277762415952
2 0.525215849174082 0.25253221590352254 0.042608731123840914 0.03683677211315322
