2 0.46475472680713237 0.5257671279433063 0.01825920048926477 0.02787255588661242
2 0.45185035992950445 0.5303645059142638 0.021304365561920502 0.03943091099436123
2 0.43773776630130223 0.5419774730499353 0.016843402915104555 0.0390333988776483
2 0.4094713311614703 0.5473744917776606 0.05119638576044041 0.05833137244421012
2 0.36058530943583555 0.5617824031051749 0.05836812482717937 0.11310445522066767
2 0.2992825600513624 0.5678642211118663 0.1199464965198537 0.17069433838348466
2 0.20338048507055242 0.6135210654211266 0.2328239670623793 0.2139300075147738
8 0.449645794140625 0.48631903263888887 0.009566932031250008 0.01700787916666668
8 0.5040577183593751 0.4756891090277777 0.008371064843750008 0.01700787916666668
2 0.5280045623255769 0.5319786226995779 0.014592031206794864 0.02594138881207976
2 0.5395322669789449 0.5420957643362889 0.020137003065376913 0.04825098319046827
2 0.5696255330494792 0.5481487656146857 0.05340430828645833 0.07419237200254804
2 0.4935349320456714 0.5502817418429758 0.047861862358287065 0.06900409424013215
2 0.8648670882812499 0.7176379468903088 0.2702658234375 0.38055128611111116
2 0.07730531108049797 0.6886240904654275 0.15461062216099594 0.3021875534204737
6 0.39931904758504305 0.5565653086144643 0.03239430927908456 0.05032629429543473
