2 0.46933561523437495 0.5208980777777777 0.018457019531250028 0.023437483333333297
2 0.4370313346435058 0.5197573532296057 0.023055409306735795 0.02075311104966373
2 0.4915082570863859 0.5280009641928819 0.015467553079202556 0.038393255441877966
2 0.49982571487425903 0.532929828067177 0.014592031206794864 0.047213327637985164
2 0.5405123518033994 0.5535632730079274 0.06707634736889627 0.08307881271324512
2 0.37326989041982606 0.526155375856076 0.06069138552023916 0.0907389128355524
2 0.30236310046758963 0.54480520179741 0.11469336528540755 0.11466093854939245
2 0.9732396935789174 0.6023158733191631 0.05352061284216525 0.11538101095685746
8 0.11931144140624998 0.3767575541666667 0.01713865937500001 0.03515622777777776
8 0.13842763945312503 0.37910130208333326 0.015820302343750002 0.0398437236111111
8 0.16743152578125 0.38847629652777776 0.015820301562499983 0.03046873194444441
8 0.47856412421875005 0.4751949854166666 0.01054686718750002 0.02578123194444441
8 0.6446772902343749 0.41542940138888884 0.013183585156250021 0.03281247777777775
8 0.66708938515625 0.41660127708333333 0.015820301562500028 0.03046872916666672
8 0.50888636953125 0.110156175 0.015820301562500028 0.08437494166666668
8 0.531298462890625 0.11718741875000001 0.015820302343749936 0.07968744305555556
9 0.132495026171875 0.27960918263888884 0.027685527343750006 0.02578123194444445
9 0.14501943242187498 0.34406226319444444 0.03691403828124999 0.02343748472222222
9 0.638085498828125 0.3784514771215916 0.036914036718749973 0.0249715096457057
2 0.5098942164069474 0.5355239669483851 0.019553321817105028 0.053439260952884225
