2 0.17734496712080397 0.5466828401687311 0.08291348580410791 0.049265472004129014
2 0.05621988382531766 0.5896070428894015 0.11243976765063532 0.1349468021979918
2 0.5936560631918999 0.5231003061491017 0.021361970933196604 0.04042695574454416
2 0.607093432004717 0.5276942783927998 0.031009312644962872 0.047164781701968174
2 0.5672981474436815 0.5108497134992398 0.0161937521590362 0.01102553338487553
2 0.5743202640081607 0.5331140198228262 0.030402448328821486 0.04980095075676358
2 0.7822900926284504 0.522765644840007 0.03825673056940095 0.08519841190223623
2 0.47461475742707027 0.5549518470387425 0.04169029811156113 0.12495604502859108
6 0.6963745671874999 0.5422440263888889 0.03639114062499997 0.06282552777777776
0 0.8866803385973407 0.5440528702619088 0.05687786469468144 0.2055568433015954
0 0.9395065356052232 0.5338195747177308 0.06492628371044643 0.22234825659499285
0 0.758639112109375 0.5132620159722222 0.015776496093750047 0.07666208472222216
0 0.7317287011671784 0.5160667277777777 0.01911252891564308 0.07853189444444442
0 0.68396369609375 0.5113922104166666 0.01998356250000004 0.05422440138888894
0 0.655040119140625 0.5132620152777777 0.012621197656249982 0.043005555555555554
2 0.629271841796875 0.5282204736111111 0.024190627343750038 0.03926594722222221
2 0.5419738754502952 0.5374947525126893 0.049614900231940505 0.07411608553166424
2 0.33674950683205473 0.6349477697502484 0.3103489532789495 0.39407795894494113
9 0.615493726953125 0.47680078263888886 0.018931796093749932 0.02991691527777773
9 0.8741011120136435 0.25117740972222224 0.04751369941021313 0.06731305277777777
9 0.8778744003906249 0.3138769373887295 0.05889891953125002 0.06930484699968116
0 0.1076853609375 0.5410168541666667 0.011154659374999997 0.03966100833333333
