2 0.4116628395345642 0.4624216835134048 0.03168893655587159 0.06111495591569841
2 0.42072163736482204 0.4754753323719938 0.03461196902035572 0.05661770363287657
3 0.49901138233912795 0.4794543312044102 0.15448485374075593 0.24990325407548708
2 0.1433513408940479 0.49269220624605026 0.04377906772559581 0.04514462915876728
0 0.38351326796874996 0.4811715368055556 0.011476706249999991 0.04590682638888887
0 0.39546817109375 0.4803214097222222 0.010520315625000044 0.05100758333333333
0 0.703652607476777 0.4901012166349569 0.03010046339105408 0.16918185826991394
0 0.6460429234375 0.4862722944444444 0.03729929531250002 0.14792199166666672
0 0.202276946875 0.4871224208333333 0.01817145 0.07481112222222223
0 0.1828045615023614 0.48453330791017724 0.009296616057777162 0.035782778624090066
0 0.0670715016704763 0.4918467870613764 0.011724803340952616 0.051760364766135956
