9 0.602001230078125 0.6695565381944445 0.04041835234374993 0.023951615277777765
9 0.631396396484375 0.7348791256944446 0.013472783593750037 0.010887098611111097
9 0.6369079890625 0.7533871951388889 0.02204637499999995 0.01741935694444439
9 0.6614039605468751 0.8089113944444445 0.012247985156249985 0.028306455555555644
8 0.6271095996093751 0.7893146173611112 0.01714717734375002 0.023951615277777845
8 0.5750556625 0.7381452576388889 0.023271173437500004 0.030483873611110983
8 0.783271414453125 0.6967742826388889 0.006123992968749992 0.034838712500000056
8 0.7079463039062499 0.7969355868055555 0.0024495968750000152 0.01741935694444439
8 0.673651944140625 0.8012904256944444 0.004899194531250028 0.02177419583333331
8 0.774697825 0.8089113937499999 0.006123992187499994 0.019596776388888928
3 0.723256286328125 0.8285081708333334 0.033069561718749974 0.05008065000000007
2 0.6643212005262147 0.8353737464096282 0.08892617700301511 0.023334462190213085
2 0.4930425390064741 0.8655232547135563 0.0429647045754483 0.07620758720489028
0 0.8157285753906252 0.8764114027777777 0.007348791406249866 0.03701613611111125
0 0.8022557929687502 0.8698791430555556 0.0048991937500000304 0.02395161666666673
0 0.7856346515051452 0.8720147681977819 0.008400867072790419 0.028222866951119367
2 0.8300323421738998 0.8835010746769427 0.02461056559124053 0.036751777949585576
2 0.8438142589049942 0.888459647892363 0.020016593347542154 0.03266824706629829
2 0.8758884896750224 0.8905670567189276 0.061529493412544586 0.09145647732674418
2 0.9525062660042727 0.9236422657936282 0.09498746799145472 0.1163104617191738
2 0.67518080625 0.9121449384346385 0.2663084109375 0.175710123130723
