8 0.266338931640625 0.35405078194444445 0.006864405468749979 0.010677963888888876
8 0.4665221613281251 0.2823558784722222 0.006006355468749991 0.02593219861111109
8 0.45785584414062497 0.28311858958333336 0.010296608593750011 0.02745762083333333
9 0.4883380828125 0.29892462128316166 0.01801906406250007 0.024725875899656715
2 0.2599355632464011 0.4022941493806514 0.0300273510778724 0.08296713872118949
2 0.2222876298081448 0.4022208715606921 0.059739528366289596 0.17444186256582847
2 0.3923259710091489 0.4100124962976113 0.011977299830797783 0.06624602684922189
2 0.42942729794499385 0.4241614572606548 0.0839318728923661 0.13056069116590288
3 0.332280127734375 0.3676270472222223 0.11841099453125001 0.25779656111111116
3 0.5507062634376496 0.41503032615755525 0.0985713559372007 0.16039976342622156
3 0.100499186328125 0.2966948597222222 0.20099837265625 0.5735592111111111
3 0.7726165687499998 0.3673887020833333 0.45476686250000026 0.7322032486111111
