2 0.139884926171875 0.8794933020833333 0.21738215078124998 0.21662396527777775
2 0.30802583893996427 0.804314489022849 0.06822048781891824 0.08807810396017035
2 0.4051360180030298 0.8352099892118376 0.1103600016310596 0.19044504509034207
2 0.548816816796875 0.8197050868055555 0.11892655703125002 0.16290122083333328
9 0.38553650195312505 0.6620028409722222 0.028269427343749997 0.03812581805555561
9 0.421116990234375 0.6360079652777778 0.017546541406249984 0.010397949999999965
9 0.42452881679687504 0.6628693361111111 0.04191673671875007 0.03985880833333337
2 0.4580764573497567 0.7886319018348575 0.020328327178364525 0.050839959496926844
2 0.34437564431822626 0.7776063684499819 0.029975668890130792 0.04961490023194067
2 0.10474256715631895 0.7825066055099266 0.047547612722276346 0.037364307582078815
2 0.17118885439242265 0.7670397249192004 0.03779734902765468 0.01868113905048811
2 0.20328327178364533 0.7739311906550234 0.02825292929874392 0.02388865566723063
2 0.2556545553618048 0.7733817425819478 0.0282529292987439 0.028662729608340164
2 0.2398027296875 0.7755137958333332 0.009748078124999981 0.012130941666666692
2 0.282206871875 0.7711813180555557 0.014622118749999968 0.017329916666666632
2 0.2806075662942451 0.7510767089169118 0.011423507588490223 0.012481351610620726
3 0.7330555007812499 0.7737808055555556 0.08383347500000005 0.06412069444444451
2 0.674079625390625 0.7815792680555556 0.028269427343750042 0.02426188611111115
