8 0.296811925390625 0.34617163125 0.007910150781250014 0.03046872916666664
8 0.428647772265625 0.2840622965277778 0.007910150781249925 0.03281247638888887
8 0.157725106640625 0.30632790694444445 0.006591791406250014 0.03984372222222221
8 0.6092628828125 0.2571091916666667 0.01054686718750002 0.03984371944444444
9 0.6362892312499999 0.29109354375 0.011865226562499932 0.02812498194444445
9 0.63563005234375 0.26296856249999995 0.010546868749999928 0.028124980555555564
0 0.9731298195312501 0.41414033333333333 0.021093735937500035 0.10078118055555557
0 0.9922460187500001 0.4305465715277778 0.014501943750000024 0.1429686513888889
2 0.5454193546330688 0.4159076204628103 0.017916491750422914 0.033076600154627066
2 0.5552389703039736 0.41621388527905684 0.020328327178364525 0.06554067067676096
2 0.5996856517617537 0.4339772446213566 0.10095254005526791 0.14394446363587696
2 0.9514222951369987 0.477379714104766 0.0692313708606914 0.1837120037218341
3 0.382505226171875 0.33719147199498145 0.07382807421875004 0.07655402267670385
2 0.785922917578125 0.49031215624999996 0.33222633359375 0.3609372513888889
2 0.43919464023437504 0.5068876448558105 0.27158184453125 0.46372367973282336
8 0.14315966004424513 0.35189827386728206 0.019639231341809782 0.023888655667230592
8 0.59937519453125 0.2582810638888889 0.011865225000000024 0.037499974999999984
9 0.8353613609374999 0.24421857569444447 0.027685528125000046 0.02343748472222222
