8 0.32249560234374997 0.4259509979166667 0.006828917187500005 0.019424476388888855
8 0.261718237890625 0.47208412847222225 0.0054631335937499696 0.02428059583333335
8 0.53828939140625 0.43444920625 0.009560484375000034 0.03156477361111109
8 0.45770816484375 0.44780353333333334 0.006828917187499961 0.024280594444444463
9 0.9691940777343749 0.36282145069444444 0.04916820546874998 0.08741014305555556
9 0.30337463359375 0.43444920694444444 0.025949885937499983 0.016996416666666726
9 0.7391743848802916 0.5041538523286296 0.016389401562499996 0.04613313055555553
9 0.8312499453125 0.5060769604166667 0.019120968750000068 0.043705068055555546
9 0.8735892343749999 0.48908054652777777 0.010926267187499939 0.02428059861111112
9 0.5587761421874999 0.4623718909722222 0.012292051562500017 0.019424476388888934
9 0.538972283203125 0.47815427777777775 0.01365783515625001 0.02185253611111114
2 0.27984404328779827 0.5408801017701533 0.03203756029940341 0.07446239798475121
2 0.4781012542191626 0.5378593534844114 0.024938706465790262 0.060669601694553814
2 0.521217098046875 0.5391775848357722 0.08194700859374997 0.11347515810623353
2 0.7660054137219505 0.5155008806973722 0.04108230024127089 0.03545398079074084
2 0.8669163065475969 0.5215280574317981 0.049857160486979524 0.04183569733307427
2 0.765138804490262 0.592064481362853 0.1409344105430237 0.1234138488368171
2 0.9020481421670012 0.6202772555580568 0.19590371566599724 0.20029526821959512
2 0.6169210529700324 0.5742730413270012 0.16136067312756497 0.20437782432066898
2 0.37397225310232385 0.588133171334632 0.22620051567035224 0.37006067399740245
2 0.16799136718750002 0.5321497104166666 0.03277880312500001 0.026708654166666672
2 0.23839434536048154 0.5294006109404592 0.014110057605644455 0.016917485087904457
