2 0.15371033750000002 0.4833081270833333 0.017206381250000003 0.02447129861111108
2 0.13765104921875 0.4894259527777778 0.044736590624999996 0.02854984722222219
2 0.10648171379143327 0.48594017511118737 0.015422621103843969 0.023334462190213085
2 0.08055858470199342 0.48448177122429903 0.03904876407143469 0.02741799307350037
2 0.13765105 0.5087990631944445 0.030971485937500008 0.03466767083333337
2 0.1428129640625 0.5047205138888889 0.025236024999999995 0.02243202499999997
2 0.9107549973131679 0.4847513128263996 0.0679251610318234 0.05829187712497854
2 0.75363949375 0.49452414097222225 0.08144353750000004 0.07137461805555555
2 0.6840096529992069 0.5051911064181132 0.056112089548028 0.046668924380426094
9 0.403776410546875 0.4313066215277778 0.019500564843749978 0.030589120833333303
9 0.6862628569599135 0.43536746016453426 0.02010415766982705 0.026475150884624158
9 0.7913117189770148 0.44364646239142613 0.018704029849342784 0.025084546854479032
9 0.8858162908473778 0.44918839716160175 0.017391466351143237 0.019834292861681115
9 0.29136138671875 0.4792295777777778 0.01032382812499999 0.02854984722222219
0 0.25116603777577434 0.5261400951365264 0.014817942739048639 0.07339950139361401
1 0.03790027101051015 0.5259004416119272 0.021985438594841384 0.05308590148273472
6 0.038720623196884824 0.5436929690319646 0.017719607225693056 0.0478356474899368
2 0.3481574678974136 0.42235376564285665 0.023626142967590757 0.03616841639483026
2 0.38392482322334953 0.4246872118618781 0.027563833462189224 0.03500169328531963
