8 0.4752713578125 0.26439654774558763 0.010796793749999978 0.05106828993561968
8 0.6342241546875 0.25485765069444444 0.011996437500000035 0.04052130138888887
8 0.04579889296875 0.1386255 0.025192518750000004 0.0981042
8 0.29232568593749997 0.3774879020833333 0.00959715000000001 0.029857801388888876
8 0.142370215234375 0.4244073020833333 0.007197863281250006 0.029857801388888876
8 0.07519016523437501 0.14928899930555556 0.026392163281249992 0.09810420138888887
8 0.6438213046875 0.26125575208333335 0.007197862499999985 0.0447866986111111
8 0.9029443550781251 0.1503553513888889 0.016795013281249993 0.05758289999999998
8 0.888548630859375 0.15462075 0.016795013281249993 0.0575829
9 0.5412517640625 0.23886240208333334 0.05878254375000003 0.02559240138888891
9 0.9854105191406249 0.16528425 0.02817294140625002 0.03199050000000001
2 0.40753184365301875 0.4347560838336016 0.014476443556037388 0.020697564889425497
2 0.3559239848923791 0.4436600613126258 0.01596848996685658 0.018111406039814506
2 0.3401180164709417 0.44772999327471347 0.019360311598442426 0.016917485087904457
2 0.3262803272052336 0.45650345267950854 0.02340954716226773 0.019204859139995516
2 0.29253758966121035 0.4617306705888413 0.017391466351143192 0.0239178237449684
2 0.2731772780627679 0.47135613624230416 0.027891974336739133 0.03616841639483034
2 0.2513559099052015 0.4792315172315011 0.02756383346218918 0.032084885511542975
2 0.22313579469391254 0.48331504811478837 0.03543921445138611 0.04141867038762818
2 0.18720436893070164 0.4938155561003842 0.049549272057030566 0.041418670387628254
2 0.5276505262761931 0.41972863864645765 0.02428242471669053 0.039085224168606915
2 0.5079620738032009 0.4311041889641866 0.022969861218490983 0.04900237059944743
2 0.4671085349217419 0.44802167405209103 0.08498848650841673 0.13650660381274646
2 0.6561176786624678 0.39493577256935625 0.010828648860145673 0.021001015971191746
4 0.6883431350911199 0.3811056985928646 0.04771572825526045 0.06101080836982631
2 0.5406120908209131 0.4118532576572608 0.007547240114647113 0.014000677314127883
2 0.5589879797957058 0.4042695574454415 0.010172367111046032 0.014000677314127883
