8 0.267154838671875 0.3387637694444445 0.010970096093749993 0.03900478611111113
8 0.51824814140625 0.2965085881944445 0.008532296875000078 0.032503987500000005
8 0.48472840664062494 0.3550157652777778 0.009751196093750015 0.019502391666666657
9 0.26715483906250004 0.28675738958333336 0.02072129062500001 0.017335459722222207
9 0.564566323828125 0.3149275125 0.010970096093749947 0.02166932777777776
9 0.5907726648437499 0.3030093833333334 0.012188995312499973 0.015168527777777798
2 0.4808904516528365 0.40893644988348415 0.020672875096641886 0.0478356474899368
2 0.5096014570347983 0.4054365824836937 0.018378531257096674 0.04666832052294304
2 0.5259257012996187 0.41139761924232643 0.033638610411737255 0.07142555595979169
2 0.29680342103035867 0.43314595440583026 0.04298645456603314 0.08108725611099048
2 0.24701812100529344 0.42222833530839443 0.08283541544808695 0.11925661783901115
2 0.139976641796875 0.4847463607346944 0.27995328359375 0.2312910631360555
2 0.398795987109375 0.4081056118055556 0.16211363828124997 0.2643657652777778
2 0.6064043361681624 0.46318907447572955 0.16932069126773364 0.24501185299723735
