2 0.1675638183702316 0.5201141307333169 0.0665099086154632 0.08518125868885618
2 0.3709456515926599 0.47528227978103627 0.011381784341299994 0.018158972168455752
2 0.35992653556778764 0.47670977111785945 0.014158535198075306 0.027755856124607764
2 0.35051680790314715 0.4815082130959354 0.012549146837843538 0.028535527693287654
2 0.3347574141998087 0.491106526956405 0.035896396768715366 0.05499574428160901
2 0.4058407677030189 0.47069248950674947 0.007044480218962068 0.014398234875389921
2 0.4172023994244686 0.4780205498038192 0.013424668710251187 0.019715455497180616
2 0.42740137351486834 0.48830730337489986 0.014039245467236495 0.02161116269464461
2 0.390998434765625 0.4752923318663244 0.014691657031249994 0.021522608489573415
2 0.2950435484375 0.5131367423611112 0.05417548750000001 0.06692866250000004
2 0.4509262009218305 0.4999554158808067 0.02801669991704614 0.03787442766563645
2 0.43690164155364164 0.49254772753858383 0.013716509334387172 0.02905435546952933
3 0.09395148828125 0.5223397743605352 0.12579731562500002 0.12154446538773737
2 0.022788771484375005 0.4886506451388889 0.025710400781250003 0.0408101569444445
3 0.730283898046875 0.5031939027777779 0.29658783203125 0.27587667777777775
2 0.5994363238281251 0.5448202645833333 0.13957074453125004 0.16324063749999998
8 0.2918297484375 0.33260743680555555 0.011018742187499963 0.032648129166666665
8 0.416249721875 0.3564257291666667 0.008264057812500081 0.031015719444444458
8 0.4102812375 0.35805813402777775 0.007345829687499972 0.031015720833333305
8 0.2826474625 0.3327558361111111 0.009182285937500012 0.0326481222222222
8 0.21378031953124998 0.44361106875 0.012855201562499996 0.019588876388888822
8 0.12333480351562501 0.4281032083333333 0.015609885156250013 0.02448609722222225
9 0.44609215078125003 0.4485082888888889 0.009182285937499923 0.01632406388888891
9 0.49751295234375004 0.42402219166666666 0.014691657812500036 0.01632406388888891
2 0.9152652187499999 0.5040101048611111 0.10743274531249991 0.07835550694444449
2 0.951609983984375 0.5321644784722223 0.07529474296875005 0.06856106805555555
2 0.980075069921875 0.5419589173611111 0.03672914296874996 0.0652962541666666
2 0.9567949683593749 0.7574365569444445 0.08382825546875008 0.30036277499999997
