2 0.1363219969704972 0.6985950912856642 0.2726439939409944 0.31633950201577277
2 0.45430908887010696 0.7360159465277778 0.3258448785097862 0.44220484861111115
4 0.47280044158292645 0.45963791597222226 0.1405747308966469 0.14456696805555552
2 0.5932994921612458 0.5852856015275342 0.04200005646150338 0.05277113583996535
0 0.619623262109375 0.57125211875 0.01913386328124993 0.0786614375
0 0.6351695261718749 0.5606221951388889 0.016742130468750015 0.0616535597222222
2 0.6781683778183699 0.5770845493520298 0.07424840373826029 0.08607432370405961
2 0.7316606897434358 0.5796819613855099 0.09251347785107936 0.10843500523449331
2 0.7981982858396013 0.5647068313230638 0.06857841425829747 0.11659449875723864
2 0.8859590792828558 0.5780563065427925 0.18694309842133805 0.16030132975225173
9 0.6495199230468749 0.4490079923611111 0.05022639140625005 0.046771665277777826
