9 0.23395388320312502 0.2547497840277778 0.02729461953125001 0.0311938513888889
9 0.173515796875 0.246084825 0.021445773437500003 0.027727866666666677
9 0.287568314453125 0.19322857708333332 0.03704269765624999 0.05025675972222222
9 0.9182689914062501 0.24435183263888888 0.023395389062499918 0.027727865277777753
9 0.21122838515625003 0.37259322152777774 0.008408298437500017 0.038125818055555566
9 0.9112472767386105 0.4078661247398595 0.019892274647779297 0.03689968385361434
8 0.16717954570312502 0.33533389930555557 0.018521349218749993 0.039858809722222215
8 0.192037145703125 0.33706689027777775 0.025345003906249986 0.03985880833333333
8 0.358729287109375 0.1992940486111111 0.015596925781250003 0.048523769444444455
8 0.3826120796875 0.2010270409722222 0.010722885937500015 0.04852377083333332
8 0.8953610066406249 0.15077028055555555 0.016571733593749905 0.06931966944444444
8 0.9211934144531251 0.32060346944444446 0.01754654140625007 0.03812581944444445
8 0.898285430078125 0.32060346944444446 0.024370196093749998 0.04505778611111108
8 0.373838809375 0.3249359486111111 0.008773271875000033 0.036392825
8 0.3748136171875 0.39945459305555553 0.01072288750000001 0.022528891666666655
8 0.649222025390625 0.2963415854166667 0.007798463281250001 0.038125818055555566
8 0.691144780086766 0.3894043104182029 0.011697694531249959 0.02426188472222227
8 0.659944911328125 0.29460859375 0.007798461718750005 0.0311938513888889
8 0.641423562109375 0.29547508958333335 0.007798461718750005 0.032926843055555585
0 0.37912721852302017 0.4557768222222222 0.017692608266459686 0.07278565277777777
0 0.8478943051978515 0.4710537628908164 0.04085768737902562 0.1462112769961448
2 0.08638750507812501 0.6584515659722222 0.17230696796875 0.4296113680555556
2 0.5040898405560992 0.4465161707612896 0.021304365561920502 0.024384905483354893
2 0.5196815737632149 0.44251764300916446 0.009966061588929875 0.022005405462773336
2 0.570386290463945 0.4438643825901251 0.016343074951610248 0.01919662772093902
2 0.5639657967329552 0.4397137603801924 0.015759393703338453 0.023347249930871783
