2 0.409311132421875 0.5280362326388889 0.02217711328124996 0.03534742638888891
2 0.38254564921875 0.5307552666666666 0.03441275937499997 0.04894259722222224
2 0.5500210941406249 0.5198791347222222 0.029824394531249965 0.051661627777777774
2 0.524020340234375 0.5361933347222223 0.03900113046875005 0.05709969444444446
2 0.3320736 0.5389123666666666 0.06959025312500003 0.09244712500000002
2 0.46614422109375 0.5477577090277778 0.09482627812500004 0.14410875416666669
2 0.127752058984375 0.6143740194444445 0.25465444296875 0.2419939444444445
2 0.79684662265625 0.6116549854166666 0.31727717968749997 0.2746223402777777
9 0.5017040757812501 0.4519117916666667 0.06959025156249998 0.0448640444444444
9 0.52961664921875 0.42222901180555555 0.013765104687499984 0.008157098611111104
1 0.62816703359375 0.5167154104166667 0.010905259375000042 0.0258308125
6 0.62945442109375 0.5292161673611111 0.013480034375000028 0.027958590277777754
9 0.289645219140625 0.513239829861111 0.010110025781249999 0.01597633749999995
