9 0.601480551953125 0.27028463333333336 0.012802957031249918 0.039831422222222204
9 0.571873715625 0.2916228951388889 0.020804804687500057 0.054056926388888885
9 0.589477780078125 0.2994469243055556 0.01600369609375001 0.03556376527777776
9 0.5118598574218749 0.2745522875 0.014403325781249966 0.03698631944444442
9 0.5250629050781249 0.29091161875 0.013603141406249986 0.05263437361111111
9 0.47705181953125003 0.2902003444444445 0.032807575 0.03414121666666665
9 0.38823130976562503 0.28308759166666664 0.01840424921874999 0.03129611388888887
9 0.179783176953125 0.2048473013888889 0.027206282031250018 0.06828243333333332
9 0.38463047734375 0.10811385277777777 0.016003695312499965 0.028451013888888887
8 0.145073489453125 0.06259223055555556 0.018404249218750012 0.03983141944444445
8 0.60838047265625 0.08890942083333332 0.02000461874999999 0.06116968055555554
8 0.050251593750000004 0.2773973888888889 0.016003695312499993 0.01991570833333331
8 0.12826960898437498 0.2830875909722222 0.013603141406250008 0.019915709722222195
2 0.0985227375 0.32495121666666665 0.016803881249999996 0.017070608333333345
2 0.11452643320312501 0.32921886944444445 0.02000461953125001 0.022760811111111126
2 0.078518118359375 0.3256624923611111 0.013603141406250008 0.018493159722222232
2 0.05251211328125001 0.32495121805555555 0.03200739062500001 0.031296113888888914
2 0.016503798828125 0.32993014583333335 0.032007391406249995 0.02987356666666668
