0 0.720004994140625 0.53648400625 0.036914036718749973 0.09609368472222223
0 0.6665624452868764 0.5793745944444445 0.04340776713625294 0.20156236111111106
0 0.5470839091744892 0.5738933358965762 0.03911850272397839 0.1709123440153747
9 0.43853546132812504 0.4321872027777778 0.03559567890624997 0.08437494166666666
8 0.22759810625000002 0.4488278159722222 0.0039550750000000075 0.02578123194444449
8 0.14891117036671905 0.49393815624425613 0.012436407300274444 0.017564479155179037
2 0.222324672265625 0.5343746326388888 0.011865225781250021 0.02343748472222226
2 0.23550980467667593 0.5383505708122828 0.019863155117814068 0.02349322944978817
2 0.15902701543581219 0.5411142168790104 0.02240742060561174 0.036916653202465316
2 0.1438964573669937 0.5378902555555556 0.013183584375000001 0.03984372222222221
2 0.12502448756046916 0.5383631162496105 0.03889021754087518 0.04557730710895384
2 0.0930418388173572 0.5388081052743269 0.043338422947214406 0.0557419133264315
2 0.05592315269907373 0.5435081479338769 0.04029240696064745 0.051079506978864785
2 0.0186382890625 0.5355465069444444 0.0369140375 0.08203119444444443
4 0.36536656640625004 0.47895890701198185 0.08173822500000001 0.024186449281646736
2 0.3528421609375 0.6960932715277778 0.35200171093750005 0.4312497041666667
0 0.19761557037404284 0.5287776301652778 0.005912374876914317 0.026846847505354297
8 0.2341898984375 0.4492965590277778 0.003955074999999963 0.03046872916666664
