2 0.47465981992187506 0.4440319236111111 0.011078416406250024 0.01074270555555559
2 0.46307783867187496 0.44403192430555555 0.010071289843750008 0.01432360972222221
2 0.449985162890625 0.442529064147017 0.010071288281250012 0.013748424483743804
2 0.438906744921875 0.4458223756944444 0.010071288281250012 0.014323609722222288
2 0.4283318917968749 0.44492714999999994 0.007049902343749981 0.023275866666666662
3 0.41674991054687494 0.44672668300018764 0.014099803906249963 0.01790451250000002
2 0.4071821863281251 0.4529841826388889 0.00906416015625 0.01790451250000002
2 0.3999661339448502 0.4508678237110451 0.008731863202200296 0.02083360019986797
2 0.3890206465115883 0.4552212522905173 0.014043579367137626 0.022378651803256922
2 0.36840772499999996 0.4617713890183527 0.030213865624999992 0.0390598308144832
2 0.34562327652190816 0.45420048946029223 0.023412064143683686 0.027498931698362285
2 0.3310988552801694 0.46779490268627183 0.04235298840912649 0.04333111906501499
2 0.31654058867187496 0.4485080534722222 0.023163963281250012 0.01611405972222223
2 0.30356743710937495 0.471132739965302 0.02340301484374998 0.04703982715282638
3 0.263162759765625 0.47178392013888887 0.06143486171875003 0.06982760138888887
2 0.20525284921875003 0.4834218548611111 0.074527534375 0.08594166249999999
2 0.126696797265625 0.4986406902777778 0.09064159609375001 0.10921752777777777
2 0.5598565414582114 0.4586226453403751 0.0308738577975614 0.03992414901408365
2 0.48775249453124997 0.444031925 0.015106932812499974 0.021485416666666642
2 0.5474593888370235 0.45132551136515975 0.027192480468750002 0.04655173472222221
2 0.5835496120056141 0.4629851555311461 0.03500975880127184 0.05426592334779217
2 0.5974794241721122 0.46714999346584407 0.03908175108416616 0.061314110621896525
2 0.6191211725777512 0.4731711728470109 0.03911500780434931 0.07233854657481342
2 0.6649289074989095 0.46775209253980626 0.09180526156468086 0.11905838785739029
2 0.7175360104744082 0.49060305038749746 0.08456884327883171 0.10923815283017528
2 0.78233768671875 0.5077054748623068 0.14301229687499992 0.14167071083572477
2 0.900675328515625 0.5360390877685159 0.19639012734375 0.2234042533148097
2 0.9830696296875001 0.7376659388888889 0.03285472187499998 0.19336874166666662
2 0.051867136718750005 0.5253312348866008 0.10373427343750001 0.1211112752305485
2 0.5137895226163472 0.45524173290271475 0.04158892976730551 0.06352204530568158
9 0.9049367484375 0.2569297638888889 0.02564402968750006 0.034018577777777795
9 0.778087528515625 0.33033826666666666 0.01567077578124998 0.041180380555555535
