9 0.660919719140625 0.2911426090277778 0.10917847734374994 0.1698331875
9 0.562464126171875 0.3301349243055556 0.03314346640624999 0.06065470972222226
9 0.561976723046875 0.3855906590277778 0.02047096484374995 0.039858809722222256
9 0.41185631562499997 0.32840193333333334 0.06336250937499996 0.057188727777777774
9 0.35141822890625 0.3154044944444444 0.05751366406249998 0.08318360555555554
2 0.42187890088607016 0.43426715800018767 0.015596925781250003 0.020795901388888892
9 0.456697475 0.4063865597222223 0.01072288593750006 0.022528891666666655
9 0.46595814960937504 0.41245203055555557 0.007798463281250001 0.024261883333333383
2 0.44979837468483 0.4447682598830721 0.03786661343216009 0.05076852532169964
2 0.4106275357723515 0.4282981500649953 0.010722885937499971 0.017071338002684972
2 0.38692372523667407 0.44537249317685684 0.03761355499569987 0.05468601311529682
2 0.3554608525902281 0.4285239009062384 0.024165558640731354 0.0140568591296154
2 0.29000533320312505 0.4323814347222222 0.02631981171875002 0.05372274166666663
9 0.296828989453125 0.38125818124999994 0.012672502343749992 0.020795901388888892
2 0.31437553046875 0.4479783611111111 0.047765584375 0.07105266111111111
2 0.34968703472740054 0.4728447890664962 0.06682489929519893 0.07919371424410342
2 0.2451641734375 0.4150515180555555 0.014622118750000013 0.01906290833333336
2 0.19946702662430105 0.41158068732804 0.020708609498602114 0.02253858645503107
2 0.2104887208633363 0.4159180138888888 0.017406991726672684 0.017329916666666712
2 0.12380059609375 0.41331852708333333 0.03704269687499999 0.02946085972222221
2 0.045328564843749995 0.41245203055555557 0.04581596875 0.024261883333333383
2 0.200323012109375 0.4523108416666667 0.038017505468750004 0.05892172222222227
2 0.23834051835937498 0.46357528680555554 0.06921135703124999 0.07451864305555553
2 0.06141289414062499 0.5129655506944444 0.12282578828124999 0.20102704027777776
2 0.6774914523437501 0.3951221131944444 0.01754654218749998 0.020795901388888892
9 0.85051984453125 0.22962140416666665 0.14524636875 0.2512838
2 0.8017794542968749 0.4263159659722222 0.06726174140624996 0.06931966805555557
2 0.9564459707031251 0.47483973333333335 0.08610203828124999 0.0866495861111111
2 0.34878435328124924 0.4243393052622437 0.021625120045547376 0.017300096036437968
2 0.3711303106616482 0.42754302675047295 0.012254234692476862 0.012174141655271123
