2 0.298740028125 0.4889059104166667 0.08701165781250002 0.1453124013888889
2 0.68607373984375 0.58968710625 0.29003886406249996 0.2906248013888889
2 0.7269428496093749 0.4420309604166667 0.047460905468749995 0.02812498194444449
2 0.841112703515625 0.47343717361111115 0.08569330078125006 0.07734369722222227
2 0.928058440625 0.4898434125000001 0.04363767343749991 0.0562499638888889
2 0.8582513625000001 0.6890620263888889 0.28081035468750004 0.2976560444444445
2 0.05703928439691216 0.6247798375 0.11407856879382432 0.25312482499999994
2 0.36923100703125 0.6046870819444444 0.22957564218749998 0.3665622472222222
0 0.16479480859375 0.46476531111111113 0.010546867187499998 0.06796870277777782
0 0.175198531640625 0.45660680416666666 0.01874330703125 0.07508916666666662
1 0.243579843359375 0.47851529791666664 0.036281088281250005 0.09609368472222216
7 0.24357984335937505 0.5415645680555555 0.03754698515624999 0.12937002500000006
0 0.011865226562500001 0.45878874583333334 0.023730453125000002 0.08437494166666666
8 0.5211471078125001 0.15703114097222223 0.01186522656250002 0.060937456944444454
8 0.13579092187500003 0.3728903708333333 0.01845701875000001 0.032343716666666626
8 0.29175273359375 0.21140610555555558 0.011865226562499975 0.05156246388888886
8 0.27065899765625 0.20906235833333334 0.014501943749999979 0.0515624638888889
8 0.28344707109375 0.20976548055555558 0.00791014843750002 0.05859371111111113
8 0.53564905 0.1605467638888889 0.011865226562499932 0.05859370833333336
8 0.50532680546875 0.1605467638888889 0.017138662500000023 0.05859370833333336
8 0.762011194921875 0.35039038333333333 0.019511689843750003 0.039843725000000024
8 0.73511668984375 0.3527341333333333 0.023730451562499956 0.039843725000000024
9 0.100195244140625 0.2882810520833334 0.031640602343750004 0.018749987499999992
9 0.788246521484375 0.2163279729166667 0.04086911328124998 0.021093734722222222
9 0.77242621953125 0.23859358194444444 0.01977537500000004 0.023437483333333335
9 0.7572650960937499 0.2796091777777778 0.018457018749999943 0.025781230555555566
8 0.582187108984375 0.38648410902777774 0.02109373515624995 0.02859373472222223
0 0.4722359984375 0.4612496798611111 0.013183584375000024 0.06562495416666671
4 0.374545648828125 0.4150778375 0.04350582890624999 0.039843722222222294
0 0.19709459062499998 0.4523434388888889 0.009228507812499998 0.04687496666666667
