2 0.7655383488281251 0.4145823645833333 0.18767400546874996 0.31049983194444447
2 0.8610577759150815 0.38550223365264086 0.02723090808016284 0.0980539367497262
9 0.967857434765625 0.2786181513888889 0.010848207031250112 0.02699998333333333
9 0.9732815394531251 0.26029673472222226 0.02169641640625013 0.01735713055555554
8 0.379325684375 0.14914276527777778 0.013017849999999997 0.053999969444444434
8 0.366307833984375 0.14496420277777777 0.01084820859375002 0.05207140277777776
9 0.28820073359375 0.24042843611111112 0.02820534218749997 0.015428563888888884
9 0.302303404296875 0.2568212833333333 0.021696416406249995 0.013499991666666687
2 0.6756512819150157 0.34585695347222223 0.04590149351753139 0.06299996250000003
8 0.8853946054687502 0.09289280138888889 0.011933029687500074 0.05592854166666667
8 0.9005820968750001 0.08614280416666667 0.011933028124999901 0.06171425277777776
8 0.6033411875000001 0.25649986041666667 0.007593745312499944 0.03085712638888888
8 0.6098501125 0.22724987916666667 0.024950879687500028 0.009642852777777794
8 0.591950568359375 0.22242845 0.01084820859375002 0.007714280555555556
2 0.021877216796874998 0.43939261944444447 0.04230801171875 0.21792845277777778
2 0.376613632421875 0.3860354993055556 0.04013837265625 0.04821425972222215
2 0.34461141640625004 0.3779997944444444 0.03254462656250001 0.0347142666666667
2 0.32454223203125 0.3667497958333333 0.018441954687500005 0.025071411111111094
2 0.27789493671875 0.35807122708333333 0.018441956250000002 0.01928570138888893
2 0.49919838671875 0.35421408819444444 0.042308012500000027 0.042428548611111144
2 0.47370509726562504 0.35164266944444444 0.02169641640625004 0.019285702777777816
2 0.447669396875 0.35678552083333337 0.034714267187499995 0.03857141111111109
2 0.41946405507812495 0.3561426583333334 0.02169641640625004 0.026999983333333373
2 0.397225228125 0.3503569472222222 0.022781237500000006 0.02699998333333333
9 0.425430568359375 0.2973212618055555 0.007593744531249946 0.02121427361111113
9 0.444414934375 0.2773926972222222 0.013017850000000043 0.01735713055555554
2 0.5344550640625 0.35357123819444447 0.026035699999999995 0.03085712638888892
