9 0.5052011175781249 0.4325966659722222 0.025172650781250017 0.0248618763888889
9 0.48562238945312497 0.4288673840277778 0.011187844531250057 0.02237569027777779
9 0.45135961445312506 0.4276242902777778 0.01818024921874999 0.019889502777777797
9 0.4310816453125 0.42513810069444447 0.01678176718750004 0.019889504166666683
2 0.44017176953125003 0.45248616736111114 0.026571132812499964 0.022375687499999942
2 0.364863587890625 0.44999998124999996 0.015383285156250004 0.02486187916666667
2 0.33969093828124997 0.4661601993055555 0.04894682031249999 0.05220994305555556
2 0.090376787890625 0.45603785 0.058736188281250004 0.039779002777777746
2 0.16239853828125 0.45230857013888887 0.04335289843749999 0.037292818055555524
2 0.382505226953125 0.45257781388888885 0.01582030234374998 0.021093736111111146
