9 0.12628539296875002 0.4194914458333333 0.0454766875 0.08237286666666661
9 0.6060787375000001 0.4614405902777778 0.02059321562499994 0.028983044444444456
9 0.8797969066406249 0.5514405729166667 0.039470332031249986 0.02593219861111109
2 0.208291803125 0.49118634722222226 0.014586860937499991 0.013728811111111128
2 0.18769858749999999 0.49499990624999995 0.02145126718749999 0.012203387500000041
2 0.182979308203125 0.5041524465277778 0.02230931796875 0.018305081944444464
2 0.208291803515625 0.5072032944444445 0.02316736796875001 0.01830508333333335
9 0.41301350507812506 0.48497568750000003 0.013728811718749956 0.022881352777777805
9 0.40057176953124995 0.49794178541666667 0.006006354687499993 0.015254234722222215
9 0.45248383593749997 0.4987044965277778 0.008580506250000041 0.013728809722222242
2 0.3327529269944724 0.5084434080285062 0.014416746697031524 0.016659351738792103
2 0.3541978377063069 0.5138897345584961 0.014056328029605814 0.018581584631729618
