0 0.142163525390625 0.38534310833333335 0.02223133359374998 0.07488449166666669
0 0.7286611957031249 0.35882151875 0.012870771093750033 0.0270416236111111
0 0.64149096875 0.35362120625 0.00936056093750004 0.04160249583333331
0 0.51278325078125 0.36818207847222223 0.00936056093750004 0.04160249583333334
2 0.527116610546875 0.36142167222222227 0.022231332031249985 0.035362119444444395
2 0.507225416796875 0.36870211111111106 0.01755105234375005 0.037442244444444446
2 0.600245994921875 0.3551812979166667 0.011700702343750003 0.022881370833333314
2 0.6049262757812499 0.35622136249999997 0.014040840625000061 0.029121747222222223
2 0.619552153125 0.3593415493055555 0.029251753124999967 0.0395223708333333
2 0.4832389792968749 0.3718222965277778 0.044462664843749965 0.03952236805555557
9 0.16146968203125 0.21893312847222224 0.025741543749999995 0.020801248611111114
9 0.13631317421875 0.23349400208333332 0.03393203593749998 0.0166409986111111
9 0.15152408671875 0.2626157486111111 0.04095245624999999 0.024961497222222247
9 0.39811637421875 0.30941855347222225 0.017551053125000004 0.006240373611111139
9 0.415667426171875 0.31773905555555554 0.019891192968750016 0.014560872222222245
4 0.5657289249999999 0.34270055208333333 0.05850350937500002 0.11440685972222218
2 0.0068010234375 0.38601171597222217 0.013602046875 0.12896773194444439
