2 0.9703335609374999 0.8112757645833333 0.05691030625 0.3724477736111111
2 0.721987267578125 0.5983432229166666 0.25403572578124994 0.29622325972222224
2 0.93231792421875 0.5388557652777778 0.1338467796875001 0.1918167
3 0.8490051320312499 0.5129643823668756 0.1365783484375 0.17561380193291545
2 0.55141390390625 0.5509960638888889 0.07345316875000005 0.11411879722222228
2 0.228979171875 0.5607083013888888 0.0845991 0.11411879722222228
2 0.1592844765625 0.5704205402777778 0.04097350312499999 0.0655576055555555
2 0.06582885585937501 0.5801327770833333 0.12954833671875002 0.06070148749999996
2 0.016560104296874996 0.5740626277777777 0.031413019531249996 0.02913671388888888
9 0.13879772539062502 0.4174527895833334 0.02185253515625001 0.021852534722222258
9 0.13606615859375001 0.4575157715277778 0.027315670312499995 0.05341730972222223
9 0.783980126953125 0.27657702847222226 0.03444516640625004 0.06565422638888888
9 0.5929207296875 0.43687726527777776 0.028681451562500015 0.05098924722222225
9 0.7066403777343749 0.3656248715277778 0.023203116406250057 0.05249998194444443
2 0.51152325859375 0.5578123048611111 0.016874993749999945 0.061874979166666656
