9 0.6882143390625 0.3561298 0.013647309375000027 0.015596924999999985
9 0.5873217269531249 0.3543968083333333 0.014622117968750015 0.008664958333333316
9 0.5765988410156251 0.34919783263888887 0.010722886718750057 0.015596926388888871
8 0.524934025 0.2772786756944444 0.006823654687500014 0.038125818055555524
8 0.27928244765625 0.32233646041666664 0.006823654687500014 0.027727865277777753
8 0.26758475390625003 0.4046535680555556 0.008773270312499993 0.01906290833333328
8 0.5873217273437501 0.41765100555555557 0.008773270312499993 0.013863933333333339
8 0.57513662890625 0.4185175020833333 0.007798462500000003 0.015596926388888871
8 0.5137237347656249 0.2790116673611111 0.011697694531250047 0.04159180138888886
8 0.28659350703125 0.32233646041666664 0.007798464062499999 0.027727865277777753
8 0.27099658125000003 0.32493594791666663 0.007798462500000003 0.02946085694444444
8 0.028269427734374998 0.36479475763888886 0.015596925781249998 0.03985880694444444
8 0.008773270703124999 0.36566125486111106 0.017546541406249998 0.04505778750000004
8 0.70429866875 0.39165613055555554 0.008773270312500081 0.01386393611111111
2 0.443050166015625 0.5597563277777778 0.24857600078125 0.4956356333333334
2 0.080909051171875 0.6594033520833333 0.16181810234375 0.35872928750000005
2 0.178877239453125 0.5606228229166667 0.19788599140625 0.20276003194444442
2 0.8105527238281249 0.5739626589426987 0.3753010210937499 0.4325631321146025
2 0.6238770214843751 0.5311619631944444 0.10527924765625007 0.1888960958333334
