2 0.40059606015625004 0.5069386680555557 0.039260195312500024 0.11020405833333334
9 0.4098945273437501 0.36367339027777773 0.018596935937500003 0.0367346861111111
9 0.40886136445312504 0.38938767222222226 0.024795911718750042 0.022040811111111065
9 0.40886136406250007 0.4187754201388889 0.014464282812499984 0.03673468472222226
9 0.431074369921875 0.42520399374999995 0.011364794531250055 0.020204079166666687
9 0.6185934625 0.1671428215277778 0.04752549999999998 0.11755099583333334
9 0.62530902265625 0.24887749722222224 0.02169642500000002 0.038571422222222214
2 0.27661649375 0.6090611069444445 0.30581626093750003 0.3636733916666666
9 0.14811260390625 0.21905201041666666 0.0627731296875 0.10749184583333335
9 0.260873668359375 0.4049999152777778 0.010331630468749964 0.034897952777777796
9 0.147546958984375 0.2926165868055556 0.06688795546875 0.04896373194444447
9 0.14689119492187502 0.34507772708333334 0.03409974140624998 0.06994818750000001
