8 0.419466228125 0.19528534375000003 0.01775518437499999 0.03399283472222222
8 0.16747917773437498 0.08602266875 0.02185253359375001 0.05827342916666666
8 0.30064306601562496 0.3749617479166667 0.009560483593749992 0.019424476388888855
8 0.194111955078125 0.3652495111111111 0.017755185156249985 0.024280594444444463
8 0.26923004609375 0.39924234375000006 0.012292051562500017 0.01456835694444444
8 0.32112981953124997 0.4016704048611111 0.01229205312499997 0.01456835694444444
8 0.33342186953124997 0.40409846111111103 0.012292050000000021 0.014568358333333324
8 0.43790430507812506 0.3312566770833334 0.019120969531250066 0.03399283194444445
2 0.31088644218750006 0.41623876111111113 0.024584101562499995 0.024280594444444463
2 0.278107639453125 0.43202114583333334 0.04643663828125 0.0461331305555556
2 0.16338182734375 0.43323517500000003 0.08194700624999998 0.09226626111111105
2 0.343665244921875 0.4550877118055556 0.06009447265624997 0.0874101430555556
2 0.9185890167968751 0.4465895034722222 0.15584146171875002 0.1626799875
2 0.23371967656249998 0.42352293958333337 0.0314130203125 0.0388489513888889
2 0.208452681640625 0.42716502638888887 0.02458410390625001 0.05098924722222217
2 0.08484927656249999 0.44416144374999994 0.03687615312499999 0.04127700972222222
8 0.168162069921875 0.13007461041666665 0.023218317968750003 0.03399283472222222
9 0.3928334515625 0.38467398750000004 0.01365783437500001 0.01942447777777774
9 0.43995298203125 0.25477280208333336 0.0314130203125 0.026708654166666672
2 0.037064341015625 0.4342928430555555 0.07412868203125 0.10443405555555556
