2 0.05821874609375001 0.5939999527777777 0.10462499375 0.08699999166666667
4 0.429328098828125 0.5009999590277778 0.03965624609375 0.06899999305555558
3 0.370265604296875 0.5019999680555556 0.05315624453124999 0.06899999444444439
2 0.396281234765625 0.5709999618055556 0.042187496093749964 0.059999993055555555
2 0.37392186367187497 0.5609999548611111 0.02278124921875002 0.04799999583333335
2 0.35240623867187504 0.5609999548611111 0.030374997656250003 0.06899999305555558
3 0.14807811328125 0.5454999652777778 0.0835312453125 0.15599998888888883
9 0.63534369921875 0.4654999791666667 0.030374996875000004 0.06299999444444447
9 0.614390593359375 0.4539999722222222 0.016031249218750078 0.04199999444444447
2 0.8899927691268097 0.580813621642646 0.06613931330888097 0.03762731828529198
2 0.8158737691277992 0.5734197835787398 0.08209868668913974 0.04583965326859069
2 0.759796813671875 0.5609999555555555 0.03965624765625 0.04199999444444447
2 0.6914530691406251 0.5557499548611111 0.043031246093749954 0.04349999583333333
4 0.2633102578125 0.5032499597222222 0.14934373750000002 0.3764999694444444
2 0.019406248046874998 0.70499994375 0.038812496093749996 0.13199999027777776
2 0.49491961484375 0.6622499465277778 0.20587498281250002 0.33449997361111117
