2 0.4333050192234887 0.30996976875 0.012618011718750034 0.01631419861111109
2 0.34735702823736503 0.3142081663020322 0.016679200003760154 0.020340544009801873
2 0.333230248828125 0.31302868125 0.014912199218750023 0.022432023611111084
2 0.45539555390625 0.31098940694444444 0.016059289062499982 0.0224320222222222
2 0.4105609526769589 0.32468552456869193 0.04047402868093299 0.054274707176090765
3 0.089090814453125 0.31914650625 0.17818162890625 0.18965255694444447
8 0.46208693749999996 0.22975829375 0.005735459375000041 0.020392748611111088
8 0.4663748636718751 0.22737913819444447 0.00917673671874999 0.02243202083333335
2 0.481205126171875 0.308858186609138 0.01950056640624993 0.02447129861111112
9 0.47030775039062506 0.26434600684623566 0.018353474218749978 0.006117824999999992
2 0.37063796875 0.3086624201879933 0.01573834218750001 0.020984456944444455
2 0.27902662329151706 0.322613202763857 0.023998815333034208 0.028749686083269547
8 0.37732675234375 0.2616062340277778 0.003934585937500001 0.0233160625
8 0.42913212890625 0.26510364305555556 0.005246114062500062 0.02098445555555553
2 0.3012481576250643 0.31436492646984243 0.026285468572363115 0.018543540439056847
2 0.32461301857827596 0.3158484097049669 0.016271956735272396 0.022993990144430557
8 0.38135625232179 0.26355562566682655 0.002920607619151472 0.019285282056619123
2 0.5227386983061798 0.29915922330981576 0.014185808435878489 0.019285282056619085
2 0.512725186469089 0.30212618978006484 0.011682430476605799 0.013351349116120934
