9 0.527880896875 0.4007291305555556 0.011231507812500041 0.008874280555555537
2 0.396846631640625 0.4312344590277778 0.0049917820312499915 0.007764993055555496
2 0.39497471328125 0.4367808847222222 0.006239726562500003 0.007764994444444381
2 0.39060690468750003 0.4395540951388889 0.007487671875000013 0.011092848611111114
2 0.3818712875 0.4378901673611111 0.009983562499999987 0.02551355138888888
2 0.36876786015625 0.44288194930555563 0.026206851562500022 0.0354971152777778
2 0.3400651171875 0.45231086944444443 0.031198635937500007 0.0809777888888889
2 0.32321785390625 0.4595212222222222 0.0474219234375 0.09096135277777774
2 0.404022316796875 0.43789017013888887 0.004367808593750055 0.012202134722222268
2 0.412445948828125 0.4378901673611111 0.017471235156249952 0.021076409722222186
2 0.42461341601562497 0.4401087375 0.006863699218749986 0.012202133333333304
2 0.42929321171875 0.4406633819444445 0.006239726562500003 0.015529988888888843
2 0.434908964453125 0.43844481249999995 0.007487671093750059 0.019967124999999995
2 0.4455165015625 0.44066338125 0.018719181250000005 0.028841404166666727
2 0.22725085468749998 0.43905492777777777 0.1722164625 0.2773212083333333
9 0.644766819921875 0.27582124999999996 0.018711491406249968 0.069301825
