2 0.037146555078125 0.2718754527777778 0.07396425390625 0.09304211944444442
2 0.29247022956486207 0.2660660140413976 0.04168822631722415 0.043155516971684175
2 0.33316410366853333 0.2660994213170632 0.02042800203793336 0.030466420411904237
2 0.3821944099130053 0.30082685416666666 0.07524087451351061 0.11267719722222225
2 0.4169809483367217 0.2687373828707171 0.03001077011094333 0.06125416018587866
9 0.434263958203125 0.2583071590277778 0.016742132031249923 0.019133862500000022
9 0.4187176933593751 0.21259848402777778 0.028700796093750026 0.034015756944444475
9 0.4737275515625 0.22003943055555553 0.035875993750000036 0.04464568055555556
2 0.46715028632812494 0.27850401319444446 0.010762797656250012 0.012755909722222233
2 0.47970688398437494 0.2795670069444445 0.016742130468750015 0.023385833333333314
2 0.5072154416193355 0.2858398489695761 0.031099786363670924 0.04868742571693
2 0.4322399060218274 0.275472286304807 0.007607178889020449 0.03696525445331424
