9 0.471536778515625 0.2938012375 0.03555985546875 0.08361026666666665
9 0.207132054296875 0.3813443895833334 0.013765103906249987 0.03262839861111115
7 0.4416304484375 0.46495465486111115 0.022941840624999977 0.06525679305555557
7 0.49076423789062495 0.475151029861111 0.03326566953125001 0.08972809027777776
7 0.626694649609375 0.5077794263888888 0.05276623515624994 0.13459213888888888
7 0.695410236328125 0.5377567611111111 0.06767843359374996 0.1488670611111111
0 0.672468394921875 0.5387764034722222 0.11126793203124992 0.3262839680555556
3 0.317744504296875 0.41125376180555556 0.04817786640625003 0.11012084027777781
2 0.231139053125 0.4176434854166666 0.019500565624999976 0.032628395833333296
2 0.23802160546874998 0.43701659722222225 0.01720638124999998 0.03874622222222225
2 0.290787840625 0.42987913402777783 0.014912196875000028 0.028549845833333382
2 0.09387036171875 0.49914649375 0.186976009375 0.23478851805555553
2 0.20991785 0.44252263263888886 0.036706946875 0.0550604180555555
2 0.26497826992187495 0.44150299444444446 0.04588368203125 0.07749244166666666
7 0.54982209921875 0.4850287673611111 0.06079587968749998 0.08972809027777776
