2 0.30602224140625 0.40287412777777776 0.013154531250000013 0.0361417416666667
2 0.29525944296875 0.40074814305555556 0.020329729687499975 0.04039371388888892
2 0.27612557109375 0.4071260972222222 0.027504929687499978 0.04889765277777782
2 0.24024957617187503 0.4039371201388889 0.051422258593750006 0.06803151527777776
2 0.34919301015625 0.38799223402777777 0.02630906249999998 0.05314962083333331
2 0.410182200390625 0.39968515069444444 0.016742130468750015 0.029763787500000027
2 0.45143959375 0.41137806666666665 0.04424705937500004 0.05740159166666672
2 0.20210143398437502 0.41881901388888887 0.07414372109375 0.08078742500000008
2 0.32288394765625006 0.40393711944444444 0.03348426093749999 0.04677166666666671
2 0.37789380546875 0.40712609722222226 0.0502263921875 0.07440946944444443
2 0.520201916015625 0.4273229534722222 0.09566931796875 0.12755909027777773
3 0.43110986328125006 0.3879922333333334 0.03228839374999994 0.06590553055555554
4 0.40659460078125004 0.3699213631944444 0.021525596875000018 0.02976379027777772
3 0.3784917390625 0.3582284451388889 0.027504929687500023 0.02338583194444447
9 0.092679651171875 0.2009055680555556 0.03707186015624999 0.023385833333333314
9 0.09208171875000001 0.23385833263888886 0.028700795312500006 0.02125984861111109
9 0.76236487734375 0.2625591277777778 0.027504929687500023 0.019133863888888904
9 0.7468186125 0.28488196875 0.03228839531250003 0.021259848611111132
9 0.742035146484375 0.30720480972222225 0.02032973046875002 0.014881894444444457
9 0.740241347265625 0.24236227152777776 0.009566932031250008 0.021259848611111132
9 0.9649446871093751 0.31783473333333334 0.034680127343750124 0.06590553055555558
8 0.068762321875 0.2997638625 0.025113195312500003 0.034015758333333326
8 0.3079356171875 0.15519689305555556 0.013154531249999967 0.05102363611111112
8 0.3485950765625 0.3359056048611111 0.008371064062499966 0.021259848611111132
8 0.42273879843750006 0.34037017847222223 0.008371065625000007 0.020834640277777795
8 0.6720769582031251 0.15094492361111111 0.011958664843750012 0.055275605555555565
8 0.661314159765625 0.15200791597222224 0.014350397656250014 0.057401590277777796
7 0.003587599609375 0.47728359652777785 0.00717519921875 0.057401590277777755
2 0.8244303765625001 0.43476390000000004 0.2846162203125001 0.32527568055555556
2 0.971521951953125 0.47940958194444444 0.055009855468749966 0.18070871111111111
