0 0.144154885546875 0.4744961881944445 0.01544015234374998 0.06612752638888893
0 0.170122415625 0.47823925694444447 0.01122920312500002 0.051155255555555515
0 0.18486074492187501 0.47200081111111114 0.009825550781250003 0.05115525555555559
0 0.8562266828125 0.4663862097222222 0.02386205625000013 0.10979664722222221
2 0.0051935062499999995 0.5105544180555556 0.0098255515625 0.07486134722222222
2 0.062540912109375 0.49803594513888894 0.11073142578124999 0.09607206527777781
2 0.270202683203125 0.4773658777777778 0.043513160156249994 0.049907563888888895
2 0.31476857890625 0.4692558979166667 0.044214984374999974 0.04865987916666662
2 0.34038519765624997 0.4505405611111111 0.012632853125 0.016219958333333295
2 0.4035494609375 0.4650761305555555 0.021054754687500045 0.02495378055555556
2 0.41934052578125003 0.46507613402777775 0.013334676562500026 0.022458404166666668
2 0.567074721484375 0.4619569111111111 0.01122920234375 0.03119222777777782
2 0.583918524609375 0.47256226875 0.029476657031249954 0.07236597083333333
2 0.6088333171875 0.48067224652777774 0.03860038281250002 0.09607206527777781
2 0.64918826328125 0.49065375972222225 0.08000806718750005 0.1160350916666667
2 0.667084805078125 0.5106167881944444 0.07088434140624997 0.1285119819444445
2 0.47232832656249996 0.45696615416666664 0.005614603124999995 0.011229202777777817
3 0.43232429257812494 0.4554065395833334 0.018247453906249954 0.029944537500000003
3 0.46320459882812504 0.4541588520833334 0.009825552343750044 0.01746764861111111
3 0.483908441015625 0.45228731874999994 0.010527377343749932 0.008733823611111073
2 0.479697490234375 0.46226883124999996 0.007720075781249935 0.01372457916666663
2 0.224934959765625 0.4823566354166666 0.06667338828125 0.062384459722222216
2 0.36424725234375 0.4717512763888889 0.0617606140625 0.07610903611111115
2 0.52356156015625 0.49483352708333334 0.0982555203125 0.15221807916666666
2 0.7741131398437501 0.5380035777777777 0.18668548906250004 0.20711639722222222
8 0.4042512859375 0.37430674652777784 0.005614600000000003 0.022458404166666668
8 0.46355551054687505 0.41735202152777773 0.0035091257812499776 0.0112292041666667
8 0.532685289453125 0.38678363819444445 0.0042109507812500445 0.01746764861111111
8 0.39863668515625 0.37305905833333336 0.005614601562499999 0.019963027777777774
8 0.466713724609375 0.4154804895833334 0.004210950781249956 0.01247689305555555
8 0.5281234246093749 0.38553594930555557 0.0049127757812500224 0.01497227083333333
9 0.6323444593750001 0.3899028611111111 0.018247453125000045 0.04117374166666671
9 0.336525159765625 0.39489361736111117 0.010527377343750022 0.006238445833333372
8 0.335402234375 0.42496293333333335 0.007720078125000018 0.009981511111111117
