9 0.706821409375 0.45398405625000005 0.015820301562500028 0.03515622638888887
9 0.725937607421875 0.4328903208333333 0.014501942968750025 0.016406238888888838
9 0.79910650234375 0.44226531388888884 0.021093735937500125 0.021093736111111067
9 0.8294287476562501 0.42351532708333334 0.02373045312500004 0.02578123194444449
2 0.5987160152343749 0.48562465902777774 0.013183585156250021 0.023437484722222183
2 0.58948750546875 0.48562465902777774 0.018457017187499945 0.04218747083333333
2 0.49456569609375 0.5207808847222222 0.07119135781249994 0.12656241388888886
2 0.325815812109375 0.5032027722222222 0.06064448984375002 0.07265619999999996
2 0.660019683984375 0.48679653263888883 0.014501942968750025 0.03046872638888887
2 0.67518080625 0.4938277777777778 0.026367168749999958 0.04453121666666667
2 0.700888796484375 0.5231246333333334 0.032958961718750054 0.09374993611111111
2 0.72659678671875 0.534843375 0.050097621875 0.09374993611111111
2 0.7819678421874999 0.5360152499999999 0.08173822499999997 0.1289061611111111
2 0.82876956796875 0.5559371111111111 0.08833001718749997 0.14999989722222218
2 0.570371308203125 0.5043746458333334 0.03559567890624997 0.05624996111111105
2 0.39107455625000004 0.5688277270833334 0.17006824218750002 0.17109363194444444
2 0.11742453906250001 0.6285933104166667 0.23484907812500003 0.3093747874999999
2 0.9203954816406249 0.5887495875 0.15820301640625 0.24843732777777774
