2 0.30747198359375 0.6845393354166667 0.17345449999999998 0.24037789027777773
2 0.6133006247035073 0.5816715487021401 0.13313338831197336 0.18056277602227758
2 0.872223450390625 0.5303575555555555 0.19120968671875005 0.203957
2 0.976022994921875 0.5279294979166667 0.04643663828125 0.14082745138888886
2 0.7697896898437501 0.5327856166666667 0.05463133906249995 0.05827342777777776
2 0.705597866796875 0.5445711813114112 0.06828917421875005 0.07213232095615602
2 0.5337609166555293 0.5626023841980109 0.03055077393605865 0.06448965450713308
2 0.347762596484375 0.5679924777777778 0.06009447265625001 0.05584536944444444
2 0.2504135303210779 0.5777047173611111 0.03277880390625003 0.021852534722222178
8 0.112164946875 0.5182172597222222 0.009560484374999989 0.024280594444444463
2 0.03991024284085316 0.6021663501903899 0.04276367489006992 0.03094794957629448
2 0.1331956044373331 0.5947657535525803 0.018165100838259795 0.020183445375844242
2 0.16328155270070094 0.5988024426277493 0.020814178043839338 0.012110067225506544
2 0.016651342435071475 0.6035119132154462 0.016651342435071475 0.016146756300675393
2 0.23423897207562314 0.5705456191015673 0.043898993692461155 0.044403579826857255
2 0.6662126355677201 0.540606841794065 0.017786661237462732 0.030275168063766324
