2 0.40228949218750004 0.3720473458333334 0.016742129687500017 0.012755908333333269
2 0.421423355078125 0.37523632430555554 0.014350397656249925 0.019133865277777714
2 0.4453406859375 0.38267727013888886 0.023917329687500023 0.03826772638888885
2 0.4925774105468751 0.3879922347222223 0.025113196093750022 0.027637802777777724
2 0.46698585742187504 0.38480325486111105 0.027504928906250024 0.0340157569444444
2 0.538139912890625 0.39862215902777776 0.03826772734374995 0.044645681944444404
0 0.367728941015625 0.37417333333333336 0.008371066406250006 0.034015758333333285
0 0.403007001953125 0.38267727013888886 0.009566930468750012 0.0255118180555555
7 0.282822421875 0.4103150756944444 0.008371065625000007 0.06377954583333331
7 0.2750492890625 0.4103150756944444 0.011958665625000009 0.06803151527777776
7 0.26727615625 0.4113780680555556 0.013154531250000013 0.06590553055555554
7 0.25412162499999996 0.4103150756944444 0.041855326562499996 0.06377954583333331
0 0.24694642734375 0.3709843534722222 0.010762798437500009 0.044645681944444404
9 0.13393704453125 0.2816929895833334 0.023917328125000005 0.05314962083333334
9 0.021525596484375 0.1817717041666667 0.02152559609375 0.027637802777777765
9 0.02391732890625 0.03507875 0.0478346578125 0.04464568055555555
9 0.296574886328125 0.33165363402777776 0.009566932031250008 0.02551181805555558
9 0.508841184375 0.3390945833333333 0.010762798437500009 0.010629925000000009
9 0.48851145390625 0.31358276527777773 0.013154529687500017 0.014881894444444417
9 0.7324682152343749 0.31677174027777777 0.02032972890625002 0.04677166666666667
9 0.853729105859375 0.13287405069444447 0.04185532578125013 0.04889765138888887
8 0.376697939453125 0.3390945833333333 0.009566930468750012 0.014881894444444457
8 0.37908967265625 0.2997638618055556 0.009566932812500007 0.017007876388888912
8 0.40061526835937505 0.33377961875 0.007175199218750006 0.01700787916666668
8 0.42273879843750006 0.3486615125 0.008371065625000007 0.017007877777777795
8 0.425728464453125 0.3359056034722222 0.00956693203124992 0.01700787916666668
8 0.47595485664062503 0.3040158319444445 0.011958664843750012 0.017007880555555566
8 0.31331701679687496 0.3305906416666667 0.011958664843749967 0.019133863888888904
8 0.9302645585937499 0.3125197701388889 0.013154529687500017 0.02976378749999999
8 0.7073550195312499 0.08716537847222222 0.015546264062499926 0.06803151527777777
8 0.962552953515625 0.3103937854166666 0.01793799609374993 0.02976378749999999
