9 0.3723745515625 0.41758472916666667 0.0783946421875 0.03432203333333332
9 0.389633073828125 0.505754278793359 0.11408175546875002 0.15369621828421323
2 0.9465860566406249 0.6276771708333333 0.03685718359374999 0.032241911111111125
2 0.862633584375 0.6344375708333333 0.04095242500000005 0.049922955555555544
2 0.75908245234375 0.6776001277777778 0.12168720625000003 0.15288905555555551
2 0.602585684765625 0.64327809375 0.08717016171875 0.11128659027777779
2 0.159421940625 0.5767141520833333 0.019891178124999985 0.01976116805555558
2 0.122857275390625 0.5772341840277778 0.022816350781250015 0.027041601388888933
2 0.09828582031250001 0.5777542152777777 0.027496628125 0.02808166388888896
2 0.03890480390624999 0.5756740909722222 0.040952425 0.04680277083333332
9 0.23225875468749999 0.5267911965277778 0.011115659375000008 0.015600923611111107
9 0.23225875468749999 0.5423921201388888 0.008775520312499997 0.011440676388888862
2 0.99018484921875 0.8201291923611111 0.014625867187500141 0.08840523472222214
