9 0.609742307421875 0.0814506125 0.06921135546874994 0.13170737222222223
9 0.08199173040059715 0.3777921965277778 0.0465750345113057 0.05545573472222224
9 0.112102901953125 0.4479783597222222 0.011697692968750006 0.02599487500000003
9 0.199348204296875 0.4098525430555556 0.014622117968750015 0.01906290833333336
2 0.196911184375 0.4609757979166667 0.03704269687500002 0.051989751388888866
2 0.240538192438148 0.4478074822652565 0.024866313001296048 0.03605107008606865
2 0.2597617616533232 0.44516924965005256 0.017961736857781442 0.027308618744549543
2 0.22176878515625004 0.44537887430555556 0.01072288750000001 0.027727868055555563
2 0.035580486718750005 0.4705072520833333 0.0302190421875 0.02252889305555562
2 0.28074466015625 0.4341734569444445 0.019496156250000007 0.015714983333333363
2 0.20521941436566973 0.44480464245040036 0.02365692171512681 0.028037833143853972
