2 0.399578963671875 0.4929895631944444 0.01053063203125002 0.0249615013888889
2 0.360966646484375 0.4846690673611112 0.02223133359374998 0.03744224583333333
2 0.346925806640625 0.4753085041666667 0.008190492968749963 0.02288137777777782
2 0.3141638390625 0.4919495013888889 0.03393203437500003 0.056163372222222244
2 0.279646767578125 0.4701081916666666 0.014040836718749982 0.016640999999999986
2 0.209442559375 0.4638678145833333 0.009360562500000036 0.020801245833333346
2 0.193646611328125 0.45866750347222224 0.019891191406249998 0.022881373611111085
2 0.18019080546875 0.45866750347222224 0.01404084218749999 0.022881373611111085
2 0.1357281390625 0.45034700625 0.05382322656250001 0.03952237361111107
2 0.24454466562500002 0.4992299375 0.07254435 0.07904473611111114
2 0.332299926171875 0.5200311812499999 0.06084365078124998 0.07904473750000002
2 0.4206402265625 0.5179510576388888 0.045632737500000034 0.07488449027777777
2 0.3878438483014295 0.5026693808415297 0.02932058152214099 0.04016087834972579
9 0.5522731191406249 0.37696313237799994 0.03978238671875003 0.06980314079955556
9 0.558912159056464 0.30439159236111113 0.029659063425428032 0.06656399305555559
9 0.46744303359375 0.4896613791666667 0.012870773437500028 0.02080124166666669
9 0.5054703109375 0.49070142777777775 0.011700700000000008 0.027041619444444442
2 0.9378112394531251 0.7496769597222223 0.02457147578125003 0.0332819972222222
2 0.9577024281250001 0.7559173340277777 0.019891192187500017 0.03744224583333341
2 0.899198925 0.6935135916666667 0.017551051562499965 0.02080124444444446
2 0.880477798828125 0.7434365819444445 0.019891192968750103 0.02080124166666669
2 0.9851990812499999 0.7871192041666666 0.028081682812499942 0.0332819972222222
2 0.7967125417327416 0.6695590415563885 0.05870421314494427 0.05529683758926759
9 0.086599809375 0.3621794277777778 0.019627945312499995 0.0278142472222222
