2 0.32311550422912183 0.2634929256249773 0.10146790744026193 0.14448910224956688
2 0.5148318566278549 0.26875392994164843 0.0370706788807099 0.04829593678778181
2 0.5733018246068496 0.2909666647400843 0.0725864606424266 0.09732991100375664
2 0.3912732063212783 0.2521863987469132 0.03437090382983863 0.05962379562092133
2 0.43580394296874997 0.25367791805555556 0.011154659374999997 0.01983050277777778
2 0.46669376679687496 0.25444062916666665 0.006006355468749991 0.015254236111111139
2 0.486428932421875 0.26054232083333334 0.01115465859375 0.015254233333333329
2 0.47484524882812507 0.2590168986111111 0.00858050703125004 0.012203388888888887
2 0.453393982421875 0.25749147083333335 0.005148305468750003 0.015254233333333329
6 0.44652957578125 0.2582541875 0.006864406250000066 0.022881352777777805
9 0.05011016054687499 0.07367795138888888 0.09781777890625 0.1449152277777778
9 0.661128052734375 0.12859320069444446 0.028315672656249992 0.050338973611111115
