3 0.22634334687500002 0.38688031111111115 0.0844770296875 0.11426844722222225
3 0.28510997578124997 0.4040205777777778 0.0385656 0.08325272499999999
2 0.43753593593750006 0.43212128888888884 0.017446343750000003 0.02285368888888889
2 0.41274376250000006 0.43212128749999995 0.021119257812499993 0.01632406388888891
2 0.42422162070312497 0.4198782416666666 0.020201028906249974 0.034280533333333335
2 0.3792284203125 0.42477546111111114 0.02203748593750001 0.024486097222222173
2 0.355813591015625 0.4280402736111111 0.019282800781249998 0.021221283333333375
2 0.5536918515625 0.4313050861111111 0.02387394375000005 0.027750908333333355
2 0.5197173796875 0.4317714861111111 0.03213800156249995 0.04407497222222219
2 0.61842695234375 0.46441961388888886 0.08631348750000001 0.10610641388888888
2 0.8828767855468751 0.48482469305555553 0.14691657265624994 0.13059251111111111
2 0.17127513203125 0.43239213819444444 0.056981171875 0.06653755972222228
2 0.07672308710937499 0.4419910270833333 0.08631348671874998 0.0832527236111111
2 0.20848888867187504 0.43382899375 0.03764737109375003 0.05713422361111119
2 0.69949342421875 0.4493781652777778 0.041320285937499965 0.06203144166666669
2 0.7412728261718751 0.46092160138888894 0.08814994296874996 0.08651753888888886
2 0.7994491835937501 0.44622994444444447 0.03764737187499998 0.05713422499999999
2 0.4626202656249999 0.43151642152777786 0.027546857812499947 0.03428053194444445
9 0.393985650390625 0.3670582402777777 0.013773428906249973 0.01632406388888891
9 0.39398565078125 0.38093369583333336 0.008264057812499993 0.008162033333333341
9 0.39214919296875 0.3931767430555556 0.01193697187499998 0.01632406388888883
