2 0.45524268203124996 0.3976891291666667 0.01338949062500001 0.02210328611111115
2 0.44567876015624996 0.40108963194444447 0.007651137499999993 0.015302275000000047
2 0.42655091640625004 0.4002395083333333 0.01338949062500001 0.02380353888888891
2 0.41794338671875 0.4019397583333333 0.013389490624999922 0.02380353888888883
2 0.337128246875 0.4019397611111111 0.05833992343750003 0.06460960555555555
2 0.32804252109375 0.413910554475198 0.03825568749999997 0.059508847222222196
2 0.29265601015625 0.4163228858025797 0.0459068265625 0.07141061666666665
2 0.5780858449295151 0.4138930664487917 0.018064985171530257 0.033901978213527584
2 0.0545143546875 0.44087555138888895 0.109028709375 0.1717255305555556
2 0.24138134238121248 0.42204063597559666 0.08402479448452269 0.08259030250475739
2 0.38925162109375 0.4136715 0.05164517812499998 0.0629093527777777
2 0.520755546875 0.4432908836061583 0.12146180781249996 0.19409891056546114
9 0.79189273203125 0.2972041875 0.01912784374999994 0.044206572222222185
0 0.9533317515625 0.44937681527777773 0.03825568750000006 0.17852654166666665
0 0.6659989208904751 0.4159534584274749 0.014471927718450139 0.05727173907717184
