0 0.53386059921875 0.3836842125 0.01298930937499998 0.04973684166666664
0 0.5213708789062499 0.3863486847222223 0.009991776562500032 0.051513158333333406
2 0.55884003984375 0.3916776333333333 0.028976151562499997 0.033750000000000016
2 0.581321537109375 0.3765789493055556 0.013988486718750082 0.0071052624999999306
2 0.61079727734375 0.3916776319444444 0.09891858593750005 0.062171052777777826
2 0.48490089492187494 0.4156578965277778 0.024979441406250035 0.07105263194444451
2 0.4484309109374999 0.43253289861111105 0.06394736874999998 0.24335526388888892
2 0.0967203828125 0.4242993050667705 0.0859292765625 0.11320386846687434
2 0.28106865703125 0.4449671069444444 0.32073602187500005 0.6305921083333332
2 0.0723404546875 0.3765789493055556 0.144680909375 0.1953947375
8 0.473909941015625 0.3028618444444444 0.008992599218750019 0.030197369444444455
9 0.47112818952009405 0.3267876245962404 0.012289694665188033 0.008902326970258537
2 0.8150347646237307 0.3908851441521508 0.09795861408014499 0.1053888492604757
2 0.9010648389819391 0.392170374021181 0.16808396880910478 0.1516571245455626
