8 0.40974595078125003 0.3234373875 0.02847655312499997 0.013124994444444442
8 0.373359244140625 0.3806248680555555 0.01054687109375001 0.014999994444444473
8 0.28951161640625 0.44156234652777776 0.007382809374999999 0.020624993055555603
8 0.6074997878906251 0.41531235347222223 0.00843749765624997 0.01687499305555554
8 0.1982811796875 0.4396873479166667 0.014765620312500016 0.020624993055555527
8 0.1608397875 0.4162498541666666 0.011601557812500007 0.037499986111111064
8 0.6496872734375 0.3993748597222222 0.014765620312499995 0.026249988888888885
8 0.6644528921875 0.4021873597222222 0.008437496875000061 0.0318749888888889
8 0.645468523828125 0.3665623729166667 0.01054687109375001 0.031874990277777744
9 0.47724592578124997 0.30374989375 0.03058592656250001 0.03749998749999999
9 0.6665622667968749 0.3656248729166667 0.023203116406250057 0.0412499847222222
0 0.30480458046875 0.4856248291666666 0.014765618749999997 0.02249999166666667
0 0.32167957539062497 0.4753123347222222 0.01265624609375 0.04312498611111108
0 0.516796694921875 0.45374984166666665 0.008437499218749967 0.03374998888888885
2 0.230449138671875 0.5418748111111111 0.13816401328125 0.17249994166666663
2 0.40183579726562507 0.5587498055555555 0.16242181953125004 0.25499991111111114
2 0.6069724437499999 0.5240623166666667 0.11707027187499994 0.15937494444444442
3 0.42503891484375006 0.4462498451388889 0.09703121718750003 0.08624997083333329
0 0.53367168828125 0.4806726625 0.010546871874999919 0.06884563611111108
2 0.108632774609375 0.5737498006944445 0.21726554921875 0.26624990694444445
2 0.02953123984375 0.6853122590277778 0.0590624796875 0.19687492916666668
9 0.8959567171875001 0.4434373465277777 0.009492182812500083 0.028124990277777723
0 0.7746676964843751 0.5042315770833333 0.015820307031250015 0.08971347361111112
