8 0.33478765390625 0.43080711666666666 0.009560484374999989 0.03399283333333329
8 0.691940032421875 0.4259509979166667 0.008194700781250041 0.048561190277777735
8 0.323861386328125 0.4257577087078537 0.012292052343750016 0.04894776591762585
8 0.681013764453125 0.41866681944444445 0.01365783515625001 0.05827342777777776
8 0.6967202734375 0.42352293888888887 0.00682891718750005 0.038848952777777786
9 0.7638796472283388 0.4280397407710844 0.05936085541199567 0.030028111442875233
9 0.8838326101562501 0.5085180777508598 0.017755187500000068 0.02425448338716944
9 0.9029535789062499 0.5097190513888888 0.02048675312499988 0.016996416666666646
9 0.19001460546875 0.5000068131944444 0.012292051562500017 0.012140298611111117
9 0.1969631419986962 0.5154864313614446 0.009321245690107616 0.015173895610444216
9 0.2736334718032092 0.34339697569444444 0.01084412701994224 0.03399283472222226
9 0.292448366015625 0.5303575569444444 0.006828917968750003 0.01942447500000005
2 0.382590075390625 0.5934871034722222 0.03414458671875002 0.06312954861111114
2 0.5904260747406607 0.5990701348758506 0.029155276043821222 0.0422512469149655
2 0.7089863782723504 0.6274799375 0.07790155283029918 0.05827342777777776
2 0.1641077889017925 0.5776232039511103 0.08892184156352634 0.05847795904087363
2 0.33417416490189655 0.6088536236774077 0.09028051574129314 0.09871870568814876
2 0.48434094453125 0.6335500854166667 0.19394125468749998 0.32293191250000003
2 0.805300060546875 0.6456903833333333 0.07921544140625007 0.070413725
0 0.69945184140625 0.6226238187500001 0.02048675156250006 0.06798566805555556
0 0.7786672828125 0.6189817291666667 0.006828917187499961 0.026708655555555558
0 0.7622778792968751 0.6214097888888889 0.006828916406249963 0.04127701111111111
0 0.9152456289062499 0.6359781458333333 0.009560482812499948 0.0461331305555556
2 0.91661141328125 0.6335500861111112 0.03960772031250013 0.04613313055555553
