9 0.25726117226562495 0.3117185361111111 0.029003886718750004 0.042187472222222216
2 0.5308412571195422 0.49125987136131627 0.03313464317575354 0.08999648674500235
2 0.5578469027343751 0.4898434131944444 0.018457019531250028 0.060937456944444475
2 0.5805092407782081 0.4938635929942229 0.047460905468749995 0.07265620416666663
2 0.6373486563437747 0.5159020257975189 0.07637017244405939 0.09560678868747172
2 0.8188818796875001 0.5339630122713493 0.23994124218750007 0.2633230615684124
2 0.9302831707031249 0.5894527201388888 0.12788077265624995 0.29296854861111116
2 0.46951688437500005 0.5162685044969486 0.11865226093749995 0.17683716045054712
7 0.37855015078125 0.5039059034722222 0.013183584375000024 0.05624996249999994
1 0.37855015078125 0.48281216805555555 0.018457018750000033 0.09374993611111111
0 0.7002296175781251 0.4687496777777778 0.018457019531250028 0.14062490277777778
0 0.716709098046875 0.48046841874999996 0.01713866015625003 0.07031245138888893
2 0.5983624843968073 0.5162336734782808 0.028305028947798228 0.07025818506120156
