2 0.07359799218749999 0.5891074442832153 0.09065712968749999 0.090335055878014
2 0.612179326953125 0.5488607431782209 0.06628693359375007 0.09011556944444439
2 0.575136629296875 0.5311619645833333 0.013647310156250026 0.03639282638888888
2 0.670667798046875 0.5476253847222222 0.01949615703124996 0.07971761666666674
2 0.503975656640625 0.5276959812500001 0.07408539765625007 0.05025676249999999
3 0.17386691876409724 0.5510913680555556 0.1084762343468055 0.06931966666666661
2 0.730131076171875 0.5259629888888889 0.10722886171874997 0.16116823055555551
2 0.789106951171875 0.48870366736111115 0.02047096484375004 0.04852377083333334
3 0.6370369273437501 0.4991016173611112 0.03801750625000002 0.06238770138888891
3 0.568800378125 0.5017011055555555 0.08285866718749997 0.09531454722222218
3 0.4586937450405834 0.5183304038942967 0.031193852343750005 0.051989751388888866
0 0.30267783632812495 0.5580233354166666 0.012672502343749992 0.0415918013888889
0 0.3197369734375 0.55109136875 0.011697693750000005 0.027727868055555563
9 0.4835046914062501 0.43584741875 0.01169769374999996 0.02252889305555554
3 0.5053151681239898 0.49267042994819626 0.030975314697590496 0.030381917864303335
