2 0.482499858984375 0.22137291388888888 0.008607528906250028 0.013602022222222211
2 0.47150134921875003 0.22392329375 0.011476706249999946 0.01190177083333334
2 0.4576336625 0.22477341944444443 0.014345882812499955 0.017002527777777804
2 0.44950432890625003 0.22732379930555555 0.00956392187499997 0.01190177083333334
2 0.43611483828125 0.22902405138888887 0.011476706250000034 0.015302275000000008
2 0.40025013125 0.23072430416666667 0.029648157812499985 0.02210328611111107
2 0.3763403265625 0.23412480972222222 0.01625866718750002 0.025503791666666664
2 0.35864707070312496 0.23412480972222222 0.032517333593749996 0.02890429722222222
2 0.305567304296875 0.24092582083333333 0.04112486484374998 0.035705308333333324
2 0.239098046875 0.24262607361111113 0.09181365000000001 0.06290935277777779
2 0.5121480171874999 0.24517645 0.041124864062499975 0.06120909999999999
2 0.595832333203125 0.23667518541666668 0.04781960859375003 0.0714106152777778
4 0.583399235546875 0.2104912923611111 0.030604550781249972 0.05780859305555555
4 0.5437089593750001 0.21304167152777778 0.027735373437500054 0.0527078347222222
9 0.5236247234375 0.15778345 0.018171451562499996 0.044206572222222226
9 0.54992550859375 0.16033382916666666 0.01912784375000003 0.022103286111111113
9 0.46863217265625 0.18498749374999998 0.007651137499999993 0.00680100972222226
9 0.47197954492187505 0.19518901805555555 0.014345882031250045 0.013602022222222211
9 0.48871640859375 0.19263863888888888 0.017215059375000053 0.022103286111111113
