2 0.388335800390625 0.42224984652777775 0.01054687109375001 0.022499993055555556
2 0.371355338671875 0.4232677125 0.03775779921874998 0.05078571388888891
2 0.35226550156249997 0.43928557222222225 0.05484373124999999 0.07124997222222224
2 0.24363272734375002 0.42147308125 0.025312490625000007 0.024374990277777737
2 0.28951161796875 0.4580355666666667 0.10441402656250003 0.11624995833333326
2 0.7040790078124999 0.4205355798611111 0.06539060156250001 0.08624997083333329
2 0.8538445812500001 0.49553555208333333 0.2889842734375 0.2512499097222223
3 0.563353609375 0.3274552451388889 0.1096874609375 0.039374987499999986
2 0.562387940625 0.5976826770833333 0.43769515937500003 0.5081248208333334
2 0.122247827734375 0.5320577020833334 0.24449565546875 0.33187488472222226
9 0.187945246875 0.4010623638888889 0.012656245312500003 0.016874994444444427
