8 0.250490909765625 0.3066701048611111 0.016824016406249996 0.040785495833333324
9 0.19619521874999998 0.3046308326388889 0.03058912187499998 0.03398791250000003
9 0.10519258203125 0.36512931875 0.02447129843749999 0.019033234722222243
8 0.107104401171875 0.40455529791666667 0.022177113281250004 0.027190331944444462
8 0.49367443125 0.3148272048611111 0.007647281250000049 0.029909362499999995
8 0.656561505859375 0.33386043680555555 0.010706192968749927 0.040785495833333366
9 0.5311461058593749 0.3155069625 0.04894259453125001 0.01767371388888886
9 0.615648554296875 0.38348279097222215 0.016059288281249983 0.012235648611111177
9 0.8301547738281251 0.2597667861111111 0.02294183984375007 0.03942598055555556
9 0.786947637890625 0.4412622423611111 0.020647657031249978 0.07069485972222225
8 0.23672580664062498 0.44398127708333335 0.01223564921875 0.01631419861111109
2 0.25576523828125 0.48319504374999994 0.08471936875 0.03857141805555552
2 0.09304205742187499 0.48503178055555557 0.05475764140625 0.05693876111111117
2 0.5783834671875001 0.45086087152777776 0.05785713125000003 0.15795914861111113
2 0.0479481625 0.4802486229166667 0.095896325 0.06612243472222216
2 0.47661690781250005 0.5076326590277778 0.2531249453125 0.3195917680555555
2 0.16825809257812502 0.46443169722222216 0.10228320859375 0.11571433888888889
