3 0.39177185859375 0.45461994930555555 0.010135390624999996 0.027720729166666697
2 0.385144871875 0.46016409444444445 0.010915037500000002 0.016632438888888934
2 0.36955196210937497 0.45947107499999995 0.007796455468749963 0.015246400000000035
2 0.3605860390625 0.46155012986111105 0.011694682812499968 0.02217658194444449
2 0.35395905234375 0.4636291854166667 0.00935574531250003 0.02079054861111113
2 0.34811171210937497 0.4664012583333333 0.016372555468749984 0.023562619444444426
2 0.341094901953125 0.4664012569444444 0.016372555468749984 0.03187883611111112
2 0.32316305546875 0.46709427638888884 0.031965465625 0.04158109444444441
2 0.316146245703125 0.4761035125 0.03040617421874998 0.0457392027777778
2 0.28184184453125 0.4774895493055556 0.05379553906250001 0.07900407638888893
2 0.401127604296875 0.46155013125000005 0.005457517968750025 0.013860365277777792
2 0.40580547695312497 0.46224314791666665 0.007016808593750046 0.0180184736111111
3 0.421398387890625 0.4532339111111111 0.024169010156249993 0.04712523888888885
2 0.421398387109375 0.4643222034722222 0.013253972656250034 0.036036948611111085
2 0.42802537421875 0.4657082388888889 0.015592910937500015 0.03880901944444446
2 0.43504218281250007 0.4684803118055555 0.018711490624999973 0.04712523750000004
2 0.44127934687500003 0.4740244583333333 0.02027078281249999 0.052669383333333285
2 0.46038066171875 0.4761035125 0.045999084375 0.06514371111111114
2 0.47441428085937504 0.4885778402777778 0.053795539843750004 0.06514371111111106
8 0.05088959453124999 0.04051990902777778 0.017152201562500004 0.08103981805555556
8 0.068821440234375 0.04638890625 0.021830074218749995 0.09147840416666667
8 0.028279873828125003 0.04398500069444444 0.029626528906249998 0.08797000138888889
8 0.723333828125 0.3527029569444445 0.025728299999999926 0.044353166666666666
9 0.2321571703125 0.38596783194444445 0.011694682812500013 0.016632438888888934
2 0.9732338222656249 0.4919996187499999 0.049944539843749955 0.08732029305555555
