2 0.8364751416334972 0.580465257579005 0.2103784745455056 0.2739866348419898
2 0.6099108448491123 0.5091488022771623 0.02492016732777911 0.03395830455432455
2 0.5750315207512076 0.5016856222410996 0.02043257003387593 0.02709935850649114
2 0.5274076171755305 0.5016707119259851 0.043308335163983004 0.04891448525667875
2 0.5864668569713072 0.49260567114580783 0.011978644290708117 0.023473954577115562
3 0.6450441398152904 0.49407640096737043 0.029620660219987105 0.04744375543511607
2 0.20149511891759767 0.4696407576388889 0.06491752778980467 0.02426188472222227
9 0.338198884663911 0.39577872923682395 0.01732177204675587 0.014652640338995345
9 0.677978856640625 0.4125625222189803 0.024370196093749998 0.024040900006483984
8 0.6462976015624999 0.4063865597222223 0.005848846875000024 0.022528891666666655
8 0.3708008615152318 0.39858809652777777 0.009000317594536433 0.027727868055555563
8 0.6398137203733352 0.4032419092728867 0.007118915503329682 0.0266375407679956
8 0.7245586677592386 0.47253844568295683 0.012250571455977166 0.016193327477024864
9 0.7177723246159141 0.43584741944444444 0.01454363300906234 0.012130941666666692
2 0.9645723636718749 0.5692877826388889 0.06921135703124985 0.13690634861111117
2 0.42332057555577335 0.47269174821026383 0.02339538828124992 0.015596926388888951
8 0.2793387072409807 0.4488448569444444 0.010610366768038526 0.017329916666666632
0 0.7018504600931641 0.5056241370296574 0.006487536013664208 0.03331870347758412
0 0.7225745334701469 0.511711207857293 0.005406280011386854 0.03267795917993826
0 0.7550122135384679 0.5091482306667096 0.006847954681090141 0.03267795917993826
