2 0.20025798125 0.5548365501211681 0.398808775 0.4317977969798861
2 0.38395585859375003 0.5242874083333333 0.04780242187499999 0.14811163055555557
2 0.7431569125 0.53035755625 0.17345450156250006 0.1505396875
2 0.646186285546875 0.5182172590277777 0.08604435859374995 0.10683461805555557
2 0.5936868195017067 0.5109330805555555 0.07391870306591306 0.08255402499999999
2 0.5605284311571124 0.49879278263888893 0.05950169825172465 0.08741014027777776
2 0.539655174609375 0.5048629326388888 0.015023617968750003 0.050989251388888907
2 0.5259973394531251 0.5048629326388888 0.028681453906250008 0.050989251388888907
2 0.503461912109375 0.5002766481311667 0.03277880234374999 0.04127700972222222
2 0.482975159765625 0.49757875347222225 0.021852535156250054 0.03156477361111109
2 0.47409756757812505 0.490294575 0.028681453906250008 0.036420891666666615
2 0.462488408203125 0.4927226340277778 0.01365783515625001 0.03156477361111109
2 0.45497659960937503 0.49636472361111117 0.012292052343749926 0.02913671388888888
2 0.44883057343750005 0.4915086048611111 0.016389401562499996 0.02428059583333335
2 0.43517273828125 0.49029457569444446 0.01365783437500001 0.021852537500000026
2 0.41968454136536515 0.4928354483472347 0.010261971385160162 0.014659069503886003
9 0.47113887153530143 0.43511815447892493 0.017300925883102992 0.008352240687794282
9 0.4988339972275673 0.44658950416666665 0.009255832107365424 0.007284177777777737
8 0.4545691311898851 0.4331839044055256 0.004343230874784343 0.017346695215759746
9 0.731547752734375 0.3324707069444444 0.01912096796875007 0.026708655555555558
9 0.27332739726562505 0.3227584694444445 0.01775518515625003 0.021852536111111102
