2 0.33380669960937503 0.5931567 0.02340860546874999 0.03662146111111113
2 0.2556219609375 0.5840013333333333 0.014981506249999966 0.021639949999999984
2 0.294012071875 0.58999386045435 0.061798715625000035 0.1261777374246334
2 0.38390111210937505 0.613964348611111 0.05992602734374999 0.07823675833333334
2 0.17181915703125 0.64309506875 0.1825871140625 0.19309497916666668
8 0.35581078828125 0.5099261076388889 0.005618065625000002 0.019975343055555563
9 0.405905201171875 0.5476573083333334 0.010299786718749981 0.009987677777777766
9 0.406373371875 0.5176942895833333 0.005618062499999965 0.019975337500000023
9 0.552443065625 0.5509865277777777 0.009363443750000044 0.03662146111111113
9 0.56367919296875 0.5201912076388889 0.014981506250000009 0.05826141527777777
2 0.027153981249999997 0.5548706243055557 0.054307962499999994 0.16646118194444448
