8 0.06436252578124999 0.46115786180555557 0.017755184375 0.021852534722222258
8 0.23645124218750002 0.31426025902777777 0.012292051562499972 0.04856119027777777
8 0.50892504609375 0.31668832013888887 0.010926268750000023 0.04370507083333332
8 0.588140487890625 0.4696560701388888 0.008194702343750037 0.019424476388888855
8 0.68920846484375 0.44658950208333337 0.013657835937500007 0.026708654166666672
8 0.24669461953125 0.31703519166666666 0.010926267187500028 0.04856118888888889
8 0.22484208359375 0.3133931048611111 0.010926268750000023 0.046133131944444454
8 0.51575396484375 0.32067728472222223 0.008194701562499952 0.04613313055555557
8 0.49799877851562496 0.3158211625 0.010926266406250029 0.04613313055555557
8 0.672819062890625 0.44815040694444447 0.01638940234374999 0.02913671388888888
8 0.0575336078125 0.45872980208333336 0.017755184375000004 0.03156477361111109
9 0.2042899855110532 0.5223475475550426 0.008064008522106337 0.013455630250562775
9 0.20367244140625 0.4478035326388889 0.012292051562499995 0.029136715277777763
9 0.6782821968749999 0.3154742909722222 0.01365783437500001 0.031564773611111124
9 0.49731588710937497 0.47208412847222225 0.006828917968749959 0.019424476388888934
2 0.7950566851562499 0.5036489013888888 0.015023617187499916 0.01942447777777782
2 0.767741015234375 0.5255014388888889 0.03687615234375006 0.048561188888888926
2 0.6625756875000001 0.5145751715277778 0.025949885937499938 0.0364208930555555
2 0.69057424765625 0.5194312895833333 0.05463133749999995 0.04613312916666664
2 0.7021834078125 0.5376417354166667 0.06965495624999996 0.058273429166666724
2 0.720621485546875 0.5376417347222222 0.07375230859375001 0.04856118888888885
2 0.308154875390625 0.5303575576388889 0.01638940234374999 0.03399283472222218
2 0.301325959765625 0.5388557652777777 0.019120969531249976 0.04127701111111111
2 0.28357077304687495 0.5424978548611111 0.027315667968749978 0.04856119027777781
0 0.8032513859374999 0.5060769631944445 0.012292051562500017 0.03399283472222226
0 0.6584783375000001 0.5643503909722223 0.012292051562500017 0.058273429166666724
0 0.64960074453125 0.5607083013888888 0.005463134375000056 0.05584536666666667
0 0.62774820859375 0.5509960625 0.010926268750000023 0.07041372777777775
0 0.5288715596737179 0.5253325528960928 0.009124953887584298 0.042085811641338386
0 0.62228507578125 0.5036489027777777 0.005463134374999967 0.024280597222222235
0 0.64277182734375 0.5097190527777778 0.010926268750000023 0.026708655555555558
0 0.62979688359375 0.5024348722222223 0.009560484375000034 0.02185253611111114
0 0.564922169921875 0.5303575576388889 0.010926267968750025 0.05341730972222223
0 0.5560445765625 0.5376417361111111 0.009560484375000034 0.038848952777777786
0 0.5408222292811321 0.5231574072829573 0.011894596062264284 0.043873125677025844
0 0.6091496075456406 0.5582802409722222 0.018076234908718902 0.1092626763888889
0 0.6393573683593751 0.5667784493055555 0.015023617968749913 0.13597133194444444
0 0.6393573683593751 0.5679924798611111 0.031413019531249996 0.09469432083333335
2 0.254889321484375 0.5485680027777777 0.04643663828125 0.05584536666666667
2 0.415368878515625 0.6675429201388888 0.32915381640625 0.39091758194444437
2 0.8961246613281251 0.490294575 0.020486750781249972 0.026708655555555558
9 0.20489801243156136 0.5367642942520743 0.00828962935079316 0.015377863143500372
