8 0.588242521875 0.5287728972222223 0.011694682812500013 0.023562619444444426
8 0.51924389609375 0.5703539888888889 0.00935574531250003 0.018018472222222214
8 0.4557027890625 0.5135264958333333 0.008576101562499971 0.04019505555555551
8 0.403076718359375 0.5460983527777777 0.01091503671874996 0.016632438888888934
8 0.44049970195312493 0.6119350833333334 0.010915038281250044 0.015246400000000035
8 0.42763555078125004 0.6063909381944445 0.005457517187500027 0.012474329166666662
2 0.33485773750000003 0.6507441027777777 0.074066321875 0.09286443888888887
2 0.537955387890625 0.6702492194460291 0.05613447578124999 0.06970540432233242
2 0.39139341938357786 0.6549831579776653 0.025728302343749964 0.023562618055555616
2 0.42100856484375004 0.6521301374999999 0.017152201562500035 0.026334691666666684
9 0.570700498828125 0.5847223579669337 0.043660147656250016 0.0469980516724188
9 0.04366014726562499 0.5280798784722223 0.037422983593749994 0.01940450972222215
7 0.9114055773437499 0.7131157409722222 0.04833802031249999 0.13167345972222222
8 0.44578643281249997 0.5125777652777777 0.01054686718750002 0.03984372222222221
