8 0.19789776523437502 0.13108698402777777 0.01800889765625 0.06581029305555555
8 0.570581901171875 0.182668025 0.01300642578125002 0.04446641388888888
8 0.52906138671875 0.29383406180555555 0.00800395468749997 0.02490119305555558
8 0.46552999765624997 0.3062846576388889 0.009004448437500034 0.017786570833333334
8 0.21490616757812503 0.13019765555555554 0.01200593203125 0.053359697222222224
8 0.187392575 0.1382016111111111 0.011005437500000003 0.04802373055555555
9 0.27193434609375 0.2973913729166667 0.022010874999999964 0.03913044583333335
9 0.45852653750000005 0.28049413819444446 0.017008403125000005 0.02667984861111113
9 0.57408363125 0.30984197152777776 0.014006920312499994 0.01778656527777779
9 0.812701528125 0.1764427270833333 0.029014335937500045 0.1422925263888889
9 0.8872383546875 0.12752967083333333 0.052025704687499896 0.026679849999999998
9 0.86222599765625 0.15776683333333333 0.04402174999999993 0.023122536111111123
9 0.9727806187500001 0.15509884791666664 0.053026200000000044 0.14229252638888887
8 0.8882388488281251 0.2244664548611111 0.034016807031249915 0.03913044583333335
2 0.58058684453125 0.34897241458333333 0.025012357812500063 0.021343879166666666
2 0.530061880859375 0.3676483097222222 0.04001977265625003 0.05869566944444442
2 0.42500997734374996 0.3809882326388889 0.05802867187500001 0.07114626249999997
2 0.026813235937500002 0.44324121319444443 0.05202570468750001 0.060474323611111123
2 0.10835352265625 0.42189733402777774 0.09504695937499999 0.07470357638888885
2 0.9137514523437501 0.4103360652777778 0.17108452968750001 0.22233207222222223
2 0.7101508601562501 0.4076680826388888 0.20410084218749996 0.3023716180555555
9 0.680136029296875 0.23158108125000001 0.02201087578124996 0.017786565277777753
2 0.55850608203125 0.3389060166666667 0.02241209375000004 0.03281247777777779
