8 0.548618392578125 0.4657027979166667 0.010546867968750017 0.03984372361111118
8 0.46819852695312497 0.4938277784722222 0.010546867968750017 0.03515622638888887
8 0.42535187656249995 0.5418746208333333 0.009228509374999926 0.028124980555555526
8 0.377231793359375 0.5278121298611111 0.010546867968750017 0.07031245138888893
9 0.13465383359375 0.48562466041666663 0.073828075 0.1453124013888889
9 0.4358987441406249 0.5735152236111112 0.011865225781250021 0.016406238888888838
0 0.3007670015625 0.61687456875 0.015820303125000025 0.07031245138888893
1 0.63101579765625 0.643827675 0.09096673437500007 0.3117185361111111
6 0.63299333515625 0.7199994979166667 0.11074211093749993 0.29531229583333335
2 0.3291117078125 0.6110151972222222 0.03295896093750002 0.04453121666666667
2 0.294834387890625 0.6168745694444444 0.04877926328125 0.03749997222222221
2 0.24671430390625 0.6180464430555556 0.04746090468749999 0.04453121944444444
2 0.42365774935075934 0.6094125461997787 0.018057848356484208 0.04257877728387945
2 0.4091816039618461 0.6080435691887438 0.025758337793554985 0.04703404858601022
2 0.39305209375 0.6145308208333333 0.031640603125000014 0.05624996111111113
2 0.45369658398437507 0.5922652090277778 0.013183585156250021 0.02578123194444449
2 0.4669555580468222 0.606836570279687 0.018306238593855627 0.04086146000381845
2 0.553891828125 0.6332808076388888 0.07910150781249996 0.11249992361111115
2 0.781308662890625 0.6356245569444444 0.15161122421875 0.27187481111111117
3 0.4989582106282109 0.5758589715277778 0.059326130468750016 0.1429686513888889
3 0.675839985546875 0.5371871236111111 0.14370107265624998 0.2953122972222222
2 0.363389028125 0.6201457792001602 0.056689414062499964 0.060610608724520496
3 0.909848613671875 0.5629683541666667 0.17929675234375003 0.5531246194444445
