9 0.373106877734375 0.25465539652777774 0.018364572656249977 0.04897219305555558
9 0.374943334765625 0.3011789763888889 0.018364572656249977 0.044074972222222224
2 0.08570133046874999 0.44401453541666663 0.022037484375000006 0.048972190277777765
2 0.15365024570312502 0.44564694166666663 0.01836457265625 0.0391777527777778
2 0.19864344570312498 0.45544137847222227 0.03489268515624999 0.0652962513888889
2 0.20736661757812497 0.47013303680555557 0.030301542968749984 0.08814994305555557
2 0.23078144726562497 0.48727330347222225 0.062439542968750004 0.11590085138888884
2 0.048513071484374996 0.4540810395833333 0.05050257421875 0.07019347361111107
2 0.01270215703125 0.47611852569444435 0.024792171875 0.11753325694444443
2 0.12059401640625 0.46714029166666665 0.067948915625 0.09957678888888889
2 0.343264448828125 0.5114873333333333 0.20843788828124996 0.3134220222222222
