9 0.34654796328125004 0.22153328472222222 0.0362721734375 0.014560872222222207
8 0.3757997171875 0.20385222430555552 0.008190490625000013 0.033281995833333355
8 0.61215388984375 0.21321278541666666 0.008190490625000013 0.031201870833333346
8 0.16986736796875 0.2839370263888889 0.015210912499999996 0.018721122222222223
8 0.30676557734375 0.2974578388888889 0.008190490625000013 0.016640999999999986
9 0.31697200859374997 0.25169509375 0.017551053125000004 0.012480748611111123
9 0.49423763789062497 0.2964177736111111 0.014040841406249971 0.010400625
9 0.601299058984375 0.2860171527777778 0.01755105234375005 0.010400625
8 0.5808228300781251 0.28705721458333333 0.004680282031250016 0.0166409986111111
8 0.584918076953125 0.29017740138888887 0.0058503523437499535 0.018721122222222223
0 0.4662729609375 0.3166989916666667 0.005850351562500045 0.02080124722222219
0 0.47095324179687503 0.3177390548611111 0.005850350781250046 0.022881373611111085
0 0.47797366289062493 0.31877911666666664 0.005850350781250046 0.02080124722222223
0 0.5119056976562499 0.32085924097222224 0.010530631249999978 0.0166409986111111
9 0.1772656296875 0.22933375208333331 0.010530629687500005 0.012480748611111123
3 0.789943603125 0.28066824583333333 0.33346999687500006 0.5595535555555555
3 0.13784888281250002 0.42835710277777783 0.27569776562500004 0.8549312694444444
2 0.200228238671875 0.3451521152777778 0.052653155468750004 0.05200311944444442
2 0.24352083593749999 0.3857145458333333 0.09243554374999999 0.09152548888888891
2 0.296759028515625 0.34931236527777776 0.06084364921874998 0.04368261944444443
2 0.307874694921875 0.36803348541666664 0.06903413984375 0.05616336805555555
2 0.444187869921875 0.33267136736111114 0.028081685156249935 0.05200311805555553
2 0.5992221660156251 0.31603036944444446 0.03861231484375001 0.027041619444444442
2 0.55534453515625 0.31291018402777776 0.06552392968750001 0.037442248611111104
3 0.375153729296875 0.3045896826388889 0.05382322734375 0.03744224583333333
2 0.42137150156250003 0.31395024652777775 0.036272176562499946 0.022881373611111124
2 0.38217415 0.42107666875 0.12402743593749999 0.2121727236111111
2 0.9408826539062499 0.42003660694444445 0.11349680624999987 0.21009259999999996
8 0.38100407968749994 0.2057837555555556 0.009360562499999992 0.03536211944444444
2 0.582935091796875 0.5770862430555554 0.36847736640625 0.5060335833333333
