2 0.52375877734375 0.32949613125 0.015007412499999973 0.021343879166666666
2 0.5152545757812501 0.3303854576388889 0.018008895312499985 0.02667984861111109
2 0.503748893359375 0.34016807083333334 0.01900939296875004 0.039130447222222225
2 0.583288190625 0.3179348611111111 0.0240118625 0.008893277777777757
2 0.619806233984375 0.3526186673611111 0.03301631328125003 0.05335969861111107
2 0.666829466796875 0.36906381763552565 0.08904399609375 0.11651685084005976
2 0.7631770738281249 0.40428864305555556 0.1780879898437499 0.22233206666666663
2 0.402999114453125 0.36960483541666667 0.08204053515625005 0.15296446805555552
2 0.33146376953125 0.39895266944444446 0.15907859531250002 0.20810281944444448
2 0.48999209609375 0.34239139027777776 0.033016312500000033 0.04268775555555552
2 0.17508650664062503 0.4615613819444445 0.31815719296875 0.2899210222222222
2 0.5711155203125 0.4025692770833333 0.12105981406250006 0.17075103472222222
2 0.87269903671875 0.4944665222222222 0.251124075 0.3023716166666667
9 0.34134917881187127 0.16165979586816343 0.02037111387374253 0.05177802506966016
9 0.46556336796875 0.2807312909722222 0.00800395468749997 0.026679843055555548
9 0.897193285546875 0.11472334722222222 0.03601779453124987 0.03913044444444444
