3 0.37578842421875003 0.3154044944444444 0.03801750468750002 0.06931966944444443
2 0.27733283203125003 0.3483313361111111 0.09845559218750002 0.14210531944444446
2 0.007311058203125 0.37086022916666667 0.012672500781249998 0.0866495861111111
2 0.31535033828125 0.30240705763888887 0.043866353125 0.09878053194444444
2 0.421116989453125 0.32406945277777777 0.027294619531249963 0.024261883333333303
2 0.35288043945312497 0.32406945416666666 0.015596924218750008 0.020795902777777778
2 0.48204260931146087 0.31723011864339395 0.04776584362292189 0.04177706784234347
2 0.46866893046874997 0.39019889513888883 0.10290234531250002 0.1357248680555555
2 0.710634919921875 0.3803916854166667 0.11112809453125001 0.11611044861111111
9 0.41575554609375 0.21142499097222225 0.01072288593750006 0.027727868055555525
