9 0.265586143359375 0.4089177972222222 0.017446342968750007 0.014691655555555547
9 0.25759563750000003 0.38443170069444443 0.013226325000000028 0.014691659722222205
9 0.084695112109375 0.2791414916666667 0.024792171093749992 0.03264812777777778
2 0.31434024687499995 0.48781745625 0.04591142968750002 0.07345828749999994
2 0.290466304296875 0.4951632847222222 0.04591142890625002 0.07509069166666664
2 0.25052336171875 0.5016929083333334 0.07804942968749998 0.09141475833333333
2 0.1793606453125 0.5163845652777778 0.1138603453125 0.12406288611111106
2 0.4907421486273087 0.49353087847222227 0.029179290245382638 0.09467957083333331
2 0.524614593359375 0.4983951718554405 0.07162182890624998 0.15677686462245244
2 0.5723624796875001 0.5188331756944444 0.10651451562499999 0.22363967361111114
2 0.7456526117187499 0.5671081645833334 0.3461721765625 0.40646918750000005
2 0.07983486523437501 0.5367896458333333 0.15905758828125 0.2040507972222222
2 0.009098815234375 0.5727010222222222 0.01819763046875 0.1632406361111111
2 0.909755847265625 0.7490009118055556 0.17538165859375 0.3199516486111111
2 0.4129941828125 0.4804700625 0.05233902968750002 0.0767231
9 0.278900457421875 0.41136640694444443 0.014691657031249994 0.019588875000000013
