2 0.2685367596202881 0.5412179992153398 0.03139284267807625 0.04577274720389073
2 0.25401331232384067 0.5474591842355077 0.025664062349734795 0.04187696356386034
2 0.208593278125 0.5541815379310906 0.07175198749999998 0.07975873247115225
2 0.31897235175856087 0.5348361192994331 0.013596881824484397 0.015603575034177593
2 0.345519989453125 0.5318308140593263 0.017937996093749974 0.016462233674208133
2 0.361664187890625 0.5321036368055556 0.009566932031250008 0.01700787916666668
2 0.37242698554687503 0.5296739375 0.009566932031250008 0.03401576111111113
2 0.393354648828125 0.5296739375 0.02989666171874994 0.05952757499999998
2 0.409498845703125 0.5371148840277779 0.03826772734374999 0.07015750138888888
2 0.423251311328125 0.5392408659722222 0.022721464843750018 0.06590552916666673
2 0.47108597031249994 0.5392408694444444 0.10164865000000001 0.14244098611111108
0 0.5803324702742574 0.5278516659722222 0.023566765548514734 0.11055120972222217
9 0.4340995308593749 0.4273229506944445 0.011958666406250007 0.04251969583333338
9 0.508841184375 0.41244106041666667 0.016742131250000014 0.02338583472222224
