1 0.37063999921875 0.7352338618055556 0.013183584375000024 0.03515622638888895
7 0.372617537109375 0.7586713465277778 0.01713866015625003 0.03515622638888895
2 0.37393589609375 0.7364057361111112 0.040869112499999985 0.023437483333333377
2 0.335044321484375 0.7364057361111112 0.05273433828125 0.03749997500000006
2 0.278354906640625 0.7528119736111112 0.04746090390625 0.032812477777777835
2 0.23616743593749998 0.7621869687499999 0.03427732031250001 0.03281247638888895
2 0.143882344140625 0.7692182138888888 0.03955075390625 0.028124980555555446
2 0.119492711328125 0.7832807027777777 0.07250971640625 0.05156246388888882
2 0.44710479140625 0.7164838756944445 0.03427732031250006 0.03515622638888887
4 0.543344959765625 0.6883588944444444 0.06591792421875002 0.11015617500000004
2 0.9652196703125 0.6543745423611111 0.06855464062500012 0.1921873652777778
2 0.73582529609375 0.6637495361111111 0.2979490140625001 0.22968734166666674
0 0.89205077421875 0.6508589194444444 0.01186522656250002 0.035156224999999985
6 0.089829646484375 0.8090619368055556 0.031640603906249995 0.07499994861111109
6 0.026457804687499996 0.8184369298611112 0.05291560937499999 0.07968744583333331
