9 0.75968675234375 0.15363594305555553 0.01622328906250008 0.06988494166666666
9 0.74970318828125 0.28064905069444446 0.026206853124999974 0.03549711249999999
9 0.16348084453125 0.27288405694444445 0.023086990625000015 0.031059974999999993
8 0.10888323359375 0.3239111576388889 0.0299506890625 0.04437139305555557
8 0.089228094921875 0.33167615 0.018095208593750002 0.04437139166666668
8 0.747207297265625 0.3835352138888889 0.021215071093749937 0.052691027777777795
2 0.47437523906249995 0.4165364375000001 0.004991782812499945 0.006655711111111155
2 0.4768711292968749 0.4220828597222222 0.007487672656249967 0.011092847222222228
2 0.48123893828125 0.43373035 0.007487671875000057 0.00776499444444446
2 0.47749510234375 0.44204998611111107 0.006239726562500003 0.013311416666666688
2 0.48716667851562506 0.4442685555555556 0.005615753906249932 0.013311416666666688
2 0.49247044648437494 0.4453778402777778 0.01123150859375004 0.01552998611111107
2 0.504637913671875 0.4503696215277778 0.013103425781249988 0.021076409722222186
2 0.51368551875 0.4520335486111111 0.011231507812500041 0.02884140277777776
2 0.52148517578125 0.45757997361111113 0.009359590625000002 0.031059974999999993
2 0.531780726171875 0.45591604652777773 0.01622328984374999 0.03438782916666665
2 0.5426254984375001 0.46414324166666665 0.016996762499999995 0.03974937222222223
2 0.5623553875 0.46479032500000006 0.03369452500000003 0.05879209444444445
2 0.579514637109375 0.46978210625 0.03931027890625005 0.06655708750000003
2 0.581386555078125 0.48309352361111113 0.019967125781249973 0.06655708611111114
2 0.606033476953125 0.48705502120063815 0.06426918671875007 0.07153799228951171
2 0.6693667046874999 0.5047245784722223 0.08735617656249994 0.10094491527777778
2 0.44884436250000004 0.44334415624999995 0.007487671875000057 0.015529987499999957
2 0.44478853906250004 0.4477812951388889 0.008111645312500037 0.01996712638888888
2 0.44010874531249994 0.4466720104166667 0.008735617187500022 0.01996712638888888
2 0.435428948828125 0.4483359375 0.009359589843750005 0.025513549999999992
2 0.4351169625000001 0.44944522222222216 0.008735617187500022 0.023294980555555612
2 0.41296593242187496 0.45055451041666666 0.013103425781249988 0.03438782916666665
2 0.403294355859375 0.45554629097222227 0.018719180468750006 0.03327854305555557
2 0.38051935195312503 0.4616473583333333 0.033070552343750004 0.06766637222222222
2 0.3542282503139226 0.4729630216556057 0.028078465615271542 0.06516992097722442
2 0.3166595991914226 0.47199123992269704 0.06434468865762484 0.09206775751140728
2 0.240125496875 0.4891945902777778 0.12167467500000002 0.1375513138888889
3 0.46042944570312494 0.43816748958333335 0.02433493515624994 0.0510270986111111
1 0.401604412890625 0.44696253611111114 0.01247945390624996 0.05435495555555552
1 0.423443458203125 0.45916466874999995 0.018719180468750006 0.08541492916666671
1 0.38631708320312497 0.4552821715277778 0.021839044531250008 0.0621199486111111
7 0.423710883203125 0.48523287847222224 0.012479453906250004 0.05324566805555556
7 0.398128003515625 0.48079574027777777 0.013727399218749969 0.03993425277777776
7 0.38377663203125 0.48079574027777777 0.012479453125000007 0.04437139166666668
0 0.909966674609375 0.5036152909722222 0.03619041640624996 0.12423989583333331
0 0.886255712890625 0.4858667375 0.02371096328125013 0.09761706111111106
0 0.8653526265625 0.48253888125 0.02932671562499998 0.15308130138888884
