2 0.036253515234375 0.4580850388888889 0.07250703046875 0.13444553333333328
2 0.18711491757812498 0.4767965298611111 0.14813264296875 0.16355229583333333
2 0.290807767578125 0.45254089236111117 0.06393093046875001 0.07900407361111116
2 0.5648531570312499 0.5114474409722223 0.11616717812499999 0.13860364305555556
2 0.643987174609375 0.49966613055555553 0.06549022109374994 0.07068785555555558
2 0.6716645890625 0.5024382048611111 0.028846882812499964 0.05405542083333338
3 0.7240306453467836 0.48649878472222224 0.08576100390625001 0.08316218333333336
2 0.060812348046875006 0.42135507361111113 0.04521943828125 0.049897311111111106
2 0.12279416445312501 0.4289782736111112 0.04599908359375001 0.051283347222222234
2 0.26313035234375004 0.39155529027777775 0.013253971874999992 0.026334691666666684
2 0.29158741289062495 0.3887832166666666 0.02962652890624997 0.0346509083333333
2 0.408924059375 0.6140141361111111 0.2752148578125 0.3908622722222223
8 0.332128978515625 0.2779003027777778 0.009355746093750028 0.04851127500000001
8 0.24130027929687498 0.31809535972222225 0.01169468359375001 0.03187883888888889
8 0.317705537109375 0.28205841249999997 0.010135391406249994 0.03742298333333333
8 0.48338020390625003 0.4047226368055555 0.007796456250000005 0.041581093055555525
8 0.82174634609375 0.3548253243055556 0.02183007343749992 0.0526693819444444
8 0.39450061796874997 0.4158109284722222 0.007796454687499965 0.019404512500000002
8 0.038982274609375 0.27512823125 0.00935574609375 0.02079054861111109
8 0.796797690234375 0.36937870833333336 0.023389364843750027 0.026334694444444452
9 0.43036431054687496 0.31185819513888885 0.051456602343750026 0.01663243472222224
9 0.79445875390625 0.17117549791666667 0.04833802031250008 0.09009236527777777
9 0.796407867578125 0.33819288819444443 0.03040617421874998 0.03326487361111109
2 0.862287911328125 0.5287728965277777 0.051456602343749935 0.042967129166666736
2 0.835000319140625 0.5301589333333333 0.043660147656250106 0.03465091111111115
2 0.877101175390625 0.4934289680555556 0.02338936328125012 0.03603694722222228
2 0.860338798046875 0.4906568951388889 0.010135391406249994 0.03326487361111106
2 0.482990380859375 0.29106765 0.017931846093750002 0.013860366666666638
8 0.46661782578125005 0.4019505638888889 0.013253973437500033 0.049897311111111106
2 0.8544914562500001 0.4781825673611111 0.012474326562499981 0.01940450972222215
2 0.9648112933593751 0.5114474409722222 0.017931846093750002 0.01940450972222223
2 0.9788449121093749 0.5086753680555556 0.017931846093750002 0.024948655555555553
2 0.334857737890625 0.39294132708333335 0.008576100781249974 0.015246401388888841
2 0.3410949015625 0.39155529027777775 0.008576099999999975 0.012474327777777777
