2 0.26129682460937503 0.5171458138888889 0.017937996093749974 0.04039371388888892
4 0.29777075078125004 0.5192717972222223 0.05740159062500001 0.11692916666666661
2 0.22362702968750003 0.5397875694444445 0.062185056250000016 0.09992128611111113
2 0.17220477109375001 0.5365985930555556 0.05740159062500001 0.080787425
2 0.1339370453125 0.5270316618055555 0.031092529687500002 0.05314962083333331
2 0.094473451171875 0.5164017368055555 0.04544292578125 0.06590552916666666
2 0.04065946015625 0.5302206388888889 0.0813189203125 0.10204727222222224
8 0.126761846875 0.4526221909722223 0.011958665625000009 0.014881893055555493
8 0.5089233984375 0.38416547152777775 0.010927225000000007 0.035291329166666684
8 0.52677918203125 0.49407889652777776 0.008371065625000007 0.02551181805555558
8 0.23694598984374998 0.4698426493055555 0.009566931250000011 0.012755909722222233
