2 0.6114533437140549 0.4441622577620811 0.011422910045202262 0.018467258904940564
2 0.6247725095467423 0.4475033089883588 0.015853371531515403 0.024418967043140408
2 0.6405678528727576 0.4486581186130142 0.025236188004484638 0.036322384708428815
2 0.6601996125813472 0.45099734728610846 0.025220088101744677 0.055332322219905763
2 0.7105155421326187 0.45823207383876696 0.07375230703125002 0.08741014027777776
2 0.7728696675114056 0.47505082910162205 0.09697062578125007 0.09712238055555554
2 0.8573705761718751 0.49532414027777777 0.10789689453125 0.1553958083333333
2 0.9550240945312499 0.5123205583333333 0.08741014218749985 0.16025192777777772
2 0.5760573779218472 0.4470953480245713 0.014657194318180532 0.019970833354009128
2 0.5541552048129817 0.4558107022294987 0.016710744599275885 0.027807746125664244
2 0.5278222283537886 0.46291722068679836 0.022296012738051908 0.04202078304026355
2 0.5063309120544937 0.4649733951388889 0.0314130203125 0.050989248611111135
2 0.4777619862187777 0.47111932992118677 0.03245976693221788 0.05404263840068558
2 0.4430621973510533 0.4766762314784254 0.05655528950238109 0.0776718144107844
2 0.3751227811301069 0.488372378316119 0.06771471488589986 0.12218625266070499
2 0.29000003754690507 0.5116659665928236 0.11714938827820913 0.1782487871571802
2 0.11831099375000001 0.525674882638889 0.23662198750000002 0.20638505694444445
9 0.4805805437151463 0.3909175826388889 0.014691209444707453 0.01456835694444444
9 0.5202326856164017 0.36159176525940234 0.025595253095709137 0.013578201677360567
9 0.360908283203125 0.38484743194444443 0.03004723828125 0.053417311111111115
9 0.802739237109375 0.3326441520833333 0.028681452343750014 0.05098924861111109
9 0.6897915905266373 0.39027116905111037 0.012228502183612289 0.014124367333931945
9 0.6650671524169252 0.3841615338888832 0.01365783437500001 0.019453925733100636
8 0.63474786953125 0.36785101458333336 0.009560484375000034 0.03399283194444445
8 0.608115091796875 0.40791399791666666 0.008194700781250041 0.026708654166666672
8 0.5719218296875 0.40912802708333335 0.009560484375000034 0.029136712499999995
8 0.541874593359375 0.3642089277777778 0.012292052343750016 0.03156477777777778
8 0.49953530546875 0.4212683263888889 0.009560484375000034 0.024280594444444463
8 0.672306915625 0.4115560861111111 0.010926268750000023 0.024280594444444463
2 0.49465810579025843 0.4712938016161753 0.019098768353992844 0.04421833706764239
2 0.5434118087586268 0.46142363709214795 0.015989666528924307 0.037111818610342656
2 0.6779174667734036 0.45813356618608464 0.020875397968317787 0.055272921334552985
