8 0.5493678657024006 0.1874013173611111 0.013948460782698735 0.05861842361111109
8 0.302550976953125 0.12345394652777777 0.011990132031250012 0.06927631527777778
8 0.5616010824223576 0.18989445165664662 0.010517972657215324 0.05294679497995991
8 0.3215353515625 0.1270065798611111 0.009991776562499988 0.055065790277777776
8 0.461919809375 0.34638158194444446 0.006994243749999995 0.021315788888888874
0 0.929035355078125 0.3890131597222222 0.043963814843749914 0.20605263333333332
9 0.698724909765625 0.13677631805555557 0.03097450703124993 0.024868425000000017
9 0.682238478515625 0.20694079027777776 0.04396381640625 0.030197369444444455
9 0.6837372441406251 0.27355263194444446 0.02298108671875001 0.014210527777777789
0 0.14268255429687499 0.41121710694444447 0.023980263281250004 0.09059210555555555
2 0.4370966007549401 0.3756907923611111 0.014987664843750003 0.040855265277777754
2 0.41381626318548737 0.3794392176188477 0.040925860745974686 0.07179624310687373
2 0.40014505142676954 0.40029494815191086 0.03972411191684375 0.06874778797048822
2 0.316416655078125 0.4169300154339681 0.13388980234374998 0.16596528920126963
2 0.459798645703125 0.3748026333333333 0.010990953906249957 0.01776315833333331
2 0.47528589882812505 0.37480263541666664 0.011990132031249967 0.02486842083333332
2 0.48427849765625003 0.3739144756944444 0.009991776562500032 0.023092101388888942
2 0.49576904023437496 0.37569079027777785 0.014987664843750003 0.019539472222222225
2 0.5142538265625 0.3756907923611111 0.009991776562500032 0.026644734722222237
2 0.530240668359375 0.37657894861111113 0.023980263281250025 0.035526313888888855
2 0.54822586640625 0.3756907923611111 0.009991776562499943 0.044407893055555585
2 0.5746661430895017 0.38857288518954386 0.05224144498122074 0.10669054111887483
2 0.6731230703125 0.43963816041666665 0.19983552812499994 0.2469078958333333
2 0.04114321640625 0.6083881611111112 0.0809333890625 0.32861842222222226
2 0.045800842578125 0.44763157986111113 0.09160168515625 0.1918421069444444
2 0.17235814140625 0.40470395416666666 0.0349712171875 0.06217105277777774
2 0.9265374109375 0.3845723715277778 0.12289884999999998 0.09059210694444443
2 0.8560953871093749 0.38457237083333334 0.10391447421874993 0.10125
9 0.201634034765625 0.0914802638888889 0.08193256484375003 0.033749999999999995
0 0.196911184765625 0.41245203055555557 0.017546541406249984 0.055455736111111126
