8 0.42320909843750004 0.16630439027777777 0.0060029656249999345 0.023122536111111123
8 0.46272862578125 0.209881475 0.0050024734375000435 0.017786563888888867
8 0.488241230859375 0.17697632777777778 0.00800395390625006 0.01956522222222221
9 0.08404152382812499 0.1298419298611111 0.05402669453125001 0.04980238472222221
9 0.35017301367187503 0.20009886458333337 0.01200593203125 0.01600790972222224
9 0.34867227148437496 0.21699610277777776 0.009004447656249992 0.014229252777777764
9 0.45422442343749997 0.21699610277777776 0.012005931249999957 0.014229252777777764
2 0.129564015625 0.24545460694444443 0.08504201875 0.05335970000000003
2 0.187092438671875 0.2507905756944444 0.034016807031250006 0.032015818055555555
2 0.23161443671874998 0.24812259097222222 0.03501730156249998 0.033794473611111105
2 0.25720653737375293 0.2526442952630574 0.032174812247505756 0.03186569558499631
2 0.37968759453125 0.2463439354166667 0.01500741562500001 0.01600790972222224
2 0.44822145625000004 0.24901192222222224 0.006002965625000023 0.017786569444444407
2 0.464729613671875 0.2463439354166667 0.009004449218750033 0.012450595833333328
2 0.48123777109375 0.24901192013888887 0.01400692187499999 0.021343879166666666
2 0.6067998082031251 0.26946647083333336 0.02901433515624996 0.03023716111111112
2 0.635313895703125 0.28047630126742107 0.058028671093750005 0.0686918252429357
2 0.6843381187500001 0.2890316951388889 0.07003460312500005 0.07292492361111111
2 0.019509639453124998 0.2563044090277778 0.013006425781249997 0.023122534722222258
2 0.45672565859375 0.25345856180555554 0.013006426562500017 0.01600790972222224
2 0.43771626601562497 0.25345856319444443 0.01300642578125002 0.019565220833333345
2 0.413704402734375 0.25256923541666665 0.017008402343750006 0.02490119583333331
2 0.49024221953125 0.25345856319444443 0.012005931250000046 0.019565220833333345
2 0.483739006640625 0.25167990625000003 0.009004449218749943 0.019565220833333345
2 0.810200307421875 0.3849012784722222 0.37818685546874997 0.4425297458333333
9 0.56227781015625 0.2232214 0.014006920312499994 0.00889328611111111
0 0.3999425416861434 0.25554932982134715 0.008704110818332778 0.033639075626407014
0 0.4972015190909927 0.26126797267783636 0.007190352415144563 0.03700298318904771
2 0.2978925175493159 0.24680317015848133 0.017408221636665687 0.02556569747606932
