2 0.37111790859375005 0.4031247229166667 0.04086911250000003 0.04921871527777778
8 0.5711788066406249 0.28300761736111113 0.007910150781250014 0.03046872916666668
8 0.584691980859375 0.28535136597222227 0.00922850859374993 0.035156226388888906
2 0.5438228683593749 0.3978512895833333 0.011865225781250021 0.03046872916666664
2 0.5247066703125001 0.40371066041666664 0.031640603124999965 0.07031245138888885
2 0.487792633203125 0.43417938888888885 0.07119135703125004 0.11718741944444441
2 0.55107383984375 0.40839815625 0.013183584375000024 0.04218747083333341
2 0.574145112890625 0.4166012763888889 0.04614254609374999 0.06796870277777774
1 0.495702784375 0.4330075145833333 0.03427732031249997 0.18515612361111108
7 0.49306606718749996 0.48925747638888895 0.015820301562499937 0.13828115555555556
2 0.93306820625 0.4248043958333333 0.08041986718749997 0.11718741944444441
2 0.625890683203125 0.40839815625 0.03559567890624997 0.07031245138888885
1 0.6285274 0.3931637923611111 0.022412093749999952 0.05859370972222225
2 0.66906692265625 0.4423825083333333 0.10415031875 0.15234364444444448
2 0.802385923046875 0.5044918402777778 0.2653196414062499 0.31874978055555553
2 0.9652267402343749 0.5332027402777778 0.06855463984375003 0.3960934777777778
