9 0.40821321601562505 0.25476544305555554 0.019775377343750032 0.035156224999999985
9 0.31197304921875 0.18796861458333333 0.04350582968750003 0.05624996249999999
9 0.21639205937500003 0.25124982013888886 0.015820301562499983 0.0374999736111111
2 0.24210004921875 0.29460916388888886 0.0250488109375 0.030468724999999985
2 0.213755341796875 0.2922654173611111 0.03164060390625001 0.03046872916666668
2 0.173545408984375 0.2969529138888889 0.03559567890625 0.035156224999999985
2 0.4982085883358357 0.330796841600649 0.03585427032735824 0.0696445803396861
2 0.4622659136718751 0.2864060465277778 0.019775377343750032 0.018749987499999992
2 0.43853546132812493 0.2969529138888889 0.01713866015625003 0.021093736111111108
2 0.4616067339843751 0.3543747506944444 0.07119135703124994 0.10781242638888888
2 0.3297708875 0.3473435041666667 0.17666003437500005 0.253124825
3 0.10433158945312501 0.3215622715277778 0.13710928046875 0.13124990972222225
2 0.0180339453125 0.2958216826388889 0.036067890625 0.02946085972222221
