6 0.561001916015625 0.6351414673611111 0.12964944296874997 0.1542362652777778
2 0.82761186171875 0.6429399284722221 0.3431323625 0.36739424583333335
2 0.07750489251097797 0.6320895110222329 0.15500978502195595 0.13829046148751625
2 0.37968765546875 0.5770862444444445 0.05361443281250002 0.07278565277777777
2 0.17546541132812501 0.6013481298611112 0.02924423515625001 0.07278565138888896
2 0.198860800390625 0.5935496659722221 0.035093082031249986 0.06065470972222226
2 0.22956724804687498 0.5918166729166666 0.028269427343749997 0.03292684027777774
2 0.240777537890625 0.5840182131944445 0.03119385078125001 0.03812581805555561
2 0.262223310546875 0.5796857333333334 0.02534500390625003 0.029460858333333402
2 0.50543786796875 0.6013481298611112 0.14719598437499998 0.18369712361111104
2 0.43281468320312494 0.5710207756944445 0.04484116015625004 0.03639282638888888
2 0.35074836817754074 0.5789582515274292 0.020470965624999993 0.03639282638888888
2 0.3342413607210989 0.5731308415228956 0.015311081163275819 0.026563674527737488
2 0.32948505156249996 0.5476253840277778 0.017546542187500024 0.020795901388888892
2 0.26758475312499996 0.5502248743055556 0.01072288750000001 0.012130943055555498
2 0.267584753515625 0.5328949548611112 0.00877327109374999 0.015596926388888871
2 0.14578301210398234 0.6081468549935466 0.05166992834065194 0.09267780797609014
