2 0.4673446390625 0.4001103583333333 0.011958664062500013 0.017007880555555566
2 0.43864384453125 0.40223634166666666 0.011958665625000009 0.017007877777777795
2 0.42548931328124995 0.3958583868055555 0.011958665625000009 0.02551181805555558
2 0.41412858124999996 0.40011035763888886 0.013154531249999924 0.02125984583333336
2 0.400974050390625 0.40223634027777777 0.01793799765625006 0.029763788888888913
2 0.38184018671875003 0.4022363423611111 0.022721462499999977 0.03401575972222225
2 0.26069889101562504 0.41442334670493103 0.04783465859375 0.06817004828892337
2 0.09260118207274273 0.4173989751592032 0.09766831578876077 0.07709693365173985
2 0.356487794140625 0.4054253013888888 0.025113196093750022 0.03614174166666662
2 0.20554092015071324 0.4209587755640622 0.07716053469857356 0.08931891779479094
2 0.44921228789062495 0.40393712083333333 0.008371064843750008 0.017007880555555566
2 0.49824281328125003 0.39968515 0.013154531250000013 0.017007877777777795
2 0.48596276601562494 0.40351192916666667 0.010120032031249959 0.017007877777777795
2 0.4798639484375 0.37733730277777777 0.005575535937500042 0.014081524999999968
8 0.48694376328125 0.38226429861111105 0.006006354687499993 0.017833824999999987
2 0.29474041015624997 0.4008050083333333 0.02145126718750001 0.027457622222222255
2 0.32005290546875004 0.4046185673611111 0.024025418750000017 0.028983045833333342
2 0.338071969921875 0.39775416180555556 0.010296608593750011 0.018305081944444464
0 0.761434172265625 0.4431355097222222 0.04290253359374994 0.13576268611111114
0 0.80304963046875 0.2562711375 0.006006354687499993 0.027457622222222255
