8 0.352974384765625 0.49482225416666664 0.008003953906249972 0.028458505555555607
8 0.49604507187499997 0.48948628472222216 0.008003953124999973 0.024901191666666732
8 0.36848204765625 0.5624112034722223 0.005002471875000003 0.021343876388888895
9 0.493043590625 0.5215021048611111 0.026012853124999947 0.017786568055555563
2 0.35997784570312497 0.6104349319444444 0.01200593203125 0.028458502777777835
2 0.344691983203125 0.6139922458333333 0.024568757031249965 0.03201581944444448
2 0.46670271718749995 0.6165830347222223 0.0293587890625 0.07277053333333336
6 0.499546805078125 0.635336125 0.02901433515625005 0.06758894999999998
1 0.498546309375 0.6122135895833334 0.021010381249999988 0.07470357638888893
2 0.415005033984375 0.6362254534722223 0.10004943359374999 0.16541506250000004
4 0.2412763015625 0.5554509506944445 0.1928094734375 0.3169096180555556
2 0.799002076171875 0.7159746020833334 0.3878062414062501 0.4458620097222221
2 0.038418976171875 0.7989725277777778 0.07683795234375 0.2774704250000001
