9 0.96946683359375 0.19585294027777778 0.06106633281249998 0.1599525
9 0.9786547593750001 0.3003552409722222 0.04269048125000001 0.03199050416666667
9 0.1477686125 0.5360185916666667 0.02279323125000001 0.04691940000000001
2 0.340311434375 0.592535142361111 0.00959715000000001 0.01492889861111111
2 0.32951464062499997 0.5936014930555555 0.01199643749999999 0.017061600000000017
2 0.31451909375 0.59360149375 0.015595368749999982 0.02559240138888891
2 0.301323012890625 0.5968005444444444 0.01319608203125 0.01919429999999996
2 0.2929062470732087 0.6035649220303448 0.022754709771417404 0.03272305517180069
2 0.2817162348573096 0.6074774799022031 0.02039394453125003 0.03199050000000001
2 0.26113494765625 0.6081839025736908 0.026392165625 0.0447866986111111
2 0.20672843048667797 0.6172930875916479 0.07113352972335592 0.09003719462774021
2 0.3619050234375 0.5925351416666668 0.023992876562499977 0.04052130277777771
2 0.385897898046875 0.5914687930555556 0.014395725781250012 0.02132700000000006
2 0.39609486914062497 0.5989332444444445 0.01079679453125002 0.023459700000000003
2 0.403892554296875 0.5999995944444444 0.016795013281249993 0.025592399999999946
2 0.41768845703125007 0.6031986423611111 0.020393943749999987 0.04052130138888891
2 0.4427564034060138 0.6077832875115231 0.043327831260375406 0.055368830088244184
2 0.7531326253906251 0.6063976930555556 0.15326692109374998 0.09810420277777783
2 0.95492430703125 0.8115668222754313 0.09015138593749991 0.329295663995307
2 0.964068437109375 0.6127957895833334 0.07186312578125005 0.14075819861111113
2 0.8969461359374999 0.6053313416666667 0.10556865156250002 0.0874407027777778
2 0.24507672641421446 0.6139218746169315 0.016689186395151177 0.06428427352206383
