2 0.59885137109375 0.5699997993055556 0.09070309375 0.13499995138888893
2 0.7409177101562501 0.5637498125 0.06222654218750003 0.06749997500000002
2 0.7206112772123532 0.545495884577572 0.039109371449537814 0.06531402654604901
2 0.645644327734375 0.5412498215277778 0.022148430468750036 0.03749998749999995
2 0.695741966015625 0.5374998229166668 0.021093744531250014 0.022499995833333328
2 0.017402337890625 0.5432498152777777 0.03480467578125 0.09774996111111113
2 0.47337875039062494 0.5356248222222222 0.03691404765625004 0.037499986111111064
2 0.5363084054687499 0.5309373236111111 0.02425780468750007 0.028124988888888917
2 0.36931628203125 0.5374998215277778 0.02425780468750003 0.026249993055555542
9 0.04060545546875 0.35531237430555557 0.0769921609375 0.12187495694444439
9 0.3346873859375 0.38968736805555554 0.01898436874999998 0.024374994444444395
9 0.33064441484375 0.4084373638888889 0.024257804687499985 0.016874991666666655
2 0.328610377734375 0.5391560652777778 0.030435255468750012 0.026437502777777726
9 0.740917708984375 0.45093734444444444 0.01792968203124996 0.02249999166666667
8 0.664452893359375 0.5006248229166667 0.009492185156249989 0.020624993055555527
8 0.702421628515625 0.4959373277777778 0.01265624453125005 0.018749997222222228
9 0.5405271554687501 0.4884373284722222 0.022148429687500037 0.022499990277777788
9 0.643359148828125 0.5090623243055555 0.012656244531249961 0.018749995833333345
2 0.062753884765625 0.5368123201388889 0.053789044531249997 0.06937497638888893
2 0.39445298828125 0.5362498118055555 0.01687499531250003 0.022499990277777788
2 0.5558201171875 0.5315623145833333 0.014765618749999997 0.02437499305555559
9 0.765491940625 0.44062484444444444 0.023203115624999972 0.026249994444444428
3 0.080683565234375 0.5180355347222222 0.09386715390625 0.0787499722222222
9 0.27896474570312496 0.4671873319444444 0.032695302343749996 0.07312497499999995
8 0.36361849765625004 0.4559141867974969 0.0208762921875 0.017939820849450585
