3 0.29468583593750003 0.38862769583333334 0.2923910671875 0.46745174722222216
2 0.115359660546875 0.5297981236111111 0.09781427890625 0.2038089638888889
2 0.5301858976562499 0.44533543611111115 0.004015829687500005 0.01618551944444443
2 0.527986747265625 0.44501406388888887 0.008414130468749993 0.009349038888888907
2 0.519572616796875 0.4450140631944444 0.01051766484375003 0.01682826527777779
2 0.5122102507812499 0.4459489659722222 0.010517664062499942 0.02243768472222219
2 0.5001149371093749 0.4459489659722222 0.01577649609374996 0.02243768472222219
2 0.4806636942433422 0.4479911959995042 0.021924383272429893 0.03400136977678617
2 0.46014781171874997 0.4512462400357697 0.026294159374999994 0.044875368055555497
2 0.44647485 0.4595042937342101 0.02839769375000003 0.044875368055555497
2 0.553229141796875 0.4321735566029141 0.03786359140624995 0.0921168243169394
2 0.5716350542968749 0.4459489673611111 0.05574362109375004 0.08975073750000004
9 0.6536728359375 0.22157212777777777 0.03260475781249994 0.022437683333333347
9 0.9429086019531251 0.2112881902777778 0.01893179453125011 0.06918285833333332
