2 0.48502383632812496 0.4672280104166666 0.012292052343749926 0.02428059583333327
2 0.47000021796875 0.4635859208333334 0.023218318750000043 0.04613313055555553
2 0.4495134652343751 0.4696560694444445 0.031413019531249996 0.08255402222222222
2 0.325910061328125 0.4720841277777778 0.04370507109375001 0.07284178611111108
2 0.38873609960937505 0.5157892 0.12018894609375001 0.16996416666666664
3 0.7889106574218749 0.4393053236111111 0.41792974296874996 0.8765294833333334
2 0.239182809765625 0.4647999520833333 0.03687615234374997 0.02428059583333335
2 0.1838685796875 0.4672280104166666 0.060094473437500004 0.03399283472222226
2 0.10397024609375001 0.46965606875000004 0.03141301875000001 0.029136712499999995
2 0.0438757734375 0.47815427638888885 0.03141301875 0.026708652777777786
2 0.28083920742187496 0.4611578611111111 0.027315669531249975 0.026708655555555558
4 0.504827694140625 0.4490175631944444 0.030047235156250008 0.06070148749999996
8 0.5594590351562501 0.4016704027777778 0.010926268750000023 0.024280594444444463
8 0.590872055078125 0.40288443194444445 0.010926267968750025 0.02185253611111114
9 0.349811271875 0.43202114722222223 0.020486751562500016 0.036420894444444386
9 0.40853996054687497 0.42109487777777777 0.015023616406249917 0.02913671388888888
9 0.5259973398437501 0.4441614451388889 0.015023617187500005 0.021852537500000026
9 0.492535644921875 0.40531249166666666 0.010926267968750025 0.016996416666666726
