8 0.40893189140624997 0.32441604652777783 0.014622117187500016 0.07278565416666669
8 0.39089794609375 0.3200835666666667 0.015596925000000006 0.07451864444444445
8 0.6453227937499999 0.5401735152777778 0.007798462500000003 0.036392825
8 0.351418228515625 0.5237100944444445 0.004874039843749988 0.017329916666666712
8 0.41770516171875 0.5332415486111111 0.004874039062499946 0.022528891666666655
9 0.46644555468750004 0.5455521909874225 0.008773271874999988 0.01870350969182171
9 0.66238193125 0.4985817138888889 0.018521348437499974 0.07798462777777779
2 0.380175059765625 0.5618359118055556 0.027294619531249963 0.038125818055555524
2 0.3597040953125 0.5609694166666667 0.009748078124999981 0.022528891666666655
2 0.35093082460937497 0.5592364243055556 0.011697694531250002 0.025994876388888834
2 0.34215755390625 0.5661683916666667 0.009748078125000026 0.01906290833333336
2 0.3347195092924258 0.5676756324920903 0.0116976953125 0.02426188472222219
2 0.3190642338817821 0.5732353274031905 0.018150677138564265 0.029730793695269854
2 0.224205804296875 0.5826318131944443 0.023395388281250006 0.051989751388888866
2 0.208608879296875 0.5834983090277778 0.019496157031250027 0.060654709722222186
2 0.15938108281250002 0.5912967715277778 0.09065712968749999 0.09704753750000003
2 0.27211002209007285 0.5934768823883091 0.07097137263544266 0.09561123713424344
2 0.42794064453124997 0.5756998458333332 0.011697695312499956 0.02079590000000001
2 0.44597458945312507 0.5895637798611111 0.012672502343750036 0.034659834722222234
2 0.45377305234375004 0.5938962597222223 0.01852134999999997 0.03292684444444447
2 0.4654707464843749 0.6051607048611112 0.014622117968750015 0.045057784722222195
2 0.4835046914062501 0.6068936972222222 0.019496157812500046 0.041591802777777784
2 0.494227577734375 0.6146921604166667 0.02144577265625003 0.04679077638888892
2 0.510115418209742 0.6242043196962641 0.03646086826801591 0.05850464582887543
2 0.530463160368586 0.6345873593811497 0.03823113650371859 0.06593131555552152
2 0.5622286026986105 0.6488148648519105 0.07556396320972088 0.09129882561625145
2 0.3299416657881932 0.5746450940002625 0.009370885353070558 0.017940840334083833
