2 0.015460842578125 0.4077335215277778 0.029896660156249998 0.0786614375
2 0.0776459 0.3620248486111111 0.08012305312499998 0.059527575000000055
2 0.118903293359375 0.38009572222222215 0.07175198828125001 0.06590553333333331
2 0.21066237773437502 0.39429900763888887 0.07957245546874998 0.08580816527777778
2 0.255232072265625 0.380399425 0.016742132031250013 0.04464567777777783
2 0.28572666640625 0.3793364347222222 0.03707186093749999 0.042519697222222264
2 0.33774685781249997 0.3633915472222222 0.023917329687499978 0.040393716666666656
2 0.37302491875 0.36126556388888886 0.017937996875000018 0.027637802777777765
9 0.402921580859375 0.25041064027777776 0.022721463281249975 0.014881894444444457
9 0.275561801171875 0.17994942152777776 0.10523624921875001 0.11267719583333334
9 0.359870387890625 0.19376832361111113 0.02989666171875003 0.0510236361111111
9 0.657043206640625 0.28943763958333335 0.016742132031250013 0.012755909722222193
9 0.6564452722656251 0.3106974909722222 0.010762796093750016 0.021259848611111132
8 0.5207144277343749 0.312823475 0.011958663281250014 0.017007877777777795
8 0.554796623828125 0.3255793840277778 0.008371067968750001 0.01700787916666668
8 0.5637656214843749 0.15550059652777778 0.014350397656250014 0.02551181805555556
8 0.817887246875 0.163935925671586 0.017937996875000018 0.059390359676505335
8 0.8310417769531251 0.16294154375 0.010762796093749926 0.05314962083333333
8 0.47287976914062496 0.31312719305555553 0.014350397656250014 0.017007877777777757
8 0.45494177226562493 0.3240608291666667 0.009566932031250008 0.012755908333333307
9 0.172717283984375 0.20622049930555558 0.04305119453124999 0.06377954861111113
9 0.164346219140625 0.0824578375 0.06457678984375 0.06590553055555556
9 0.167335885546875 0.14517439236111113 0.046638792968749995 0.029763790277777778
9 0.162552419921875 0.015185603472222222 0.05620572421874999 0.030371206944444444
9 0.27257213515625 0.26240726875 0.022721462500000022 0.012755909722222233
8 0.265396936328125 0.29718231111111115 0.02032973046875002 0.023385833333333314
8 0.29469566562500005 0.3064455208333333 0.011958665624999965 0.012755908333333347
2 0.41189057890624997 0.35746915625 0.026309060937499983 0.02551181805555558
2 0.4364058421875 0.3494207916666667 0.017937996875000018 0.025815530555555535
2 0.45494177226562493 0.3492689361111111 0.019133863281250017 0.021259850000000018
2 0.451354171875 0.3705287854166667 0.019133860937500025 0.0297637902777778
3 0.480652901171875 0.3450169659722222 0.02989666171875003 0.04251969583333338
2 0.480054967578125 0.3949776118055556 0.047834658593749954 0.07015749583333333
2 0.51951856171875 0.3917886326388889 0.028700795312500027 0.03826772916666662
2 0.5105495644531249 0.3705287840277778 0.013154533593750007 0.01700787916666668
2 0.501580564453125 0.3503319277777778 0.014350397656249925 0.023385833333333356
2 0.55958008828125 0.4007481111111111 0.04903052500000005 0.08291340833333333
2 0.603229213671875 0.4353713256944444 0.08131891796874999 0.10842522638888884
2 0.62953827734375 0.3885996618055556 0.06218505625000006 0.06590553472222219
2 0.67677500234375 0.3917886354166667 0.03946359218749995 0.04677166527777775
2 0.7066716640624999 0.39497761388888886 0.02511319375000003 0.027637802777777724
2 0.752114590625 0.3917886381944445 0.07055612187499997 0.05527560972222219
2 0.820278980078125 0.44600125069444435 0.11121558203124993 0.09566931805555556
2 0.715042730078125 0.5055288243055556 0.1997097007812501 0.20196855972222225
0 0.8394128433593749 0.38541067847222227 0.017937997656249927 0.02976379027777772
0 0.7975575171875 0.3825254125 0.013154531250000013 0.03188977222222225
0 0.789186452734375 0.37933643680555557 0.008371067968750001 0.0297637902777778
0 0.88007230390625 0.39740730625 0.013154529687500017 0.057401595833333374
0 0.8908351015625 0.40484825347222225 0.015546264062500014 0.07653545416666666
0 0.89177471484375 0.4060630715277779 0.011958665625000009 0.07228348194444444
0 0.9063813652343751 0.40742980000000006 0.010762796093749926 0.07866143888888888
0 0.946727621484375 0.4212993229166667 0.02152559609375011 0.09566931527777779
9 0.364903702734375 0.2689370826388889 0.014350397656249968 0.03614174305555555
8 0.8546110230468749 0.24874022638888887 0.017937997656249927 0.04677166666666667
8 0.852219290234375 0.32102371041666666 0.03468012734374994 0.021259845833333322
