2 0.8705034062500001 0.6403404416666667 0.2573492703125 0.44884485555555564
2 0.694550589453125 0.5597563270833333 0.09260674453125003 0.10051351805555556
2 0.6029186527343751 0.5658217986111111 0.06921135703125003 0.08491659444444437
2 0.49520238632812497 0.5493583777777779 0.05069000859374997 0.06585368333333332
2 0.3635350703041208 0.5603145444577796 0.09176845001675833 0.11549388891555926
2 0.223230996875 0.5606228229166667 0.1325738671875 0.12997437916666665
2 0.09914171441881478 0.5668950200769037 0.14106336119711121 0.12089596817952585
2 0.3218600822281962 0.5458923930555555 0.04323853164389231 0.07971761944444443
2 0.28464389140625 0.5432929055555555 0.02729461875000001 0.07451864444444449
2 0.43281468320312494 0.5424608947050175 0.046790775781250016 0.07632060607670152
2 0.553203452734375 0.5484918819444444 0.028269427343750042 0.04679077777777773
2 0.5337072953125 0.5424264111111111 0.012672501562499949 0.03812581944444441
3 0.5995068253906249 0.5172980298611112 0.040941930468749985 0.025994876388888914
2 0.45426045624999994 0.5432929062499999 0.007798462500000003 0.04332479305555555
2 0.46742036210937493 0.5415599145833334 0.016571733593749992 0.03639282638888888
3 0.462477264453125 0.5069089743055555 0.028131310156249967 0.02944307083333331
2 0.4707300344952682 0.49302504481220444 0.016499225240536486 0.019779776468327348
2 0.484966903125 0.5051670888888888 0.010722885937499971 0.012130944444444462
2 0.487891326953125 0.49043665833333333 0.010722886718750057 0.010397950000000043
2 0.5076980299206367 0.4933698876016962 0.009319979970404102 0.0106130438314893
2 0.497152001171875 0.48263819722222223 0.007798461718750005 0.01906290833333328
2 0.5242788673309468 0.5315249668666272 0.01430501691012962 0.033201767643263796
2 0.6422793589808589 0.5569561080401909 0.02543114117356371 0.058632908816827485
