8 0.06397885625 0.22535439166666665 0.02272146406250001 0.06803151388888892
8 0.5895621703125 0.03507875 0.021525596875000018 0.06803151388888888
8 0.571026240625 0.03720473472222222 0.017937996875000018 0.06803151388888888
8 0.609293968359375 0.038267727777777774 0.015546263281249927 0.07440946944444445
9 0.2874065796875 0.33059064236111113 0.014350398437500012 0.03614174305555555
9 0.573617309765625 0.33236229375 0.019133864843750015 0.06803151805555553
9 0.77571874296875 0.2799213381944444 0.021525595312500024 0.0212598513888889
8 0.7512034804687501 0.3373229305555555 0.02272146406249993 0.034015758333333326
8 0.429913997265625 0.4060631055555555 0.013154530468749925 0.012755911111111119
2 0.41974913242187506 0.42838594583333334 0.011958664843750012 0.019133863888888904
2 0.41078013281250003 0.43370090833333336 0.010762798437500009 0.021259850000000018
2 0.39702766914062504 0.43157492152777777 0.016742130468750015 0.034015756944444475
2 0.38447107070312503 0.4305119291666667 0.01793799609375002 0.04889765277777782
2 0.37430620625 0.4379528763888888 0.023917329687500023 0.0637795472222222
2 0.36115167421875 0.4390158680555555 0.02630906249999998 0.06590553055555554
2 0.444663028125 0.4273229534722222 0.010762798437500009 0.02551182083333335
2 0.451838228125 0.43051192986111114 0.010762798437500009 0.027637801388888918
2 0.46260102617187504 0.4347638993055556 0.013154530468750014 0.027637801388888918
2 0.46977622539062497 0.4411418541666667 0.013154530468750014 0.03188977222222225
2 0.48990663828125003 0.4283859451388889 0.035875995312500034 0.0701574986111111
2 0.498277703515625 0.44220484722222214 0.03348426171874994 0.06377954444444443
2 0.513226033984375 0.4517717784722223 0.02989666171874994 0.0701574986111111
2 0.320093598828125 0.44220484722222214 0.07414372109374998 0.09779530277777779
2 0.545315111328125 0.45921272499999993 0.057401591406249966 0.07653545277777778
2 0.9802688332031251 0.47470204722222226 0.03587599453124994 0.05952757499999998
8 0.083710653125 0.2949803965277778 0.019133864062499995 0.03826772638888893
9 0.06397885585937499 0.3141142611111111 0.07055612109375001 0.10417325833333335
