2 0.41491797321077833 0.43555447988124596 0.02261932142155665 0.0346376329527466
2 0.38853099296875 0.4357389104166666 0.034793821875 0.05773196805555558
2 0.24162946806485275 0.47800695625 0.02398051112970547 0.0886598097222222
4 0.48846658164062495 0.4199313402777778 0.024355672656249983 0.04536083333333336
2 0.47083373415378843 0.4332630560123368 0.03702814487007684 0.056354712056253455
2 0.5045103921875 0.4171822055555555 0.011597937499999933 0.020618558333333287
2 0.5161083324218749 0.42439870208333336 0.02783505546875 0.03505155138888891
2 0.5177062180959977 0.43576143979376164 0.02319588046875003 0.047422688888888904
2 0.5394243515971467 0.4445102973738356 0.04529316941710269 0.06189806247710992
2 0.45043259063233165 0.45307741722334655 0.06251472919317243 0.07903228550946509
2 0.31943026746242636 0.48420590510988704 0.14174778548713465 0.20836716955271978
8 0.2400773578125 0.22989694722222223 0.011597939062500017 0.04742268611111113
8 0.43472946445312494 0.24123715486111108 0.010438146093750067 0.04123712361111112
8 0.1722294109375 0.40549835 0.008118557812499993 0.024742272222222222
8 0.42835059765625 0.37560143472222224 0.006958764062500044 0.018556702777777823
8 0.499098033203125 0.36219937291666665 0.006958764843749954 0.016494851388888895
8 0.517654735546875 0.3745705076388889 0.0046391757812499716 0.016494848611111165
9 0.49639183398437503 0.24570450763888887 0.05103093515624994 0.022680415277777755
9 0.66146919296875 0.24054986944444443 0.04871134999999995 0.03298969722222221
9 0.574484643359375 0.32199318125 0.020876292968750043 0.018556701388888895
9 0.668621244921875 0.2797251319444444 0.017396910156249935 0.03298969444444444
8 0.693170240625 0.2797251333333333 0.030154643749999988 0.045360830555555585
8 0.589368678125 0.35189009374999997 0.019716498437499917 0.028865984722222196
2 0.796198584765625 0.4116839256944445 0.09162372578125 0.0865979513888889
2 0.9005800453125001 0.4137457833333334 0.18440724843749995 0.111340225
2 0.9684279957031251 0.3646048777777778 0.03943299609374993 0.06391753888888888
2 0.9881444941406251 0.3728523013888889 0.020876292968750043 0.10515465555555552
9 0.41462635625 0.3817870048611111 0.015077321874999949 0.010309279166666683
9 0.77536335546875 0.24935310277777778 0.05062503437500006 0.047647091666666655
2 0.5399473335906257 0.4088694748957373 0.0267235597152359 0.013240087873486553
