3 0.125395985546875 0.3956002534722222 0.25079197109375 0.7357020319444445
2 0.5369236078125 0.6250518763888888 0.42749022812500004 0.43705071111111105
2 0.850370915234375 0.6167017511534263 0.29774079765625006 0.5411611088042585
2 0.233036784375 0.4514456229166666 0.09560484374999997 0.2452340097222222
2 0.29381414921875 0.44173338333333334 0.09423905937499999 0.13354327222222218
2 0.3491283796875 0.4295930854166667 0.043705071875000015 0.09469432083333335
2 0.6332113421875001 0.4745121888888889 0.15843088281250006 0.23309371388888897
3 0.432441172265625 0.3992423451388889 0.12838364609375003 0.16510804861111114
2 0.3579529666556954 0.3869204357369049 0.0531595426863908 0.05791020758492106
3 0.54443541640625 0.3858880166666667 0.02731566875000002 0.026708652777777706
2 0.511277372265625 0.3813695763888889 0.04567815546874998 0.021177177777777778
2 0.517802639453125 0.4004563736111111 0.05053398828125007 0.016996416666666646
9 0.32112981835937504 0.3312566777777778 0.023218319531249997 0.014568358333333324
8 0.508242154296875 0.35310921180555555 0.0068289179687500475 0.019424476388888893
8 0.26103534453125 0.31061817152777776 0.006828917187500005 0.026708654166666672
8 0.340933678515625 0.3246662430555555 0.0054631335937499696 0.02913671666666665
0 0.72062148515625 0.4687889131944445 0.010926267187500028 0.07041372638888888
0 0.7349622113281249 0.4602907041666667 0.006828917968749959 0.058273430555555526
