8 0.378731306640625 0.22613361805555554 0.0076511367187499955 0.03740556111111112
8 0.38494785703125 0.2269837458333333 0.008607531249999977 0.042506319444444426
8 0.29409059765625 0.32814878611111115 0.006694745312500005 0.020403033333333355
8 0.476283309765625 0.35960346249999997 0.0076511367187499955 0.03230480277777777
8 0.48632542890624997 0.3893578861111111 0.008607529687499938 0.017002525000000032
8 0.093726434375 0.33750017638888885 0.011476706249999991 0.03230480277777777
9 0.18984384921875 0.3757558638888889 0.021997020312499994 0.017002527777777804
9 0.5637931953124999 0.28479233958333333 0.02582258906249999 0.022103284722222227
9 0.5494473125 0.3026449944444444 0.02964815781250003 0.020403030555555545
9 0.45141711328125 0.2184824826388889 0.06312188437500002 0.018702781944444444
9 0.0229534125 0.3800064958333333 0.0229534125 0.06971036388888885
2 0.30413271640625006 0.4654441986111111 0.0459068265625 0.025503791666666664
2 0.26922440078125 0.46799457708333336 0.03156094218750001 0.03400505416666672
2 0.436593033984375 0.4195373743055555 0.05068878515624995 0.06290935416666667
2 0.02056243203125 0.4867823763888888 0.0411248640625 0.07311086944444448
2 0.41172683671875 0.5088856625000001 0.12720016093750003 0.18872805833333337
2 0.646999315625 0.4612785833333334 0.2706589890625001 0.35535282777777777
9 0.0597745125 0.4272735291666666 0.021997020312499994 0.008501263888888942
0 0.35769067890625 0.4446161013888889 0.009563920312499974 0.04250631944444439
