2 0.39539431640625 0.4370507125 0.01775518437499999 0.03884895277777771
2 0.383785157421875 0.4431208618055556 0.02731566953125002 0.05098925138888883
2 0.295692121875 0.4309805631944445 0.01775518437500003 0.026708654166666672
2 0.275888262890625 0.4285525034722222 0.024584102343750035 0.031564773611111166
2 0.250621266796875 0.4334086229166667 0.023218319531249997 0.026708654166666672
2 0.2123793296875 0.44676295000000005 0.061460256250000025 0.05827342777777776
3 0.146821723046875 0.39031056666666664 0.09423905859375 0.1238310361111111
2 0.13862702265625 0.4473699659722222 0.09423905937499999 0.08741014305555553
2 0.049851097265625005 0.45121438888888893 0.08331279140625 0.070413725
3 0.3440408578125 0.4630309520833333 0.08331279218749996 0.12868715416666662
2 0.47037582890625007 0.43632228749999996 0.04916820468749998 0.08498208055555555
2 0.5425654658984793 0.4982378055555556 0.15257397710945853 0.16996416666666664
9 0.313788752734375 0.4054859381944444 0.017755185156249985 0.021852534722222178
