2 0.5005523335937501 0.5049214 0.24977166562499997 0.3592914388888889
4 0.27624515546875 0.3677953770833334 0.11001971562500001 0.1658268180555556
2 0.058679671484374994 0.43640354615292126 0.11735934296874999 0.16869097128755106
2 0.8943885648437501 0.5485040875 0.20927663281250003 0.5272442388888889
2 0.145895710546875 0.40925208194444446 0.12676184765625004 0.14244098611111108
2 0.7174743378812837 0.44007886111111105 0.1984227413875673 0.21685045277777776
2 0.6230464328125 0.40606310416666663 0.07892718593749999 0.1445669722222222
2 0.583665053125 0.35503946666666664 0.02614463437500003 0.04251969722222218
2 0.3766979390625 0.39011821805555563 0.04065945937500004 0.07440946944444443
2 0.40240906874999993 0.43476390000000004 0.05142225781249996 0.17220477222222222
9 0.508841184375 0.30401583125 0.025113195312499937 0.01700787638888887
8 0.328265346875 0.2583071590277778 0.008371065625000007 0.02338583194444447
8 0.3348426125 0.25830715833333334 0.007175198437500007 0.027637802777777803
8 0.34022401171875 0.25937015 0.008371065625000007 0.029763786111111103
8 0.477150721875 0.28913393819444444 0.007175196875000012 0.021259848611111132
8 0.4825321214843751 0.28913393819444444 0.005979330468750011 0.017007876388888912
8 0.4867176546875 0.2880709458333333 0.0047834656250000055 0.023385833333333356
