8 0.405520064453125 0.5285624763888889 0.00974807890624998 0.017329916666666632
8 0.6414235632812499 0.5216305104166666 0.011697693750000049 0.017329918055555598
8 0.654583468359375 0.52249700625 0.00877327109374999 0.015596926388888951
8 0.476681036328125 0.5302954680555555 0.00974807890624998 0.017329916666666712
9 0.519085178125 0.5406934201388889 0.01072288593750006 0.02426188472222227
2 0.41770516210937503 0.57448675625 0.010722886718749968 0.03639282638888888
2 0.40746967968750003 0.5857512041666666 0.013647309375000027 0.04505778611111116
2 0.3908979453125 0.5874841965277778 0.037042698437499987 0.05545573472222224
2 0.3197369734375 0.5952826576388889 0.033143467187499984 0.05718872638888889
2 0.20909628281249998 0.6264765090277777 0.03801750625 0.08145061250000005
2 0.14280934843749998 0.6221440305555556 0.08870751406249999 0.12130941944444444
2 0.256374463671875 0.6533378805555555 0.13842271484374996 0.17676515555555558
2 0.44743680195312496 0.6128254333040097 0.07213578046875 0.109604197163575
2 0.4805802671875 0.5788192361111112 0.017546540624999985 0.04505778611111116
2 0.563986052416779 0.5894215331032393 0.04510544755371297 0.05173742049472775
2 0.6229022140625 0.5930527736978436 0.06823654843749996 0.0804568251734649
2 0.874402637890625 0.6048141131944444 0.2476011929687499 0.25994875694444447
0 0.70771049609375 0.5900836819444445 0.02339538750000001 0.15770224444444444
0 0.6891891472656251 0.5978821465277778 0.025345003906249986 0.14210532083333333
0 0.738904348046875 0.5588898305555555 0.015596925781250003 0.06758667777777774
0 0.724769633203125 0.5606228229166667 0.01852134921875006 0.07451864583333329
2 0.35093082343750004 0.602214625 0.050690007812500014 0.06758667777777774
