2 0.23182888280297384 0.5784066219549304 0.056272039573163735 0.05916689716638904
2 0.2869583697799964 0.5868716333234981 0.05818505085445569 0.05549027053812515
2 0.32273426171874997 0.5806247916666667 0.018984367187499983 0.026249988888888885
2 0.348574095703125 0.5881706474198348 0.028476552343750017 0.0318749888888889
2 0.3712550294753564 0.5877357613406511 0.015820307031250015 0.02536187998480928
2 0.3875975203125 0.5890898030352343 0.01371093124999998 0.018749995833333345
2 0.40495838487342317 0.5871633052241846 0.012739197440653705 0.022720107615207753
2 0.417128759765625 0.5881247881944445 0.009492183593749991 0.011249995833333297
2 0.46722639960937506 0.5974997875 0.010546872656250006 0.01874999444444446
2 0.45720687070312505 0.5965622868055556 0.009492183593749991 0.024374990277777817
2 0.6096091601562501 0.6012497833333333 0.01687499062500004 0.02249999166666667
2 0.6573096964283525 0.6013982928870701 0.028348889955795008 0.024543609109713475
2 0.6789327970263963 0.6230983573687973 0.03810042842779247 0.04362377608808091
2 0.769169699976786 0.6094174842155553 0.026962424596608782 0.029331991766683923
2 0.8110544027343749 0.6059372833333334 0.01687499453125003 0.028124988888888838
2 0.7398578638840185 0.6145874895526169 0.029531240625000076 0.030352034900164426
9 0.21568351796875002 0.4887498249999999 0.024257803124999987 0.04124998611111113
9 0.250488193359375 0.4953123201388889 0.024257803906249986 0.03562498472222223
9 0.321152231640625 0.5262498104166667 0.015820307031250015 0.029999987499999985
9 0.368085809375 0.5224998118055555 0.04640623437500002 0.04499998194444446
9 0.516796694140625 0.5487498034722222 0.021093742968750016 0.03749998749999995
9 0.541054498046875 0.5506248027777778 0.025312491406249915 0.033749991666666625
9 0.6342185308593751 0.5328123076388889 0.05062498203125001 0.061874979166666656
9 0.6769713943640703 0.42031234930555555 0.07832233627185933 0.12562495694444445
9 0.762011451171875 0.43812484305555555 0.0791015335937499 0.11624996111111112
9 0.8437497042968751 0.4549998368055556 0.07593747265625002 0.1349999541666666
9 0.051679670703125 0.5309373097222222 0.01898437109375 0.0393749861111111
9 0.12656245507812497 0.5515623020833333 0.021093742968749996 0.0431249847222222
9 0.18351556132812502 0.5628122972222223 0.021093741406249998 0.03937498333333333
2 0.523124816796875 0.5909372881944445 0.012656246093749957 0.024374990277777737
8 0.892827114453125 0.5742944291666666 0.0076549914062500335 0.016330647222222203
8 0.9544497910156249 0.5790575347222222 0.008420489843750012 0.014969761111111129
9 0.865779471875 0.5382309166666667 0.01913747812499995 0.023135083333333344
2 0.43807917108919003 0.5904766542514024 0.02982014124496022 0.04828022868231664
