2 0.42819045390625005 0.40818211388888886 0.021040628125000006 0.02210328611111107
2 0.35072268671874995 0.4107324923611111 0.040168471874999986 0.03400505416666672
2 0.45544763125000004 0.4030813555555555 0.012433098437499979 0.01870278055555556
2 0.54200112421875 0.4030813555555555 0.015302274999999987 0.01870278055555556
2 0.51071344375 0.40878933680555557 0.01912784374999994 0.02040303194444443
2 0.48776003007812496 0.4070890840277777 0.013389489843750014 0.02040303194444443
2 0.47484873632812497 0.40878933749999996 0.012433099218749976 0.017002527777777804
2 0.5260157187500001 0.4096394631944444 0.01338949062500001 0.015302273611111082
2 0.19121012304687499 0.48918701597222225 0.29361240234374997 0.2856424680555555
9 0.58005187734375 0.36519000555555553 0.02582258906249999 0.01870278055555556
9 0.55327289609375 0.36433987916666666 0.02199702031249995 0.020403033333333317
9 0.498280344921875 0.36433987916666666 0.011476707031249945 0.006801011111111106
9 0.493498383984375 0.3736912694444445 0.021040628906249914 0.011901769444444455
