2 0.34080471953125 0.3344212328535241 0.05394139531250004 0.05844355095961851
2 0.29075909140625 0.3311449826388889 0.050944649999999966 0.07352012083333336
2 0.23202290585937496 0.340495006390481 0.07132251171874997 0.09435118500318428
2 0.1328721078125 0.34736444583333337 0.1295405296875 0.10997753888888889
2 0.539232008984375 0.3192721701388889 0.014983721093750013 0.035161798611111114
2 0.530541451171875 0.3208704333333333 0.01198697578125003 0.03835832500000001
2 0.5164567539062499 0.319804925 0.02217590781249994 0.03835832500000001
2 0.5035707527343749 0.3214031868055555 0.01917916171875005 0.04368587083333332
2 0.49398117187499996 0.32513247083333335 0.026371348437499977 0.03835832500000001
2 0.47869777617187503 0.32353420625 0.023374602343749995 0.04368587083333332
2 0.454124474609375 0.329872364186603 0.03176548671874997 0.03740260773790516
2 0.5772090652980013 0.32193594375 0.048624841278997265 0.0617995236111111
2 0.6160342773437499 0.3075515715277778 0.023374604687499988 0.030899762499999994
2 0.644503347265625 0.3054205513888889 0.01798046484375 0.022375691666666676
2 0.658887719140625 0.3032895354166667 0.016781766406250044 0.022375690277777752
2 0.672373067578125 0.30328953263888886 0.012586325781250008 0.01811365416666667
2 0.6871534328125 0.30207180972222225 0.017381117187500017 0.019179161111111082
2 0.709235691015625 0.32125097152777776 0.028768742968750073 0.04368586805555555
2 0.7410011781250001 0.32338198958333336 0.039557023437499964 0.05860299583333332
2 0.805730852734375 0.33456983472222224 0.09229971953125 0.11081293888888888
2 0.9233938441406251 0.35743143124999993 0.15063050390625002 0.15866714583333333
9 0.8556208239039493 0.18646408055555558 0.048647997807898594 0.07671664999999998
9 0.857368499609375 0.24027228541666665 0.02457330078125004 0.03303077916666667
2 0.042240265625 0.36529436666666665 0.08448053125 0.12705891111111112
