2 0.342615743359375 0.4523032743055555 0.016742132031250013 0.02763780138888884
2 0.32407981601562497 0.4523032743055555 0.015546264843750013 0.02338583472222216
2 0.307935618359375 0.4501772881944444 0.011958666406250007 0.02338582916666662
2 0.28760588671875 0.4459253229166667 0.03109252812500003 0.027637801388888918
2 0.26488442382812505 0.44805130486111105 0.019133863281249976 0.02338582916666662
2 0.249936093359375 0.44592532361111115 0.01315453203125001 0.023385836111111127
2 0.377295871875 0.46399619583333335 0.011958665625000009 0.012755908333333347
2 0.3910483375 0.4682481590277777 0.022721462500000022 0.01700787916666668
2 0.43086945026869544 0.4715340123562462 0.03169369391013781 0.04230217883724189
2 0.35905890859375 0.45768921736111107 0.022721462499999977 0.02185253749999995
2 0.6413735688736447 0.508110375 0.05934390444021052 0.07228348888888894
2 0.22844066928755327 0.4332077742051256 0.03442758784592361 0.04537412197944527
9 0.026906995312499998 0.3305906416666667 0.0442470609375 0.038267727777777774
8 0.17100890585937498 0.30614181736111107 0.016742130468749995 0.03614174583333332
8 0.3348426140625 0.20728351736111109 0.019133864062500016 0.03401575416666667
8 0.08131891953125 0.2827559854166667 0.011958665625000009 0.01913386249999998
8 0.05381398984375 0.2317323513888889 0.014350396874999994 0.019133863888888904
8 0.5596655097656249 0.34972450625 0.01435039921875001 0.03401575972222225
8 0.596139435546875 0.2519292013888889 0.015546263281250017 0.038267725
8 0.6170671000000001 0.2806300006944445 0.02152559687499993 0.03614174305555555
8 0.3916462703125 0.24980321875 0.022721465625000013 0.04677166249999998
9 0.47475898945312506 0.4198820048611111 0.011958664843750012 0.0297637902777778
9 0.20748283242187499 0.36673238541666664 0.015546263281249972 0.02125984583333328
2 0.4146041033338771 0.46984976389761407 0.021408129259924812 0.03552163669794931
