8 0.4747983728981492 0.5138544219894977 0.011166253101737045 0.021091811414392068
8 0.42188721015624997 0.5182461013888889 0.00959715000000001 0.02985779999999999
9 0.7967758843749999 0.3636253506944444 0.03478966874999996 0.04905209861111107
9 0.7955762406250001 0.29217990069444444 0.06358111875000008 0.08957339861111109
9 0.516659067578125 0.5246442020833333 0.011996436718749948 0.02559240138888891
9 0.326515531640625 0.43933620208333335 0.020393944531249986 0.02559240138888883
2 0.44827937265625 0.5502366013888889 0.016795012499999994 0.025592400000000026
2 0.42855097213358917 0.5607943525080518 0.015726811454678292 0.033911702238325916
2 0.4130217501732914 0.5637217446916747 0.023056967534082772 0.03550108660557159
2 0.3872088952153587 0.5654084413917713 0.03141344668071735 0.03460908278354245
2 0.348708940625 0.5726299513888888 0.05518361406250003 0.06611369999999997
2 0.4723557550321441 0.5578990870019046 0.017447270471464014 0.0372208436724566
2 0.4824692199218751 0.5587674 0.02519251796874995 0.034123200000000034
2 0.5086460776127893 0.5703060348927235 0.02163461538461533 0.04714640198511167
2 0.52565639609375 0.5672982013888889 0.029991093749999996 0.06824639999999998
2 0.5533110900197371 0.5721670770763464 0.05094602977667497 0.08808933002481388
2 0.57662021033148 0.5851943723617061 0.06713796285045985 0.09429280397022334
2 0.6309599273493537 0.5907774989125746 0.09524512931099043 0.11290322580645164
2 0.21734794921875 0.5715636020833332 0.17634763125 0.20473920138888885
2 0.7449373887879781 0.6171080891585206 0.21902717913845623 0.2190509783170411
