2 0.41373292624802505 0.5209379714768967 0.016051488833746942 0.02677582906490438
2 0.453414025390625 0.5127503638888888 0.014040830468749998 0.020801230555555526
2 0.42825753671874994 0.5137904249999999 0.009360554687499967 0.01872110833333333
2 0.43850805031750395 0.5181968537512843 0.013957816377171283 0.019851116625310222
2 0.5383064374142782 0.5057899058604655 0.0181451612903226 0.014888337468982608
3 0.48734603671875 0.5304314111111111 0.06786401875 0.0956856666666667
0 0.10164862571609534 0.5471505143963203 0.021380406380309313 0.09760955454069252
2 0.360381342578125 0.5198574631944445 0.015210900781250026 0.03224190972222224
2 0.34517043984375 0.51829736875 0.028081662500000038 0.03952234027777782
2 0.3346398171875 0.5240177104166667 0.02223131562499998 0.04264252638888893
2 0.316796259765625 0.5297380486111111 0.023986419531250025 0.037442216666666736
2 0.3024629109375 0.5318181694444445 0.026911593750000008 0.04784283333333335
2 0.28432683671875003 0.5333782638888889 0.02925173281250002 0.048882894444444484
2 0.26238803789062504 0.5411787256944445 0.05323815234375 0.05616332638888887
2 0.039547139302672576 0.5969323751386695 0.07909427860534515 0.17751655027733887
9 0.8219851023437499 0.3741784083333333 0.03510207812499999 0.045762711111111146
9 0.12023604609375001 0.45686330555555554 0.01813607343750001 0.02808166388888888
