8 0.40846380546875 0.3694736861111111 0.009991776562499943 0.021315788888888833
8 0.058771215512350004 0.2572830945365878 0.0319345189753 0.053854863704602074
8 0.7602926753002688 0.2785170965423778 0.022218591225537487 0.052560506973644415
8 0.10021750429687501 0.26911184444444447 0.016986019531250007 0.04796052777777777
8 0.7326000006259511 0.27444079027777774 0.014793766876902214 0.05151315555555556
9 0.105712981640625 0.04707236736111112 0.029975328906249998 0.051513156944444444
9 0.06681229510001284 0.05043478620153133 0.04382933323747431 0.029816939069729313
9 0.087727784765625 0.10302631597222221 0.041965461718750006 0.04263157916666666
9 0.097719560546875 0.16697368402777776 0.029975328906250008 0.046184209722222216
9 0.09472202734375 0.20605263194444443 0.059950657812499995 0.03552631388888889
9 0.08672860664062501 0.24690789583333334 0.027976974218749995 0.0355263166666667
2 0.380986421484375 0.42631579236111117 0.008992599218750019 0.0213157902777778
2 0.371993821875 0.4254276340277777 0.01698602031249998 0.023092106944444486
2 0.3596463877864866 0.4295234477813494 0.019540942928039717 0.03838899556269869
2 0.3338244274887199 0.44006935348854537 0.03908188585607939 0.05948080697709075
2 0.3109935039283317 0.45540564729541055 0.04506395933083662 0.08037292207584557
2 0.425949414453125 0.4254276340277777 0.012989310156249979 0.01953947361111111
2 0.441436667578125 0.4236513173611111 0.01798519765624995 0.026644734722222237
2 0.45742351015625005 0.4236513173611111 0.0219819078125 0.026644734722222237
2 0.475408707421875 0.4316447381944444 0.03796875078124993 0.06394736805555562
2 0.5053840359375 0.43963815902777775 0.04995888124999999 0.07993420972222225
2 0.5848186585937499 0.47250000277777776 0.13488898125000004 0.13144736944444446
2 0.24937963840683403 0.45492141950810805 0.11724565756823827 0.14888337468982632
2 0.40596586132812507 0.4431907916666666 0.04296463828125004 0.06927631666666664
