8 0.14739191406250002 0.29168988749999997 0.031552992187500004 0.05235459722222223
8 0.14423661640625 0.2056787694444444 0.02313886249999999 0.044875369444444424
9 0.131089535546875 0.39172456388888893 0.02208709296875 0.031786719444444445
9 0.12898600234375 0.3515237152777778 0.024190628124999992 0.03739613888888888
9 0.8070495705546114 0.14952482321214616 0.04036733173422258 0.10458971864651455
9 0.3077862953125 0.37770101180555554 0.04101889062500001 0.07853189583333331
2 0.6963787078857421 0.46670802000438605 0.038383995037220765 0.04342431761786606
0 0.7787298245110523 0.5020678214932197 0.0369882133995036 0.13895781637717125
9 0.14200858515624998 0.14171463888888888 0.03541782031249998 0.04982026666666667
9 0.677603865625 0.26438930694444446 0.020084235937500063 0.05610834166666668
9 0.8216501098708537 0.4164598810465696 0.032102977667493884 0.13647642679900743
9 0.664214375 0.37150523194444446 0.01625866718750002 0.05610834166666668
8 0.4560255601066041 0.43631640196869426 0.009910950099291948 0.014899146062611458
8 0.6460429234375 0.41146117222222217 0.02964815781250003 0.020403033333333317
8 0.5944866483323923 0.4170802284411106 0.013259925558312614 0.016129032258064533
