2 0.37117581328125004 0.6035897361111111 0.02390980468749997 0.06120909722222226
2 0.23299466147912265 0.6309235609258214 0.050915115145745295 0.06486916629608722
2 0.18649647617187498 0.6324940347222222 0.04016847265625001 0.0680101138888889
2 0.13450352304687502 0.65374719375 0.06573021796875 0.09521415416666668
2 0.093509080078125 0.79831215625 0.18458369140625 0.3995594041666666
2 0.811976981640625 0.7139847229166667 0.33282448203125004 0.2907432236111112
4 0.6719970125 0.5648239701388889 0.25153114531250004 0.21083134027777778
2 0.5021258046875 0.7090054104166666 0.3117838546875 0.5100758319444444
9 0.4840659484375 0.4339045027777778 0.05164517812499998 0.027204044444444422
9 0.5433622640625 0.41605184999999995 0.021040628125000006 0.0595088444444445
9 0.815551479296875 0.33784022152777776 0.04590682578125005 0.05610834027777779
8 0.41618999921875 0.4261966965277778 0.010520314062500003 0.047607079166666705
8 0.42750730664062503 0.4298239013888889 0.011476705468749949 0.040806066666666634
8 0.722007787109375 0.4505669791666667 0.025822589843749987 0.03740556111111112
8 0.7514510140625 0.4403654645833333 0.030604549999999973 0.047607079166666705
