8 0.403759720703125 0.31668831875000003 0.008194700781249998 0.05341730972222223
8 0.589506272265625 0.3603933902777778 0.008194700781249953 0.04370506944444443
8 0.41332020312500006 0.31217907361111114 0.00819470156250004 0.04856118888888889
8 0.601798321875 0.35831220347222226 0.010926267187500028 0.0388489513888889
8 0.6628647926040838 0.4724310048611111 0.006250705416832325 0.019424476388888855
9 0.704914975 0.31668831875000003 0.01502361875 0.06312954861111114
9 0.6728190644531249 0.3579653347222222 0.008194700781249953 0.024280594444444425
9 0.6736972562728389 0.38271018516589583 0.005583126550868478 0.020352989776235987
9 0.6687217125 0.4235229381944445 0.021852534375000055 0.01456835694444444
2 0.22552497578125 0.4635859201388889 0.32095911718750003 0.4637593652777778
2 0.5266802296875 0.5655644173611112 0.14204148125 0.2646584847222222
4 0.839752379296875 0.4730207145833333 0.31624630234374995 0.9439602680555556
2 0.06325283632812499 0.6954656027777778 0.12650567265624998 0.31079161944444444
2 0.432441171484375 0.659044713888889 0.30320393046875 0.4127701166666666
2 0.031156925000000002 0.5145751708333334 0.062313850000000004 0.046133133333333375
