9 0.335333898828125 0.3327344118055556 0.035093082031250014 0.048523768055555534
9 0.471806997265625 0.40552006319444445 0.011697694531250047 0.02772786527777779
9 0.500563828515625 0.43064844375000005 0.016571732031249998 0.02252889305555554
9 0.50543786796875 0.4488448569444444 0.01072288593750006 0.017329916666666632
2 0.549791625 0.47137374930555553 0.08188385937499998 0.14557130416666664
2 0.811040127734375 0.5112325590277778 0.21445772578124994 0.19756105694444445
2 0.662869335546875 0.4765727243055556 0.07408539765624997 0.10744548750000008
2 0.619977790234375 0.4774392201388889 0.025345003906249986 0.05718872638888889
2 0.7130719390625 0.47570622916666666 0.03801750624999993 0.0745186444444444
2 0.604868268359375 0.4757062284722222 0.010722886718749968 0.0329268430555555
2 0.593657978125 0.47224024513888896 0.013647309375000027 0.025994876388888834
2 0.54248056640625 0.3916561298611111 0.04971519999999998 0.027727868055555563
2 0.387973522265625 0.4687742618055556 0.015596924218750008 0.019062909722222167
2 0.404545255859375 0.4687742618055556 0.013647310156249981 0.015596926388888871
2 0.373838808984375 0.4713737493055556 0.012672502343749992 0.020795901388888892
2 0.419167373828125 0.46790776666666667 0.011697694531249959 0.01386393611111111
