2 0.24888176250000002 0.3205540770833334 0.021524243750000015 0.042857162500000004
2 0.318189828515625 0.30295202847222225 0.020663274218749982 0.035204098611111095
2 0.33325680156250004 0.30448264027777777 0.011192607812499977 0.029081644444444443
2 0.3583345602348914 0.2944466232900264 0.018299637657282864 0.033499413246719574
2 0.44389141640625 0.27233977083333333 0.008609698437500058 0.013775516666666673
2 0.434851233984375 0.27693160833333336 0.009470666406249962 0.016836741666666672
2 0.038569021875 0.33811012569444443 0.0761540796875 0.08409171250000003
4 0.15977139140625002 0.3220846916666667 0.07920921875 0.09795922777777773
2 0.207985698046875 0.3271138513888889 0.06198982421874999 0.07653064722222223
2 0.5097556042968749 0.2715744625 0.01463648515624998 0.033673483333333344
2 0.6239756628459079 0.28890335176154397 0.02505399462068425 0.02656674092135655
2 0.6581573407786255 0.29361998108165416 0.017480269057250995 0.04715225938553063
2 0.577095745703125 0.308511128822376 0.05854594453124999 0.061628424311418684
2 0.4687194845130042 0.29141126911954335 0.019153194026008524 0.027428704905753342
2 0.41180837217781774 0.2763532224483764 0.0379203162306355 0.08302694211897506
2 0.37566980703124997 0.309085778117877 0.03616073124999999 0.04815527709757923
3 0.285615963671875 0.3031324148846535 0.06198982265624999 0.10055032699152919
2 0.101368431640625 0.3469899472222222 0.09815055546875 0.10867351944444441
