2 0.06238770234375 0.5363609395833333 0.1247754046875 0.20622601527777779
2 0.49910161640625006 0.5476253854166667 0.1520700234375 0.24608482638888884
2 0.5780610523437499 0.47830571527777777 0.06433731875 0.13863933888888894
2 0.6328175703125 0.48187466875 0.04517571718750002 0.06562495416666671
2 0.32719976447095567 0.46344606299548574 0.03256445047489822 0.052430813343232394
2 0.404057851953125 0.4557768243055556 0.026319811718749975 0.034659834722222234
2 0.373838808203125 0.4566433208333333 0.018521349218750018 0.03639282777777776
0 0.19544897226562502 0.4731067409722223 0.018521349218749993 0.07625163750000002
0 0.20812147578125 0.46617477361111115 0.012672501562500039 0.06585368333333332
0 0.21786955273437503 0.46617477361111115 0.012672502343749992 0.0623877027777778
0 0.356779670703125 0.45404383333333337 0.007798463281250001 0.03465983333333335
1 0.8105527238281252 0.5424264104166666 0.05361443203125003 0.22875490694444445
7 0.8168889757812501 0.5987486409722222 0.0467907765625001 0.17503216249999995
9 0.40893189179687506 0.3942556180555556 0.012672502343750036 0.012130941666666612
9 0.5312702765624999 0.3656612541666666 0.037042698437500035 0.024261880555555573
9 0.565388550390625 0.36219526944444447 0.011697692968749961 0.020795899999999968
9 0.564901146875 0.3942556173611111 0.010722885937499971 0.025994876388888834
9 0.7101685087157946 0.3060527274535698 0.02432821069341058 0.03256746731508267
9 0.762299736328125 0.3647947597222222 0.025345003906249986 0.022528891666666696
9 0.06531212578125001 0.3102055180555556 0.029244235937499995 0.017329916666666674
9 0.16328031406250001 0.2486843111111111 0.05751366250000001 0.02599487499999999
8 0.24414545726539477 0.2303556626842868 0.016051488833746897 0.06203473945409428
8 0.5950348998003223 0.28503082516112593 0.010552304288144665 0.05972253339040283
8 0.26368552265625 0.2339538826388889 0.014622118750000013 0.05892171805555557
2 0.43525170312499994 0.4592428076388889 0.014622117187500016 0.027727868055555563
2 0.42696583671875 0.44624536875000004 0.015596925000000006 0.025994873611111066
9 0.068723952734375 0.39945459305555553 0.028269427343750007 0.02599487500000003
8 0.06467605796155906 0.36870815551845987 0.016274406548118125 0.02856602785196915
0 0.641562665234375 0.46453092291666664 0.014501942968750025 0.10312492638888891
8 0.3937112734375 0.39890596874999995 0.006591792187500012 0.018749987499999954
8 0.37063999999999997 0.39187472361111114 0.005273434375000008 0.018749986111111068
8 0.427988593359375 0.3871872270833333 0.006591792968749921 0.018749987499999954
8 0.45962919687500003 0.3953903458333334 0.006591792187500012 0.021093736111111067
8 0.4708352433593751 0.4094528361111111 0.007910150781250014 0.021093736111111146
0 0.15900277736465038 0.46050454605897656 0.013259925558312657 0.04342431761786598
