2 0.5516219578125 0.5726892166666666 0.040117960937500016 0.05858496111111112
2 0.5453706949218751 0.5712363298611111 0.024749864843750035 0.05567918749999994
2 0.6880909738815569 0.6508110805309858 0.22135779776311404 0.2589453222713619
2 0.170501331640625 0.6367930256944444 0.22637991953125 0.2852832763888889
2 0.8416291185581526 0.7898583020833333 0.3167417628836947 0.4202833958333333
2 0.40810472382812496 0.6520760590277778 0.29658635078124995 0.4788683569444445
9 0.6196792140625 0.37443429861111116 0.030088470312499994 0.020377377777777796
9 0.601769408203125 0.44448153194444445 0.03152125546875002 0.02292454999999999
9 0.21563403750000001 0.41136829236111117 0.030088471874999988 0.017830204166666638
8 0.383269802734375 0.33546256875 0.012895058593749998 0.04330192638888886
8 0.5150859566406251 0.3591512652777778 0.012895060156249994 0.040754752777777785
8 0.50362368359375 0.3561795666666667 0.01002948906250003 0.04330192500000002
8 0.22852909765625 0.45467022222222225 0.018626195312500027 0.02801889444444446
8 0.6229029765625 0.48014194027777773 0.01719341250000008 0.02801889444444446
8 0.610724311328125 0.4966985569444444 0.015760628906250053 0.030566063888888884
8 0.21140485898437503 0.4493069458333333 0.02106126328125 0.03744224999999998
9 0.15816666601562498 0.29537771388888895 0.02925175390624999 0.04576274166666667
2 0.57705178515625 0.6188371104166667 0.062013720312500006 0.14352860694444444
9 0.7642630132812499 0.37858270069444444 0.03159189531250002 0.04160249583333334
