4 0.23438982890625 0.5027954152777778 0.0861023859375 0.08291340833333333
2 0.3533785421875 0.5431891277777778 0.015546262499999974 0.023385836111111048
2 0.3832752046875 0.5485040888888889 0.037071860937500034 0.05102363611111108
2 0.40898633398437506 0.5453151111111112 0.011958664843750012 0.019133861111111056
3 0.428120196484375 0.5559450375 0.01674212890624993 0.023385836111111048
2 0.438882995703125 0.5559450347222222 0.009566932031250008 0.014881891666666687
2 0.45442925976562504 0.5559450340277777 0.023917328906250025 0.04464567638888887
2 0.47715072304687495 0.5623229888888889 0.014350397656250014 0.027637800000000032
2 0.49150112031250004 0.5644489770833333 0.026309062500000025 0.04039371527777773
2 0.5309647140625 0.5687009451388889 0.050226392187499955 0.06590552916666666
2 0.8911114539062501 0.5640702874999999 0.2128112234375 0.6230065638888889
2 0.395831801953125 0.5187403 0.023917327343750027 0.025511816666666694
0 0.584180772265625 0.5740159069444444 0.008371064843750008 0.03826772777777781
0 0.574613840625 0.5718899222222222 0.013154531250000013 0.03826772777777781
0 0.639788562890625 0.5729529145833333 0.011958664843750012 0.06590552916666666
0 0.63081956484375 0.5740159069444445 0.010762798437500009 0.05952757499999998
0 0.612283634375 0.5527560590277777 0.007175198437499919 0.021259848611111052
0 0.765952476171875 0.5878348090277777 0.025113196093750022 0.09566931805555548
0 0.713932283984375 0.5878348090277777 0.01674212890624993 0.09141734861111103
6 0.6069022359375 0.5861340159722223 0.013154532812500008 0.04039371527777773
0 0.7825750496093751 0.5974017416666667 0.016742132031250013 0.10204727499999994
0 0.7465794609375 0.59081120625 0.02032972968750002 0.09992128750000001
8 0.41436773203125005 0.4352953958333333 0.005979331250000009 0.023385833333333356
8 0.48372798828125 0.46399619097222217 0.005979332812500004 0.02125984583333328
9 0.315708748828125 0.43688988472222223 0.019133863281249976 0.010629925000000009
9 0.6995818859374999 0.4358268923611111 0.02630906093749994 0.01700787916666668
9 0.701375686328125 0.4039371201388889 0.02272146328124993 0.029763787500000027
9 0.546750166015625 0.5280946520833333 0.01913386328124993 0.02551181527777773
9 0.314154128125 0.5100237819444444 0.013154531250000013 0.023385833333333356
9 0.01016486484375 0.4145670444444444 0.0203297296875 0.014881894444444457
9 0.009133426562500001 0.3907560201388889 0.01315453125 0.01700787916666668
2 0.040061526953124996 0.5049213993055556 0.08012305390624999 0.04464568194444449
2 0.118390780859375 0.5070473847222222 0.06457678984375001 0.040393711111111154
