0 0.841879392322015 0.586362728309176 0.02354783254346966 0.12131014893720363
8 0.47291316523437504 0.4374060222222222 0.009123727343749976 0.042421430555555556
8 0.5244973144531251 0.5372211548611111 0.01122920234375 0.024953781944444448
8 0.37989794609375 0.49533259375000005 0.004912776562499976 0.022458404166666668
8 0.3909605300932756 0.49593398344672435 0.004579541436551171 0.031147316893448598
9 0.37954703203125 0.4791126347222222 0.005614600000000003 0.007486133333333337
9 0.4721879515625 0.40924204305555556 0.005614600000000003 0.014972269444444445
9 0.5216666249999999 0.49969950555555553 0.0077200765625000225 0.013724580555555517
8 0.567285259765625 0.4628926777777778 0.007720075781249935 0.027449161111111113
8 0.59851648046875 0.5327632694444445 0.005614601562499999 0.02495378055555556
8 0.5837781507812501 0.5402494034722223 0.005614601562499999 0.022458404166666668
2 0.12133177375088204 0.7472700938706092 0.24154064593926408 0.31860169836989294
2 0.37533608125 0.7493621097222223 0.2442351515625 0.3842882611111111
8 0.352175851953125 0.5527262951388889 0.007018252343749998 0.019963026388888888
2 0.26886052805268723 0.6541006474823389 0.05093514829287447 0.11915510225754444
2 0.22213332991986895 0.6677077733118285 0.0706587132945905 0.13981550224861966
2 0.49464635585937505 0.6063769305555555 0.04070585703124996 0.04990756666666667
2 0.7223184421875001 0.5714416326388889 0.0252657046875 0.029944540277777775
2 0.583286880859375 0.5995146381944445 0.05347907421875 0.05115525694444448
2 0.6072191171875 0.5826708354166666 0.018247454687500043 0.03743067361111111
2 0.6233610957031249 0.5832946812500001 0.021054753906250046 0.043669123611111145
2 0.66231238984375 0.5864139020833333 0.059655137500000066 0.04491680694444445
2 0.701754962890625 0.57892776875 0.023160230468749977 0.03992605416666666
6 0.560267007421875 0.6158593708333333 0.048425935156249975 0.044916808333333336
6 0.5493887187500001 0.6046301687500001 0.047724110937499994 0.03243991805555556
2 0.529386702734375 0.5951477256944445 0.02596753046874998 0.04242143194444444
9 0.48622445507812506 0.5664508756944444 0.011229203906249995 0.019963026388888888
6 0.745702929296875 0.5964197854166666 0.04281133515624998 0.07486134861111111
