8 0.017546541015625 0.3223364625 0.013647310156249998 0.04505778611111112
8 0.276358023828125 0.21749046180555556 0.014622116406250019 0.05718872638888889
8 0.575624033203125 0.3240694520833333 0.026319811718750065 0.03812581527777776
8 0.291467546484375 0.22182293958333332 0.013647310156250026 0.06238770138888887
9 0.5580774917968749 0.13950583402777778 0.028269427343749952 0.046790776388888906
9 0.562464127734375 0.2192234548611111 0.025345003906249986 0.04332479305555555
9 0.5834224953125 0.23395388402777778 0.03996712031250001 0.024261884722222227
9 0.54540498984375 0.26688072569444443 0.02047096562499995 0.034659834722222234
0 0.81445195546875 0.4549103291666667 0.05751366406250007 0.26861371666666667
0 0.8709908101562501 0.43844690625000005 0.06336250937500001 0.27381269305555556
0 0.61802817421875 0.45577682430555555 0.04679077656250001 0.1698331875
0 0.2476011921875 0.5120990555555556 0.02339538750000001 0.0779846277777777
2 0.057513662890625 0.6386074527777778 0.11502732578125 0.3136715027777778
2 0.45279824453125006 0.5190310222222222 0.25832407968750004 0.3933891222222221
0 0.579035861328125 0.4592428090277778 0.02144577265625003 0.13517335416666668
2 0.148658195703125 0.5354944416666667 0.03996712109375 0.0623877027777778
2 0.172540988671875 0.5259629888888889 0.025345003906250007 0.04679077777777773
2 0.1881379140625 0.5043005909722222 0.04289154531249999 0.07971761805555554
2 0.21738214960937502 0.5077665763888889 0.013647310156249981 0.04159180000000002
2 0.311938509765625 0.5008346104166667 0.019496157031250006 0.038125818055555524
2 0.3041400484375 0.48610417916666665 0.029244234375000032 0.06065471111111115
2 0.27002177226562496 0.5025676006944445 0.015596925781250003 0.027727868055555563
2 0.23102945937500002 0.5103660631944444 0.013647309374999982 0.025994876388888914
