9 0.0063558362291311985 0.5377230485650648 0.010674825583262397 0.013107703335808117
9 0.129848172265625 0.5583066979166668 0.014403325781250009 0.014225506944444454
9 0.208666372265625 0.5533277701388889 0.016803880468749987 0.03271866527777776
2 0.281006550390625 0.5796894125 0.012002771093749986 0.01564805833333338
2 0.303811815625 0.5818232395833333 0.01600369531250001 0.025605915277777787
2 0.23499592578125 0.5811119625000001 0.01600369531250001 0.018493158333333388
2 0.21859213828125 0.5825345138888889 0.013603140624999987 0.021338261111111163
2 0.14857597031249997 0.5825345138888889 0.01920443437499999 0.01564805833333338
2 0.12617079687500002 0.5811119638888889 0.01920443437499999 0.021338261111111083
2 0.09256303671874999 0.5811119625000001 0.019204434375000003 0.018493158333333388
2 0.07215832460937499 0.5811119625000001 0.023205358593750003 0.018493158333333388
2 0.035749917578125 0.5882247166666666 0.030407021093749997 0.03271866666666672
2 0.011255656648167309 0.58535369918747 0.019827367983834616 0.02697663170827356
1 0.421038884765625 0.5856167034722222 0.018404249218749946 0.06543733194444441
7 0.419438516015625 0.5988938472222223 0.013603141406249986 0.03414121666666669
