9 0.17702277155885787 0.33674763371181893 0.034308569680215714 0.08081209797919352
9 0.17967687421875 0.5138320472222222 0.025969465625 0.07105266111111111
9 0.8558812878906249 0.18109763680555555 0.03899231328125001 0.04332479305555555
9 0.8558812878906249 0.2261554201388889 0.06238770234374993 0.025994876388888876
9 0.8631454179687499 0.46617477500000004 0.030125184375000023 0.15596925555555557
9 0.8573435011718751 0.20189353611111108 0.02047096484375004 0.01906290833333332
2 0.682852895703125 0.44364588125000004 0.10625405546874997 0.11784343750000004
2 0.39284756171875 0.46357528541666665 0.04094192968750003 0.05718872638888889
2 0.009260674609375 0.5276959819444444 0.01852134921875 0.10571249444444446
2 0.044353756640625 0.51296555 0.07506020390625 0.09011556944444439
2 0.103329631640625 0.50690008125 0.05458923984374999 0.0745186430555556
2 0.14378415703125 0.5008346090277779 0.039967123437499995 0.04505778472222228
2 0.1910623375 0.49551620138888886 0.056538854687500015 0.05521687222222222
2 0.219331765625 0.48177169861111113 0.013647310937500023 0.03465983333333335
2 0.22956724804687498 0.47570622916666666 0.00877327109374999 0.029460858333333326
2 0.23541609531249996 0.4722402458333333 0.020470965624999993 0.04332479444444443
2 0.2568618671875 0.4817717013888889 0.012672501562499994 0.024261883333333303
2 0.2685595609375 0.4765727243055556 0.010722885937499971 0.017329918055555518
2 0.284643891015625 0.4722402444444444 0.017546541406249984 0.0259948777777778
2 0.4229991415030637 0.4611763963575135 0.015461997068627475 0.023860690618306455
