9 0.093223261328125 0.38812500277777784 0.01099095390625 0.019539472222222225
9 0.058252044140624994 0.39611842430555555 0.03497121640624999 0.017763156944444504
9 0.080233951953125 0.49736842361111117 0.04696134921874999 0.02842105277777773
9 0.483402128125 0.5755263194444444 0.01398848749999999 0.02842105277777773
8 0.045762323437499995 0.49825658194444444 0.021981907812499996 0.037302630555555535
8 0.622287819921875 0.5426644777777778 0.02597861796874996 0.04085526388888883
8 0.36749752265625 0.5684210562500001 0.005995065625000029 0.0213157902777778
8 0.41545804921875007 0.5764144763888889 0.005995065624999985 0.015986841666666626
2 0.3440168484375 0.6376973715277777 0.018984374999999963 0.031973684722222215
2 0.32503247343749997 0.6403618444444444 0.022981085937500013 0.03730263055555562
2 0.30105221015624994 0.63592105625 0.024979440624999995 0.04973684305555553
2 0.28256742421875 0.6394736875 0.03197368437499999 0.04973684166666672
2 0.25059373984375 0.6403618451388889 0.043963815625 0.06927631527777775
2 0.17915253828125 0.629467356935342 0.11490542812499997 0.11143470831512817
2 0.4009699734375 0.6412500027777779 0.022981085937500013 0.021315788888888913
2 0.41945475976562496 0.6394736875 0.013988486718749993 0.021315788888888913
2 0.43893872343750007 0.6376973715277778 0.02098272968750008 0.02486842083333332
2 0.4940422546875 0.6349680416666668 0.036672051562500044 0.019409761111111125
8 0.510955199877657 0.28496258978059114 0.01980793413031412 0.022299793450071173
8 0.49032834648437496 0.28507713888888886 0.01949615703124996 0.01906290833333336
2 0.468395169921875 0.6386074506944444 0.028269427343749952 0.02252889305555554
