9 0.740853962890625 0.09964702430555555 0.06628693359375007 0.11611044583333335
9 0.6243175132414185 0.32060347083333335 0.028175603045337016 0.03465983888888889
9 0.5819602839843749 0.43151493958333337 0.013647310156250026 0.038125818055555524
9 0.8339481109375001 0.36219527291666664 0.030219040625000027 0.058921723611111074
9 0.5736744171874999 0.4514443444444445 0.012672501562499949 0.01906290833333336
9 0.562951530859375 0.43324793194444444 0.00877327109374999 0.013863933333333339
9 0.532245083984375 0.3821246756944444 0.015596925781249915 0.02252889305555554
8 0.5791134379560174 0.058199568196752094 0.016589437034382114 0.0371384927847896
8 0.3327295768157498 0.08605343778534429 0.017818284222114133 0.03167694972820288
2 0.542967969921875 0.5025676 0.06238770234375002 0.0866495861111111
2 0.7198955941406251 0.5207640131944444 0.10040520859374995 0.11957642916666668
2 0.61412894296875 0.5034340944444444 0.04679077656250001 0.05372273888888886
2 0.41478073828125 0.5354944430555555 0.09260674531250004 0.14210532222222222
4 0.36262851992187495 0.48610417847222226 0.09748078671874998 0.1195764263888889
8 0.696012801953125 0.19756105694444445 0.023395388281250006 0.07971761944444444
8 0.880738888671875 0.03812581805555556 0.02047096484375004 0.07625163611111112
8 0.8480828261718749 0.4271824604166667 0.015596925781249915 0.025994876388888914
