9 0.44530743471187295 0.11978769952545733 0.09127243504874585 0.09747007682869244
9 0.536144315234375 0.1325738673611111 0.03119385078125001 0.05025675972222224
9 0.49374017382812496 0.37086022916666667 0.012672502343749947 0.013863933333333339
9 0.33874572656249996 0.36479475763888886 0.0068236546874999695 0.025994873611111104
2 0.5506102661254892 0.3775149763467895 0.03673036506347849 0.08373804175086544
2 0.42989026015625004 0.37605920416666666 0.013647309375000027 0.017329916666666632
2 0.440125742578125 0.37779219583333334 0.010722886718750057 0.013863933333333339
2 0.5151859464843749 0.3916561298611111 0.016571733593749992 0.017329918055555518
2 0.47668103671874995 0.3838576673611111 0.009748078124999981 0.015596926388888871
2 0.48691651914062495 0.3847241631944444 0.010722886718750057 0.017329918055555518
2 0.5025134445312499 0.3907896340277778 0.010722885937499971 0.019062909722222167
2 0.41526814257812494 0.3751927090277778 0.015596925781250003 0.02252889305555554
2 0.397721601171875 0.3760592048611111 0.019496157031250006 0.020795901388888892
2 0.370914385546875 0.3751927090277778 0.028269427343749997 0.02252889305555554
2 0.45767228398437504 0.38645715486111115 0.02826942890625004 0.038125818055555524
2 0.5341946996093749 0.4003210881944445 0.035093082031249966 0.04852376805555557
2 0.6112610425310432 0.4170229470144987 0.09931735400041361 0.11032316974305145
3 0.729156269140625 0.42198348541666664 0.12087617421875 0.13344036250000002
2 0.9674967871093749 0.4566433194444444 0.06141289453124994 0.15077028055555555
