2 0.471494422265625 0.5782027208333334 0.02768552734374996 0.06796870277777782
2 0.8716162183593749 0.5571089854166666 0.07382807421875004 0.0914061875
2 0.781967842578125 0.5594527333333333 0.11865226328125003 0.11015617500000004
2 0.6812501045787659 0.5477308424822357 0.10969712322003167 0.09139989052002709
2 0.561801977734375 0.5559371111111111 0.042187471093749984 0.05156246388888882
2 0.382505226171875 0.5594527333333333 0.010546867968750017 0.021093736111111146
2 0.363389028515625 0.5606246076388888 0.027685527343750006 0.05156246527777779
3 0.4236137866545576 0.5510657249857418 0.08653276262838494 0.15900711108259458
2 0.19200242773437498 0.541874620138889 0.24389631640624998 0.4031247236111112
2 0.9230321984375 0.70710888125 0.1529295828124999 0.5835933486111111
9 0.5176710785694171 0.45621963149825845 0.023962520160774138 0.02537594910762798
9 0.03582504783611439 0.4394127346445845 0.04187344913151364 0.05831265508684859
