9 0.60662616640625 0.47390591736111115 0.015820301562500028 0.02343748472222226
2 0.53082055390625 0.52429650625 0.014501943749999935 0.02578123194444441
2 0.518955328125 0.5231246326388889 0.014501942187500028 0.023437484722222183
2 0.509067639453125 0.5278121291666666 0.015820302343750026 0.03281247777777775
2 0.49917995117187497 0.5289840041666666 0.019775375781250038 0.03984372222222221
2 0.483359648828125 0.5395308736111111 0.03032224609374996 0.06562495555555559
9 0.505112564453125 0.4973434013888889 0.010546867968750017 0.018749988888888916
2 0.44051299804687505 0.5395297708333333 0.06328120703125002 0.09375213888888886
2 0.40562332578125 0.5624951736111111 0.08051351874999998 0.11624105555555554
2 0.573008025 0.5160933875 0.019775376562499947 0.023437483333333377
2 0.632993335546875 0.5371871229166667 0.05800777265625001 0.11249992361111107
2 0.588169147265625 0.5172652624999999 0.029003886718749962 0.05859371111111113
2 0.6949561828124999 0.5594527319444444 0.11601554375000003 0.13828115555555556
2 0.30999551015625004 0.5946089597222222 0.176660034375 0.18984361944444444
