0 0.32256152460937504 0.4451466930555556 0.018721122656249988 0.06656399166666671
9 0.039989578515625 0.2340140347222222 0.06435385703125 0.1227273611111111
9 0.94445381796875 0.14144848333333332 0.04095245468750015 0.04992299444444443
9 0.946793958984375 0.2246534736111111 0.06669399921875012 0.1164869861111111
2 0.9532293445312501 0.4066643875 0.09126547343750016 0.15184910833333337
2 0.982481098828125 0.7852470881944444 0.03276196484375014 0.2808168430555555
2 0.4413236453125 0.4295457597222223 0.04095245468749997 0.07696461388888885
2 0.5529584011352335 0.5415461287046757 0.23848042258296723 0.39213879146292546
9 0.7941794093750001 0.2503124125 0.01792968125000005 0.014999994444444435
9 0.7778317593749999 0.26624990694444445 0.010546870312500012 0.016874994444444465
9 0.776777072265625 0.2981248951388889 0.010546872656249918 0.020624993055555527
