9 0.304458363671875 0.42699087013888887 0.012855200781249998 0.016324062500000024
9 0.686638225 0.44378133680555565 0.013773428124999931 0.015391254166666674
9 0.860249013671875 0.18049750694444444 0.027546857031249948 0.08488513333333333
8 0.8143375828124999 0.2653826388888889 0.0257104 0.08488513055555558
9 0.5771722562500001 0.4630204111111111 0.0128552 0.034280533333333335
9 0.499822435546875 0.47094924027777774 0.005509371093750026 0.021221283333333375
2 0.11386034453125 0.47122131180555554 0.0918228578125 0.06856106527777778
2 0.027087742968750002 0.46741237777777783 0.054175485937500004 0.0848851305555555
2 0.0096414 0.5672612145833333 0.0192828 0.13875454027777773
2 0.50854560625 0.47339784791666667 0.013773429687500015 0.022853690277777776
2 0.4324856640625 0.48781745416666666 0.06060308750000001 0.07998791388888896
2 0.508239521484375 0.48781745416666666 0.011936971093749981 0.014691658333333319
1 0.525226752734375 0.48400849027777776 0.009182285156250015 0.02285368888888889
1 0.527063208203125 0.49870014375 0.011018741406249966 0.0195888763888889
9 0.75922583125 0.2997098076388889 0.03213800000000004 0.09141475694444444
0 0.753991924609375 0.5035973631944445 0.04958434296875005 0.24649336527777782
