8 0.49628458671875003 0.29657488263888887 0.007175198437500007 0.02338583194444443
8 0.30853355000000005 0.29976386388888887 0.007175198437499963 0.025511819444444465
8 0.3145128828125 0.30082685416666666 0.007175200000000004 0.023385830555555546
9 0.533356446875 0.30720480972222225 0.023917329687500023 0.014881894444444457
9 0.291193485546875 0.3082678013888889 0.025113196093750022 0.017007877777777757
8 0.386264870703125 0.35291348333333333 0.007175199218750006 0.017007877777777795
8 0.261894757421875 0.36992136319444446 0.009566932031249965 0.012755909722222233
9 0.26906995624999996 0.34122056875 0.011958665625000009 0.010629926388888893
2 0.41257393320312497 0.3858662479166666 0.016742130468750015 0.006377954166666673
2 0.39164626953125004 0.40181113541666663 0.017937996875000018 0.029763787500000027
2 0.40659460078125004 0.40818908958333333 0.026309062500000025 0.03826772638888893
2 0.48791352070312505 0.3954331798611111 0.014350397656250014 0.02551181805555558
2 0.49987218554687496 0.40074814305555556 0.009566932031250008 0.023385833333333356
2 0.511830850390625 0.40287412777777776 0.014350397656250014 0.027637802777777803
2 0.520799849609375 0.4060631048611111 0.02032973046874993 0.02551181805555558
2 0.5435213121093749 0.40818908819444444 0.027504928906250024 0.034015754166666703
2 0.35038887656249995 0.4071260972222222 0.016742128124999978 0.027637802777777803
2 0.335440546484375 0.40712609652777776 0.008371064843750008 0.031889770833333365
2 0.364141341796875 0.3933071958333334 0.027504928906249983 0.04677166666666663
2 0.30853354921875004 0.3943701875000001 0.0454429265625 0.06590553055555554
0 0.267276155859375 0.4124410597222222 0.008371064843750008 0.03826772777777781
2 0.45024372734375007 0.42094499930555557 0.08012305468749999 0.12755909027777773
7 0.7749214746093751 0.47090564236111115 0.05022639140625005 0.08716537916666667
9 0.6217309714843751 0.34547253680555556 0.013154530468750014 0.019133862500000022
9 0.9068255683593751 0.23959849305555558 0.027504928906249938 0.027637802777777765
2 0.9041803703125 0.45480885000000004 0.18825796718749999 0.33134982222222226
2 0.122576313671875 0.5293673972146664 0.24515262734375 0.3444038860959994
0 0.67963234921875 0.4026512479166666 0.014724729687500026 0.04300555972222221
