8 0.331699101953125 0.36156236319444446 0.007382810156249997 0.02812498750000003
8 0.415546728125 0.38031235625000004 0.00632812031249994 0.028124990277777723
8 0.284765525390625 0.44312483611111114 0.01054687109375001 0.022499994444444442
8 0.23730460390625 0.4299998388888889 0.018984367187499983 0.026249991666666736
8 0.33960925546875 0.36437486250000006 0.008437496875000016 0.022499988888888902
8 0.42398422578124995 0.38031235625000004 0.004218748437499986 0.028124990277777723
8 0.49992169960937505 0.4449998361111111 0.014765619531249996 0.01874999444444446
9 0.281601463671875 0.40656234861111107 0.014765619531249996 0.013124997222222214
9 0.24890616328124998 0.4056248479166667 0.02109374374999997 0.01499999305555551
9 0.49095685937500005 0.42062484305555553 0.02003905625 0.014999991666666703
9 0.50255841796875 0.3859373555555556 0.01792968281250005 0.013124994444444442
0 0.8316208035156251 0.5728122999999999 0.058007794531250136 0.2306249194444445
0 0.749882549609375 0.5409373118055555 0.03164061328125003 0.1593749458333334
0 0.9571285718750001 0.5578123055555556 0.04957029687500007 0.24937491388888888
0 0.9154684296875001 0.5746873 0.05484373125000008 0.21937492499999994
0 0.8527145460937501 0.5559373076388888 0.022148431249999944 0.1593749458333333
0 0.7746676984375 0.5409373104166666 0.02847655312500006 0.16312494305555553
0 0.63386696484375 0.5259373166666667 0.02109374218749993 0.10687496666666665
0 0.3084959859375 0.49187481875000005 0.00949218437499999 0.037499984722222185
2 0.3280076984375 0.49687482708333336 0.025312490625000007 0.03749999027777772
2 0.5479099640625 0.5399998111111112 0.104414025 0.17624993888888885
2 0.275800685546875 0.5043748222222223 0.04535154609375001 0.07124997222222224
2 0.22517570234375 0.5062498222222221 0.05800779218750003 0.11624995833333335
2 0.17402337695312503 0.5174998173611111 0.08015622265625003 0.13874994861111112
2 0.41554673007812504 0.5831247965277778 0.20039055390625 0.30374989583333345
2 0.07804684765625 0.5306248152777778 0.1560936953125 0.19874993333333338
9 0.902284841015625 0.06281247708333333 0.08964840703124999 0.12562495416666666
