8 0.466487553125 0.05578807291666666 0.036208607812499946 0.1108609236111111
8 0.47201942343750003 0.16754303472222223 0.039225990624999964 0.06973509722222225
8 0.44888614765624996 0.1818476708333333 0.01709850937500006 0.05900662222222223
9 0.5172801828125 0.08350330347222222 0.027156456250000006 0.05543046249999999
9 0.516274389453125 0.02002648333333333 0.02313327734374999 0.03933774444444445
2 0.071713146484375 0.45005958124999995 0.047272349218749996 0.09119205138888889
2 0.47649313628138695 0.44827150138888894 0.056429228999726175 0.07688741388888892
2 0.6486169940066505 0.3732768646358434 0.23318314792419886 0.12358687649390904
3 0.7326690304663874 0.43928954982332613 0.1221308933002482 0.09826125797998574
2 0.8750387575135339 0.438997698449946 0.1388802729528537 0.06906828578878085
3 0.7983997921875 0.4116158743055556 0.08247516250000002 0.07867549583333329
2 0.9165806652343751 0.4241324284722222 0.09555049453124997 0.07509933750000002
2 0.819018583203125 0.4321787861111111 0.07945777890624992 0.07331125555555558
0 0.02293210625 0.4670463354166666 0.020115893750000002 0.07867549583333336
2 0.22155518908070454 0.4505789877463215 0.04624316090109093 0.07320099255583128
2 0.25003821249999997 0.42371647708333326 0.051664815625000006 0.06412069305555555
3 0.571805196719489 0.4418941242227484 0.17447270471464024 0.10297766749379657
