2 0.22302909726562498 0.5185277201388888 0.029896661718749985 0.03188977083333329
2 0.20090556679687496 0.5280946555555556 0.05022639296875 0.034015761111111056
2 0.16084404140625 0.5249056777777779 0.05859745781250001 0.04039371388888884
2 0.11599904921875001 0.5217167 0.03348426250000001 0.021259850000000018
2 0.09028791953125001 0.5302206388888889 0.070556121875 0.04251969722222218
2 0.018020211328125 0.5436143333333334 0.03331983359375 0.05655117777777774
2 0.355770275390625 0.5217167 0.051422258593750006 0.034015758333333285
2 0.44007886289062503 0.53128363125 0.028700796093749936 0.040393712499999956
2 0.4867176546875 0.5206537076388889 0.03109252812500003 0.044645681944444404
2 0.40906854882812504 0.5372363798611111 0.04799908828125003 0.056551179166666625
2 0.6003249691406249 0.524905676388889 0.01435039921875001 0.014881897222222228
2 0.620056765625 0.5195907145833334 0.017937995312499934 0.01700787916666668
2 0.5375419796875 0.5195907145833334 0.01793799531250002 0.021259848611111132
2 0.65653069375 0.5514804868055555 0.05261812500000005 0.055275606944444416
2 0.77910700703125 0.53978756875 0.04663879218750004 0.03188977083333329
2 0.7761173402343751 0.5227796909722222 0.045442925781250046 0.02338583194444439
2 0.8353127312499999 0.5334096159722221 0.03946359218750004 0.044645681944444404
2 0.7360558144531251 0.5397875708333334 0.06577265859374996 0.03614174166666662
2 0.70376741953125 0.5334096166666668 0.022721462499999935 0.027637802777777724
0 0.6870252890625 0.5429765472222223 0.010762798437500009 0.05102363888888885
0 0.6822418230468751 0.5212914909722223 0.010762799218750008 0.03741731250000002
9 0.756019308984375 0.4453938229166667 0.016607592968749963 0.01700787916666668
8 0.5655041892871638 0.4581998660092236 0.005543146425672152 0.01648245131488603
2 0.286666279296875 0.4842689770833333 0.09806105078125 0.1084252263888889
0 0.0498277671875 0.5414174680555555 0.016742131250000004 0.08503939444444444
0 0.039064967578125 0.5538899152777778 0.009566930468750002 0.06009449444444444
2 0.27521371562499997 0.5451025180555555 0.12437011249999999 0.1360630333333333
