2 0.039593465625000004 0.6968417881944444 0.07918693125000001 0.2579354680555555
2 0.175717719921875 0.6458787319444445 0.31708901484375 0.3099385861111112
2 0.3137859984375 0.5657939298611112 0.16263975312499998 0.2080124736111111
2 0.39861608437500007 0.56267374375 0.04446266562500001 0.13104785972222224
2 0.41616713867187494 0.5481128694444444 0.03978238515625003 0.08528511388888889
2 0.42611273554687495 0.5366721833333332 0.057333438281249996 0.09152548888888887
2 0.4465889625 0.5325119340277777 0.01872112187500008 0.07488449027777777
2 0.45653455976562507 0.5345920576388888 0.02223133359375007 0.062403743055555495
2 0.464140014453125 0.5231513736111111 0.03510210546875001 0.05616336944444448
2 0.48169106796875 0.5221113090277778 0.014040840624999973 0.03744224583333333
2 0.48988155898437497 0.5189911229166667 0.007020421093749984 0.022881370833333393
2 0.48227610195312504 0.5054703118055556 0.024571472656250037 0.04576274305555551
2 0.8628401808593751 0.5910655604166667 0.27086875703124996 0.45824770972222223
2 0.7051744699218749 0.5907554263888889 0.08658519140624996 0.17057022777777778
2 0.646670961328125 0.5158709347222221 0.10062603515625002 0.16640997777777777
2 0.59518787421875 0.5397923694444444 0.021061262500000046 0.0728043666666666
2 0.57939192734375 0.533551995138889 0.024571473437499946 0.06032361805555553
2 0.567691225390625 0.5273116208333333 0.03627217578125004 0.05200311944444446
2 0.54838506796875 0.5231513708333334 0.016380984374999928 0.04368261944444443
2 0.5384394710937499 0.5189911222222222 0.015210910937499999 0.027041619444444442
2 0.527908840234375 0.5210712458333333 0.00819049140625001 0.01872112222222226
9 0.40914671757812504 0.4690681291666667 0.009360560156250041 0.014560872222222167
