8 0.37442754257812505 0.3468515666666666 0.006694744531250007 0.023803538888888868
8 0.5159735863281251 0.3357999243055555 0.004781960156250075 0.0221032875
9 0.59296315703125 0.32474828125 0.013389490624999922 0.01700252638888888
9 0.5953541367187499 0.3596034645833333 0.004781960937499985 0.018702781944444444
9 0.547056331640625 0.3817067479166667 0.0076511367187499955 0.015302273611111082
2 0.5293630761718751 0.4118862361111111 0.008607528906250028 0.013602022222222211
2 0.54275256796875 0.41953737430555554 0.014345882812500044 0.03230480416666666
2 0.556142057421875 0.41868724791666667 0.012433099218750066 0.03400505694444441
2 0.566184176171875 0.41953737430555554 0.01338949140625001 0.04250631805555558
2 0.57670448984375 0.42463813333333333 0.021040628125000006 0.05950884722222227
2 0.5991797066406249 0.4280386388888889 0.03921208046875 0.0731108694444444
2 0.48441264335937506 0.4178371201388889 0.008607528906250028 0.011901768055555569
2 0.455242681640625 0.42718851111111117 0.015302275781249985 0.02380353888888883
2 0.43037648515625 0.43058901666666666 0.015302274999999987 0.027204044444444422
2 0.5202773519531251 0.4178371215277778 0.011476707031250033 0.018702781944444444
2 0.506887859765625 0.4178371201388889 0.009563921093749973 0.015302273611111082
2 0.49588934882812497 0.4178371201388889 0.00860752890624994 0.015302273611111082
2 0.4801088796875 0.42293787847222225 0.011476706250000034 0.015302273611111082
2 0.625480490625 0.43994040624999997 0.06312188437499992 0.10031491527777771
2 0.395946366796875 0.4475915444444445 0.04590682421875005 0.06460960555555555
0 0.694101630859375 0.40848572986111115 0.006694744531250052 0.05100758194444444
0 0.664453472265625 0.4297388916666666 0.008607528906250028 0.06971036388888889
0 0.7108384953125 0.4416406604166667 0.015302274999999987 0.08671289027777782
0 0.703665552734375 0.45014192361111116 0.012433099218749976 0.06971036388888889
0 0.69027606328125 0.4433409111111111 0.01625866718749993 0.11731744166666663
1 0.754640691015625 0.4016019527777778 0.022569722656250058 0.057974130555555566
0 0.735704691796875 0.4416406611111111 0.017215060156250052 0.1003149138888889
0 0.226186752734375 0.46799457708333336 0.01052031484375 0.05100758194444444
0 0.342388403515625 0.44249078472222214 0.005738352343750019 0.030604550000000015
0 0.67712566953125 0.43994040624999997 0.015302274999999987 0.12071794583333334
0 0.75411525546875 0.4512956631944445 0.023909804687500015 0.054408087500000035
9 0.36805160351562505 0.3873742611111111 0.008607528906249984 0.008501263888888862
0 0.146860391015625 0.4972080048611111 0.01576062734375001 0.08150950694444445
