8 0.4364026358112799 0.3663758549963342 0.011142769002440201 0.021420037229553816
8 0.56134373671875 0.36729143333333336 0.007345828124999976 0.02285368888888889
9 0.5803204656250001 0.3762696694444445 0.014691657812499948 0.013059250000000036
0 0.922653298828125 0.41136640555555554 0.04165314453125006 0.16977026388888888
2 0.354501822265625 0.4547417777777778 0.02479217265624998 0.03264812499999997
2 0.328332306640625 0.4588227944444444 0.025710400781249997 0.027750908333333355
2 0.288848478125 0.4751468576388889 0.0257104 0.03428053472222222
2 0.258087820703125 0.4759630618055556 0.035810914843749986 0.04244256805555556
2 0.211717276171875 0.47841167083333336 0.05693017109375 0.05060459722222224
2 0.056230026171875 0.49838674705917596 0.10926920078124999 0.05464181356279643
2 0.561329838671875 0.4525591611111111 0.03581091484375003 0.04167737499999997
2 0.60606529140625 0.44972795625 0.046829657812499995 0.09957678750000001
2 0.65700976640625 0.4464631416666667 0.0917884328125 0.13222491666666672
2 0.4565776890625 0.4538089722222222 0.028465085937500058 0.0391777527777778
2 0.5018775097656251 0.45205996875000004 0.05142080078125 0.07672309861111112
2 0.77360758359375 0.4570737847222222 0.18180926093750002 0.2252720805555556
9 0.43745986171875 0.38647085138888887 0.014889715624999944 0.015882363888888938
