9 0.42359712890624995 0.3443879097222222 0.030994912500000017 0.026020419444444404
9 0.8446113484375001 0.3910716048611111 0.014636485937499976 0.02448980694444442
9 0.96729954140625 0.38801037847222225 0.018941334375000098 0.021428581944444462
9 0.789509282421875 0.3405613770833333 0.04046557890624998 0.015306129166666654
9 0.8312663171875 0.41250018541666666 0.010331637499999857 0.02448980694444442
9 0.26948353867187497 0.32831647430555555 0.07748727890624996 0.033673484722222195
9 0.9660080863281252 0.40637773402777777 0.007748727343749984 0.015306129166666614
2 0.22327816328125002 0.4150512145833334 0.034438790625000014 0.026020420833333367
2 0.32673802890625003 0.4089287631944444 0.023246182812499995 0.019897968055555517
2 0.367203608984375 0.41045937569444446 0.016358425781249998 0.010714290277777788
2 0.409391127734375 0.4089287631944444 0.01808036484375002 0.01071429027777771
2 0.45143516015625007 0.4043369229166667 0.01721939531250003 0.013775515277777749
2 0.494196650390625 0.4043369229166667 0.017219396093750026 0.013775515277777749
2 0.583450534765625 0.42729611805555556 0.025829092968750002 0.010714291666666674
2 0.555469017578125 0.45714306944444444 0.019802305468749993 0.021428580555555576
2 0.6313778433593751 0.4471940861111111 0.030994911718750018 0.04744899999999998
2 0.770854973046875 0.43418387569444444 0.017219396093750026 0.02142857916666669
2 0.8707274667968751 0.4265308111111111 0.017219396093750026 0.018367355555555537
2 0.41096958125 0.46377571875 0.006887759374999991 0.012244904166666654
2 0.394611155078125 0.46224510555555554 0.029272971093750044 0.0214285805555555
2 0.11752237421875 0.4262757020833334 0.047353337500000016 0.03826532361111114
2 0.04390945859375 0.45153081458333333 0.0878189171875 0.10408167916666665
2 0.036591215234375 0.4862247159722222 0.07318243046875 0.10714290416666662
2 0.43651167539062496 0.45841857291666666 0.02324618359374995 0.015306129166666614
2 0.79123122265625 0.45000020208333336 0.04993624687500002 0.053571451388888865
2 0.7133134578125 0.4660716381944444 0.09556764531250002 0.1224490347222222
2 0.589764295703125 0.46913286319444447 0.05596303515625003 0.07959187083333334
2 0.886368382421875 0.4323981541666667 0.02582909296875009 0.024489808333333387
2 0.847194258203125 0.42551039444444444 0.026690063281250075 0.029081644444444443
2 0.9496496609375 0.4905614444444445 0.09728958437500008 0.16530619722222223
2 0.51318236793537 0.4487179455626987 0.01535359801488836 0.012406947890818918
2 0.5986739932455436 0.4077750175229965 0.017447270471464014 0.014888337468982608
