9 0.8602679234374999 0.5138320472222222 0.030219042187500024 0.06412069166666667
2 0.9579081828125 0.8332170611111112 0.08317761406249993 0.3285645111111112
2 0.793294317578125 0.7953620701388888 0.2647491960937499 0.2355246097222223
2 0.6135296317583195 0.7253103961104639 0.07678600414163901 0.09888724222092793
2 0.5731870140625 0.7217910534722222 0.027294620312499962 0.07451864305555553
2 0.55905229921875 0.7174585736111112 0.02047096562499995 0.06238770277777787
2 0.5522286453125 0.7079271208333334 0.024370196875000083 0.06065471111111115
2 0.5390687390625 0.7113931027777778 0.013647310937500023 0.03985880833333329
2 0.533219891015625 0.70012865625 0.011697694531249959 0.027727868055555563
2 0.527371044921875 0.6975291701388889 0.021445772656249938 0.025994876388888914
2 0.5127489265625 0.6940631861111112 0.015596925000000006 0.01906290833333336
2 0.501538637109375 0.6923301958333334 0.00877327109374999 0.022528891666666655
2 0.492765366015625 0.6905972027777778 0.00877327109374999 0.022528891666666735
2 0.484966903125 0.6905972034722222 0.006823654687500014 0.015596926388888871
2 0.468395169921875 0.6897307076388889 0.022420580468750017 0.02772786527777779
0 0.35943395273437495 0.683437029861111 0.017138660156249985 0.10781242638888884
