9 0.136664080859375 0.2691895673611111 0.03775423046875 0.06711863194444444
9 0.38214469321844957 0.2516471979166667 0.025897756749399158 0.013728809722222242
9 0.370482891015625 0.2913082069444444 0.04890888828125002 0.05949151388888888
9 0.11017370703125 0.4086609548611111 0.02059321718749999 0.02288135138888884
2 0.31190142421875 0.4255931381944445 0.018019065625000018 0.03355931527777779
2 0.23802326953125 0.4301694076388889 0.025741521875000027 0.02745762083333337
2 0.384578320703125 0.45533889583333337 0.10124998046875003 0.1693220027777778
2 0.295341048828125 0.4339829666666667 0.029173722656249977 0.03508473888888896
2 0.159425807421875 0.4477117798611111 0.09438557578125002 0.11135591249999995
2 0.098933233203125 0.44008466388888884 0.03518007890625 0.04423728333333333
2 0.3373138815830127 0.42142266020289726 0.008374689826302717 0.022332506203473913
