9 0.282443061328125 0.17783017083333333 0.018048967968750017 0.036789861111111107
9 0.18716310703125 0.4575098159722222 0.017546542187500003 0.027727868055555563
9 0.26709734960937503 0.38992313680555557 0.015596925781250003 0.02426188472222219
9 0.365065537890625 0.40725305416666663 0.010722885156249973 0.017329913888888864
8 0.30706447109374996 0.15841077222222222 0.017546542187500024 0.07830057222222224
8 0.492277962109375 0.39252262638888885 0.005848847656250022 0.015596927777777757
8 0.46888257421875 0.4167845097222222 0.005848846875000024 0.015596925000000065
8 0.243114718906436 0.3473322652777778 0.016771410624627992 0.060919855555555534
8 0.25586752578125 0.35894651874999994 0.011700703125 0.03422537083333334
9 0.2389015078125 0.30023133611111114 0.015210912499999996 0.024961494444444475
9 0.30442543671875 0.11093998611111111 0.01287077187500003 0.02080125
8 0.048180070312500003 0.24926827083333333 0.012870771875000003 0.04784286944444444
9 0.046424965234375004 0.21182602500000003 0.009360561718749999 0.018721122222222223
