8 0.46317129999999995 0.21713788124999997 0.012292051562500017 0.0631295486111111
8 0.02134034609375 0.2802674277777778 0.016389401562499996 0.058273427777777796
8 0.618870616015625 0.3943862236111111 0.015023617968750003 0.03399283055555553
8 0.21733027421875 0.47208412847222225 0.009560484375000034 0.019424476388888934
8 0.31771535976562504 0.45144562291666673 0.008194700781249998 0.021852534722222178
8 0.32317849374999996 0.4490175631944444 0.0081947 0.021852534722222258
8 0.478877809765625 0.21349579166666668 0.01365783515625001 0.06070148888888889
9 0.02338902109375 0.3494671236111111 0.0450708546875 0.06555760833333331
9 0.030241921285245908 0.3897849430813091 0.030707196029776673 0.0186104218362283
9 0.593603622265625 0.23656235625 0.03277880390624999 0.05341730972222223
9 0.6065785648437501 0.2778393666666667 0.02048675156250006 0.01942447500000001
9 0.595652296875 0.30819011180555556 0.028681453125000013 0.03642089305555554
9 0.599066755859375 0.3494671236111111 0.030047236718750002 0.02185253611111114
8 0.6072614566406249 0.3943862236111111 0.010926267968749936 0.03399283055555553
8 0.593603621484375 0.39924234236111117 0.008194700781249953 0.03399283194444449
9 0.985583479296875 0.17586086805555556 0.027315669531250107 0.058273427777777796
9 0.9924123964843752 0.11515938125 0.01365783515625001 0.04856119027777777
9 0.35322573046875 0.44051935486111105 0.01365783437500001 0.019424476388888855
9 0.21869605781249998 0.49636472361111117 0.012292051562500017 0.024280594444444383
2 0.2781076390625 0.5145751694444445 0.016389401562499996 0.036420891666666615
2 0.24464594374999998 0.5194312888888889 0.009560484374999989 0.026708652777777786
2 0.4181004453125 0.5000068118055556 0.028681453125000013 0.04613312916666672
2 0.43585563046875003 0.5012208430555556 0.028681453125000013 0.06798566666666667
2 0.25966956210937503 0.5206453180555556 0.02868145234374997 0.04370506944444443
2 0.22689075859375 0.5218593479166667 0.028681453125000013 0.04127700972222222
2 0.35322573046875 0.5752766576388889 0.16662558437500002 0.24523400972222223
2 0.48024359296874997 0.5000068131944444 0.08467857499999995 0.09469432083333335
2 0.8592485078125 0.48786651597222225 0.17618606874999995 0.1238310347222223
0 0.70081762421875 0.4720841291666667 0.02048675156250006 0.09712238055555554
0 0.591554946484375 0.4769402472222222 0.015023617968750003 0.06312954722222218
0 0.923440330859375 0.42716502777777776 0.02048675234374997 0.070413725
0 0.8230552453125 0.4356632361111111 0.013657834374999922 0.03399283333333329
0 0.7998369265625 0.45144562291666673 0.019120968750000068 0.041277012499999995
0 0.97192564453125 0.5085050208333333 0.04097350468749994 0.22338147500000005
0 0.9903637214843751 0.4951506944444445 0.017755185156249985 0.2015289388888889
0 0.668721712890625 0.47572621805555554 0.021852535156250054 0.08983820277777774
0 0.695354490625 0.4866524861111111 0.01775518437499999 0.09226626111111105
0 0.554678792578125 0.4987927833333333 0.017755185156249985 0.10197850000000004
0 0.5533130093749999 0.47329815833333333 0.02048675156249997 0.07526984444444448
0 0.5908720546874999 0.49636472361111117 0.019120968749999977 0.10197849999999996
2 0.07213042890625 0.5825608361111111 0.1442608578125 0.34235639166666665
