8 0.45361596171874996 0.1495216388888889 0.017563771875000002 0.08265304444444443
8 0.427786884375 0.14431756736111112 0.02169642500000002 0.07714284027777778
8 0.78526129921875 0.1663583784722222 0.023762750000000034 0.08081630972222222
9 0.6018912714843749 0.43071420833333335 0.016530608593749996 0.04224488888888887
9 0.523887461328125 0.4646937923611111 0.01343111953124998 0.029387748611111104
9 0.5264703691406251 0.4830611347222223 0.012397957031250063 0.011020405555555533
9 0.6037116003906251 0.4726529666666667 0.010331630468750052 0.022040811111111065
9 0.8647574699218751 0.4004080770833333 0.02582907734374995 0.029387748611111104
9 0.8714730289062501 0.4233672590277778 0.035127542187500006 0.023877545833333298
8 0.8880036378906251 0.4665305125 0.041326521093750124 0.044081622222222214
0 0.61938124609375 0.5501019236111111 0.012397956250000064 0.060612233333333404
0 0.88852021953125 0.5822447749999999 0.025829076562499866 0.1138775277777778
0 0.9365623007812498 0.5914284472222222 0.030994892187499977 0.11020405833333334
0 0.972761749609375 0.59344885625 0.03512754453124991 0.13408160416666665
0 0.9872260320312499 0.5962039548611111 0.022729585937499942 0.17999996249999997
4 0.31027765859375 0.503040820138889 0.5692728390624999 0.4132652180555556
0 0.390864375390625 0.6518163048611112 0.11881375078125003 0.5491835569444444
