2 0.046810808984375 0.3983141986111111 0.09042087890625 0.256059125
2 0.48915498242187494 0.3433061416666667 0.34359528046875 0.6050637583333334
2 0.8285913320312501 0.4345892409722222 0.34167889843750004 0.3257641152777777
2 0.9806264378906249 0.6252110361111112 0.037608683593750136 0.15790313055555552
2 0.895406759765625 0.3015807486111111 0.20644767265625 0.12518446111111112
2 0.30046938125 0.3442572715277778 0.04881127031249997 0.059747131944444476
2 0.2680618984375 0.32291900902777776 0.025605912500000015 0.03698631527777777
8 0.29846891953125 0.012091680555555555 0.01760406562500001 0.02418336111111111
8 0.281264947265625 0.01564805972222222 0.010402402343749983 0.028451011111111108
8 0.316873169921875 0.01849315902777778 0.016003694531249966 0.03129611527777778
8 0.7599647038013544 0.1493088628161577 0.05079016697770866 0.06531940618787097
