2 0.9158319714843749 0.37259322013888885 0.1627929101562499 0.23915285694444444
2 0.833948112890625 0.34573184930555556 0.11990136484375 0.15423626249999994
2 0.97821967421875 0.2443518333333333 0.041916737500000065 0.03812581666666668
2 0.6297258687499999 0.28161115555555555 0.14037232968749996 0.0987805277777778
2 0.498126808984375 0.26688072430555554 0.06433731796875 0.051989751388888866
2 0.461084111328125 0.25215029652777776 0.035093082031250056 0.04332479305555555
2 0.44889901289062506 0.22962140208333331 0.03606788984374996 0.039858809722222215
2 0.43525170390624995 0.2157574701388889 0.022420579687500018 0.02946085972222221
2 0.42599102812500006 0.2036265263888889 0.025345003124999987 0.029460858333333326
2 0.4108815078125 0.19236208125 0.022420579687500018 0.031193851388888878
2 0.31729995468750005 0.16810019722222222 0.01852134843750002 0.02079589999999999
