9 0.401621423046875 0.5144527701388889 0.014501942968750025 0.02109373472222218
9 0.37789097109375 0.5132808972222221 0.011865225000000024 0.023437483333333297
9 0.34559118984375 0.515624645138889 0.01054686718750002 0.018749987499999954
9 0.32647499140625 0.5179683951388889 0.01713865937500003 0.018749987499999954
2 0.512448478021556 0.5393615114820409 0.020890402191444224 0.029492332505568205
2 0.46943882645093565 0.5431845916216516 0.014746166252784132 0.021846172226346834
2 0.45105986679687504 0.5425777513888889 0.013183585156250021 0.016406238888888917
2 0.41905609175392333 0.5366307399537475 0.014746166252784043 0.037138492784789576
2 0.3751356574367356 0.5555512645644348 0.030085050810971126 0.05172825690664745
2 0.32502974625975634 0.5491565435905628 0.02215832064451275 0.029563823292236672
2 0.2061583164793528 0.5480999803725797 0.03502214485036226 0.031676949728202904
2 0.1517818284222114 0.5513769062065317 0.03686541563196029 0.031676949728202904
2 0.03748943959448043 0.6574214229166666 0.07497887918896086 0.2320310902777777
4 0.5571507182358503 0.5335757616461183 0.04453986303420052 0.06072538718112557
