2 0.46094755546875 0.49499965138888896 0.025048810937500044 0.042187469444444445
2 0.590805863671875 0.4949996534722222 0.047460905468749995 0.05624995972222224
2 0.5888283265625001 0.5184371361111111 0.040869112499999985 0.06093745833333336
2 0.42996613046875004 0.48562465833333335 0.018457018749999943 0.023437483333333297
2 0.6455177398437499 0.5242965083333333 0.08305658124999997 0.12421866666666664
2 0.1985942203125 0.5946089583333334 0.264990053125 0.2460935805555555
9 0.465561809765625 0.4492965590277778 0.007910150781250014 0.02109373472222218
0 0.367344103125 0.4985152756944444 0.01186522656250002 0.03046872916666664
2 0.978403253515625 0.7949994465277778 0.042187471093749984 0.34218726527777776
2 0.5227451272975382 0.46310993567420544 0.09614718428257643 0.2082108907928554
