3 0.093223261328125 0.45118421249999996 0.01099095390625 0.02842105277777773
2 0.11420599218750001 0.4467434243055555 0.008992599999999995 0.012434212499999988
2 0.128194478515625 0.4502960555555556 0.008992599218750019 0.012434211111111104
2 0.144680909375 0.4600657923611111 0.011990131250000013 0.017763159722222196
2 0.108710514453125 0.4618421076388889 0.007993421093750008 0.017763156944444504
2 0.1177031140625 0.4618421076388889 0.007993421875000007 0.017763156944444504
2 0.122699001171875 0.46805921249999993 0.011990130468750016 0.019539472222222225
2 0.13319036679687501 0.4760526340277778 0.012989308593750004 0.014210526388888903
2 0.04126602421875 0.48315789791666663 0.024979440625000005 0.0213157902777778
2 0.108710515625 0.4938157923611111 0.025978618750000005 0.03907894861111111
3 0.16716240624999998 0.4405263173611112 0.012989309375000003 0.021315787500000027
2 0.174656238671875 0.44940789722222213 0.01199013203124999 0.01776315833333331
2 0.1986365015625 0.45384868680555557 0.01199013124999999 0.01953947361111111
2 0.204131979296875 0.46539473958333333 0.01099095390625 0.014210526388888903
2 0.21712128789062496 0.4565131611111111 0.01099095390625 0.01776315833333331
2 0.208628278515625 0.44851973958333335 0.00999177734375003 0.01598684305555559
2 0.23160936406249996 0.4582894770833333 0.009991776562499988 0.014210529166666595
2 0.163165696875 0.4769407923611111 0.020982731249999987 0.01953947361111111
2 0.290560844140625 0.4760526340277778 0.015986841406249973 0.014210526388888903
2 0.32103576250000004 0.4840460555555555 0.018984375000000008 0.0230921055555556
2 0.183149248046875 0.46717105416666665 0.012989308593749981 0.024868419444444435
2 0.1986365015625 0.47516447500000003 0.013988485937500017 0.019539472222222225
2 0.21812046562499998 0.4804934236111111 0.014987664062500006 0.02309210555555552
2 0.330028360546875 0.5133552659722223 0.04496299296875002 0.06039473749999994
2 0.144680909765625 0.49559210763888883 0.027976974218749985 0.031973684722222215
2 0.177154182421875 0.5018092138888889 0.03297286171875 0.04085526388888891
3 0.07423888671874998 0.49825658125 0.06294819218749999 0.06572368472222223
3 0.24909497265625 0.4707236881944444 0.024979440625000036 0.0461842125
9 0.157727028515625 0.41097082500000004 0.02386664453124998 0.02358466944444441
9 0.209089257421875 0.41299342361111113 0.030897286718750028 0.0230921055555556
9 0.29783755703125003 0.43568422430555553 0.023415324999999987 0.020342081944444444
9 0.235452937890625 0.4109598 0.010915036718750003 0.009702255555555596
