0 0.237853114453125 0.5242299965277778 0.017546541406250026 0.08491659305555556
0 0.29439197031250003 0.5198975180555555 0.015596925000000006 0.07625163611111105
0 0.27245879296875 0.5155650388888888 0.018521348437499974 0.09531454444444441
0 0.125262808203125 0.5658217993055555 0.03021904296875 0.22355593194444442
0 0.081396455078125 0.5562903444444445 0.04191673671875 0.20449302222222224
0 0.6147500064002458 0.5169691849500354 0.022733672973042206 0.15292320558442776
0 0.66871818203125 0.5250964930555556 0.03899231406250001 0.17676515555555558
0 0.7817958921875 0.5224970055555556 0.04289154531250006 0.19236208055555556
0 0.740366558984375 0.5164315347222221 0.028269427343749952 0.18023113888888886
0 0.57611143671875 0.49130315416666664 0.019496156249999962 0.09184856111111105
0 0.500076424609375 0.4939026416666667 0.02144577265625003 0.09011556944444447
0 0.52152219765625 0.4939026416666667 0.015596925000000006 0.07278565277777783
0 0.540043546875 0.4947691375 0.015596926562500002 0.06412069444444445
0 0.310476298828125 0.5120990555555556 0.01462211796874997 0.0779846277777777
0 0.324123609375 0.5164315347222221 0.010722885937499971 0.06931966944444438
0 0.9874803480468749 0.48957016249999996 0.023395388281250006 0.2512838
0 0.960185728515625 0.4904366590277778 0.025345003906249986 0.23915285972222225
0 0.9158319718750001 0.4367139145833333 0.02631981250000006 0.1039795041666667
0 0.9377651480468749 0.43671391527777775 0.025345003906249986 0.0866495861111111
0 0.8578309035156249 0.509499567361111 0.035093082031250056 0.22182294027777777
0 0.834922919140625 0.46270879097222223 0.024370196093749998 0.1282413875
0 0.8232252257812501 0.5060335840277778 0.030219043750000018 0.20102704027777776
0 0.71794597890625 0.5198975180555555 0.026319812499999973 0.1732991722222222
0 0.166204737890625 0.5172980305555555 0.012672502343749992 0.06758667777777774
0 0.47960545976562496 0.5043005930555555 0.011697694531250047 0.06585368611111117
0 0.5610019152343749 0.4913031548611111 0.010722886718750057 0.07798462916666667
0 0.5507664328124999 0.49216965 0.009748078124999981 0.06931966944444447
0 0.696987609765625 0.5017011048611112 0.01949615703124996 0.12650839583333326
1 0.047278180859375 0.5580233347222222 0.03606789140625 0.1906290888888889
7 0.04971519921875 0.6030811208333333 0.031193851562499996 0.055455736111111126
2 0.018521348828125 0.5259629888888889 0.03704269765625 0.08838257777777775
0 0.102354823828125 0.5233635006944444 0.019496157031249996 0.11091146805555552
2 0.347518996875 0.5190310215277778 0.022420581250000016 0.05025675972222222
0 0.6311880808593751 0.5129655506944445 0.026319811718750065 0.1490372875
2 0.384561694921875 0.5294289722222222 0.07895943515625001 0.09531454444444441
8 0.34655410767773487 0.34602288727887154 0.009830777501856059 0.022938480837664147
8 0.4699228180699139 0.3301844124147701 0.01377818301482776 0.028400023894250895
8 0.745240598046875 0.20882550277777776 0.016571733593749992 0.053722744444444435
8 0.8729404261718748 0.33446740277777776 0.012672502343749947 0.03465983333333335
8 0.840284362890625 0.34053287430555557 0.023395388281250006 0.046790776388888886
8 0.20227262812499996 0.4488448569444444 0.010722885937500015 0.017329916666666632
9 0.21055849453124997 0.4150515173611112 0.019496156250000007 0.008664959722222202
8 0.21838183954208787 0.4536260824880628 0.0117474587716758 0.019960401087236887
9 0.888537351171875 0.21662396597222222 0.06141289453124994 0.10744548749999999
9 0.7915439707031251 0.19496157083333335 0.025345003906250073 0.07105266111111111
9 0.5151859468750001 0.40638656041666665 0.022420581250000016 0.019062906944444395
8 0.53224508359375 0.4367139152777778 0.007798462500000003 0.02079590000000001
8 0.5171355625 0.4367139159722222 0.008773270312499993 0.017329915277777826
2 0.45913449570312503 0.5224970055555556 0.025345003906249986 0.03985881111111106
2 0.43991387421874995 0.5147547506944444 0.032228123437500054 0.06624669861111114
0 0.14440874529581937 0.5759538499611718 0.02580579094237214 0.1616616744749665
0 0.6006182637413277 0.4798306921652458 0.016589437034382114 0.08520007168275265
