9 0.4916206075903199 0.15000968305326828 0.06266446361813979 0.12466784222679675
9 0.5353813785377067 0.23192852837136865 0.06866029145041334 0.03407511229829289
9 0.49130315351562504 0.28074465972222223 0.06628693359374997 0.03119384999999997
9 0.388460926953125 0.3500643277777778 0.03216866015625004 0.0623877027777778
9 0.36409073046875 0.4193839979166667 0.010722885937499971 0.027727868055555563
9 0.356292267578125 0.4679077673611111 0.018521349218749972 0.013863934722222224
9 0.376275828515625 0.4731067395833333 0.011697694531249959 0.013863934722222224
9 0.107716266796875 0.44277938749999995 0.014622117968749992 0.012130941666666692
8 0.224205805078125 0.4471118652777778 0.007798461718750005 0.017329916666666632
8 0.3163251453125 0.4315149381944445 0.004874039062500035 0.020795901388888892
8 0.23102945976562497 0.4497113520833333 0.005848847656249978 0.019062906944444395
8 0.30755187578125 0.42718245972222224 0.006823656250000009 0.015596924999999985
8 0.508362292578125 0.36652774861111115 0.024370196093749998 0.046790777777777806
8 0.46352113046875 0.3682607423611111 0.024370196874999993 0.057188729166666695
0 0.530295469140625 0.5658217979166666 0.03119385078125001 0.15077027916666666
0 0.503488251953125 0.5476253854166667 0.016571733593749992 0.11784343749999995
0 0.37627582890625 0.571887270138889 0.03509308281249997 0.17676515694444445
0 0.42160439375000003 0.5484918826388889 0.024370196874999993 0.10917847916666672
2 0.15791887109375 0.6628693347222223 0.3158377421875 0.3448653527777778
2 0.25539965546875 0.5346279479166667 0.02339538750000001 0.0329268430555555
2 0.286106103125 0.5363609395833333 0.020470965624999993 0.02946085972222221
2 0.325585820703125 0.5155650388888888 0.03119385078125001 0.06412069444444445
2 0.30072822109374997 0.5380939305555555 0.008773270312499993 0.02599487777777772
