2 0.27895420664062504 0.5491073881944445 0.02841200234375001 0.06275512916666667
2 0.258290932421875 0.53762779375 0.05940691484374998 0.08877554861111107
2 0.14679534609375003 0.5498726944444444 0.21438147500000002 0.13163270833333335
2 0.044770428125 0.5521686145833333 0.0327168515625 0.12091842083333333
2 0.48881558945312503 0.5261481958333333 0.011192607031250024 0.02602041944444448
2 0.5153980320312501 0.5223216645833333 0.007533487500000024 0.021428584722222234
2 0.46729134570312497 0.5284441145833333 0.016358427343749947 0.03673470972222219
2 0.47633152773437504 0.5230869687499999 0.010331635156249953 0.019897965277777825
2 0.45782067812499994 0.5330359534722222 0.024968123437499923 0.04285716250000004
2 0.44921098046874997 0.5391584055555556 0.028412004687499957 0.04897961388888884
2 0.423812371875 0.5391584034722222 0.039604610937499986 0.06734696527777781
2 0.38937358046875004 0.5399237118055555 0.051658185937500004 0.09030616250000002
2 0.541119503125 0.5330359548611111 0.040465579687499975 0.07040819305555554
2 0.571253444921875 0.5307400326388888 0.057684974218750004 0.10255106527777771
2 0.26668538750000004 0.49170940625000004 0.1291454640625 0.11938781250000001
2 0.33864811953125 0.5622451652777778 0.10676025156249999 0.14081638888888892
2 0.504384801953125 0.5369900527777778 0.03702170078124993 0.05357145277777783
2 0.5986609921875001 0.5415818923611111 0.0843750375 0.12091842083333333
8 0.376674276171875 0.21275519791666667 0.021524244531250014 0.08265309861111111
8 0.53896707890625 0.21581642361111114 0.012053576562499923 0.06122451666666665
8 0.469228526953125 0.46392878819444444 0.006887758593749993 0.01683674027777771
8 0.702120851953125 0.4271940770833333 0.023246183593750035 0.03826532361111114
9 0.6807401191406249 0.33596954027777776 0.036160730468750034 0.022959194444444442
9 0.61057108359375 0.26096950555555554 0.08695794843750004 0.05969390277777775
8 0.487021919140625 0.4696430847222222 0.005165817968749931 0.016836741666666672
8 0.141199043359375 0.45331653888888895 0.008609699218749989 0.016836741666666672
8 0.6727044183593749 0.42117366666666667 0.013775516406249988 0.029081644444444443
9 0.112356555078125 0.4563777618055555 0.031855880468749986 0.01989796527777775
2 0.9878590665546856 0.6043478802643444 0.020583855953128526 0.06991973830646658
8 0.480564646484375 0.49030635902777775 0.006026788281249917 0.015306131944444384
8 0.25829090624999995 0.3621015618055555 0.012053576562499968 0.03367348472222223
