8 0.231751616015625 0.4014294333333333 0.006216546093749997 0.010201511111111077
8 0.35632162421875 0.40015424375 0.0047819578124999925 0.007651131944444403
8 0.468219440234375 0.3465963138888889 0.006694741406249971 0.02295339999999998
8 0.49452020976562505 0.37252515347222215 0.007651133593750003 0.023803523611111092
8 0.35362579531250005 0.41259443055555556 0.004303762499999975 0.005100755555555578
8 0.31274005351562495 0.3879407805555556 0.0038255664062500027 0.006801005555555485
8 0.382556641796875 0.3236145861111111 0.005738349218750027 0.02550377777777777
9 0.7039839285156251 0.35110198541666665 0.01864963515625 0.04080604305555558
9 0.35506038281249996 0.3393419138888889 0.013867678125000005 0.009351383333333354
2 0.3526694109375 0.43192467638888893 0.014824070312499993 0.021253147222222265
2 0.340475418359375 0.4302244229166667 0.027735357031250008 0.021253145833333303
2 0.32708593515624995 0.4331998652777778 0.027735356249999964 0.023803524999999975
2 0.30819720156249997 0.43532517916666663 0.028213553124999978 0.02805415277777775
2 0.2914603484375 0.4349001173611111 0.020562418750000023 0.020403020833333268
2 0.2740062015625 0.4400008715277778 0.03825566406250003 0.034005034722222244
2 0.522349219140625 0.40976066874999995 0.007651133593750003 0.01530226527777777
2 0.5106334226562501 0.42336268402777777 0.02151881093750001 0.03230478472222218
2 0.5321522328125001 0.4152864868055556 0.015780460937499984 0.024653648611111044
2 0.44846796757812496 0.4233626833333334 0.02630076953125 0.025503777777777813
2 0.609779355859375 0.40933560555555554 0.005260153906250053 0.01955289444444443
2 0.617191391015625 0.41571155069444443 0.013389482031250033 0.03400503472222217
2 0.6430139636718749 0.4029596618055556 0.006694741406249971 0.01530226527777777
2 0.6492305101562501 0.403384725 0.008607523437499954 0.01615239166666669
2 0.652816978125 0.40551004097222226 0.009085720312500012 0.013602015277777706
2 0.66429367734375 0.40423485138888887 0.011954895312500024 0.02125314722222219
2 0.67672676796875 0.40465991319444444 0.010998503125000081 0.022103270833333334
2 0.687486174609375 0.4046599138888889 0.011476699218750053 0.018702769444444475
2 0.696810991796875 0.40551003958333337 0.010042111718749958 0.023803523611111092
2 0.707331299609375 0.40423485138888887 0.010042111718749958 0.01955289444444451
2 0.7245463484375 0.4042348506944445 0.026300768750000002 0.02635390138888888
2 0.23966304374999997 0.4682865215277778 0.09181359375000002 0.07991183194444444
2 0.09225763164062499 0.48086764861111114 0.07220756484374999 0.05525818055555555
2 0.0516109890625 0.47321651527777775 0.044472209375 0.04165616666666665
2 0.40284581445312495 0.4706661375000001 0.10711586015624999 0.1334697611111111
2 0.482533726953125 0.4332605986111111 0.04829777578125007 0.0739609527777778
2 0.573732516796875 0.44133679375 0.08846622421874999 0.1496221541666667
2 0.631730831640625 0.4196585854166667 0.027257160156250036 0.036555412499999954
4 0.8657734984375001 0.3340994673611111 0.26683325625 0.4913727541666667
