8 0.06196284882812499 0.3785153638888889 0.010546869531250003 0.044531222222222215
8 0.675526891015625 0.12773428750000002 0.018984355468749926 0.09609368611111112
8 0.044824186328125 0.36562475 0.013183585156250005 0.028124983333333336
8 0.6652436910156251 0.35859350624999997 0.013183583593750025 0.03749997638888891
8 0.683700708984375 0.1863279951388889 0.01845701640624995 0.07734369583333334
2 0.5545144890874896 0.5311787398667505 0.024810943799979147 0.03110818806683429
2 0.185483470709698 0.5425514544190665 0.04823278204439603 0.06791610883813293
2 0.20091557323858295 0.5464838496303293 0.036909519914665914 0.07890649796156374
2 0.7618793515625 0.5296871354166667 0.011865223437500027 0.014062490277777803
2 0.75462837890625 0.5402340069444445 0.013183584374999936 0.021093736111111146
2 0.7691303234375 0.5437496277777778 0.015820303125000025 0.023437488888888917
2 0.780336370703125 0.5484371263888889 0.022412096093750035 0.03749997500000006
9 0.800902769921875 0.5472652534722222 0.021093736718750034 0.037499976388888946
9 0.89121032265625 0.20156236041666667 0.03032224218750006 0.058593706944444456
9 0.7560785828125001 0.3011716715277778 0.06064449062500001 0.0328124736111111
4 0.31376931523437496 0.4992184069444444 0.18457018671875 0.1710936333333333
2 0.43373993671874994 0.5999375958072167 0.27421856250000004 0.1899676111633442
9 0.0533158188904854 0.42209463107818895 0.0248934127809708 0.021533581600822378
9 0.0402099328125 0.4042965958333333 0.019775378125 0.014062488888888917
2 0.8339876636526341 0.5509035505365539 0.04507605386776827 0.05883906773977448
2 0.874755946484375 0.7002207633449569 0.25048810703125 0.36971284723804504
8 0.694115734375 0.40664034444444447 0.013183585937499931 0.06562495277777775
8 0.8061762046875 0.2343748388888889 0.023730454687500124 0.08203119444444447
8 0.9333977953125 0.2027342347222222 0.014501942187500028 0.06093745555555557
9 0.67592240234375 0.5074215249999999 0.02504881249999995 0.04453121111111113
9 0.7022895722656249 0.49570278472222223 0.009228508593750018 0.021093730555555603
8 0.43170779687500005 0.40712609791666665 0.00956693124999992 0.0467716680555556
8 0.42513053046875005 0.3390945833333333 0.008371065624999919 0.03401575833333336
4 0.4747983728981492 0.477874273106123 0.0725806451612903 0.03101736972704714
