2 0.053563328515624994 0.4100060673611111 0.02387394296875 0.0408101597222222
3 0.421073394921875 0.3916609326388889 0.014691657031250038 0.031015720833333343
2 0.42107339453125 0.39842375763888893 0.0128552 0.01795646805555554
2 0.41051376445312504 0.4074019944444444 0.01010051484375003 0.0359129416666667
2 0.382507793359375 0.37965108541666664 0.04958434296875005 0.08814994305555557
2 0.31015927352416334 0.37484329537735134 0.026093475173326653 0.01941001480085281
2 0.303081021875 0.4057695875 0.046829657812499995 0.055501816666666634
2 0.1699378765625 0.377202475 0.2212930890625 0.36729143333333336
2 0.3301687640625 0.4204612451388889 0.02203748593750001 0.026118501388888878
2 0.367357021484375 0.4196450430555556 0.04866611484374998 0.034280533333333335
2 0.38434425039062503 0.4876231097222222 0.07896765859375003 0.1212644777777778
2 0.04278747005930254 0.47359777943457515 0.0823840885561051 0.17604678386915032
2 0.3092020015625 0.5912575819444444 0.23506651874999998 0.32648127499999996
2 0.027799303419240945 0.3618693103269667 0.048154466501240695 0.07692307692307697
2 0.34324595354331044 0.39474772223763666 0.03140508684863521 0.058312655086848665
