2 0.4738193420549849 0.44047731038591 0.020731301297469786 0.03064518466070878
2 0.4041706644674523 0.434449955488257 0.029029942940095265 0.02853598014888337
8 0.41625006171875006 0.38103099722222217 0.005798970312500007 0.01649484999999997
8 0.38261603515625 0.39237120347222226 0.008118557812500038 0.01855670416666663
8 0.4672883438724048 0.3744229111731224 0.006758659532526056 0.012015394724490768
9 0.601817119921875 0.3136082965277778 0.010902057031249957 0.035051551388888866
9 0.549278448046875 0.3878351201388889 0.013917527343749913 0.014432993055555541
9 0.55333772734375 0.24453612083333334 0.015077321875000039 0.053608255555555574
2 0.5695670177676223 0.44108310455288596 0.03076688866024462 0.03598744799466079
2 0.43361748847753 0.4311403100416067 0.023717635625262988 0.03184224756823776
