9 0.2211217960741521 0.15488741490466065 0.027204270273304233 0.04423674369821017
9 0.36010852845047037 0.20061775096924572 0.024199788150940683 0.04210609638293583
9 0.4371009907721205 0.19945326329692697 0.025146625294240898 0.04195368214940945
2 0.255726660546875 0.45788998680555554 0.011936971093749981 0.02122127916666664
2 0.267204519140625 0.4595223944444445 0.014691657031249994 0.037545347222222206
2 0.49643375078125 0.45695718750000003 0.07804942968750002 0.09304716111111107
2 0.084936144140625 0.43030233055555556 0.017446342968749994 0.009794436111111162
2 0.10697363007812499 0.43356714305555555 0.010100514843750009 0.013059249999999956
2 0.08723171562500001 0.4564208319444445 0.023873943749999994 0.026118502777777764
2 0.050502571875 0.4605018493055556 0.0716218296875 0.03428053749999999
2 0.03045457890625 0.45925034374999996 0.0609091578125 0.039177754166666606
2 0.179120162109375 0.49531873888888894 0.16987228984375 0.2220072666666666
2 0.36184764921875 0.46675162569444445 0.07254005625 0.15181379305555553
2 0.5793100771469725 0.46892317317214316 0.10344430898144488 0.15289207134428634
2 0.8287262230869665 0.5003330952656848 0.34254755382606694 0.3041647149754017
2 0.298424290234375 0.4271463423611111 0.06060308671875001 0.1371221347222222
9 0.11082416054687498 0.15155440763888886 0.027542099218749994 0.041968912500000004
0 0.642399068124216 0.45143066827099493 0.015360589846650096 0.09612315779592598
