8 0.32055078515625 0.39615889722222225 0.012433098437499979 0.06120909999999995
8 0.749173890234375 0.5177269708333333 0.011476707031250033 0.03910581388888896
8 0.9689847054687499 0.39049139583333337 0.012433098437499979 0.044206572222222226
8 0.33441847382812495 0.3970090236111111 0.013389489843749968 0.059508844444444424
8 0.30716129687500004 0.3885077611111111 0.014345882812499999 0.04250631944444447
9 0.16163028125 0.53076225 0.024866196875000003 0.015302275000000047
9 0.185540084375 0.5469146541666666 0.009563921875000015 0.017002527777777724
9 0.8049634453125 0.5670343013888889 0.017215059375000053 0.02210328611111107
9 0.22809953710937503 0.6809512388888889 0.00669474765625 0.02890430000000003
2 0.3667764046875 0.6903026291666667 0.008607528124999986 0.013602022222222211
2 0.35243052109375 0.6988038916666667 0.02582258906249999 0.040806066666666634
2 0.2089716921875 0.7285583173611111 0.050688785937500015 0.052707837499999896
2 0.10329035703125 0.7464109694444444 0.0688602375 0.0816121305555555
2 0.04734141328125 0.7277081881944445 0.0334737265625 0.03060454861111105
2 0.5284066843749999 0.6758504805555555 0.006694745312499961 0.015302275000000047
2 0.614003785546875 0.6681993444444444 0.011476707031250033 0.017002527777777804
2 0.6316970398437499 0.6690494694444444 0.014345882812499955 0.02210328611111107
2 0.646999315625 0.6673492159722222 0.014345882812500044 0.022103284722222265
2 0.6680399433593751 0.6664990902777778 0.018171452343749995 0.027204044444444422
2 0.70964300390625 0.65969808125 0.024866196875000045 0.0374055625
2 0.73737837734375 0.6588479527777777 0.028691767187499995 0.03230480277777777
2 0.774677671484375 0.6528970666666667 0.032517333593749954 0.04760707500000005
2 0.8253664593749999 0.6460960548611111 0.028691767187500085 0.04760707638888885
2 0.918040884375 0.6494965625 0.02964815781250003 0.03740556111111112
2 0.8960438648437499 0.6469461833333333 0.023909804687499835 0.0663098583333333
2 0.456581625 0.6852018694444445 0.00956392187499997 0.013602022222222211
2 0.309392873046875 0.7217573048611112 0.07555498359374999 0.0867128930555555
2 0.395468170703125 0.7022043986111112 0.06599106015624998 0.09521415555555564
2 0.5398833902343749 0.6826514923611111 0.02773537265624997 0.03910581250000007
2 0.44520056406249997 0.6860519958333333 0.010520314062500003 0.015302274999999968
2 0.5154953886718749 0.6690494701388889 0.0076511367187499955 0.011901768055555569
2 0.55948943125 0.6767006062500001 0.007651137499999993 0.013602023611111175
2 0.8691214023437499 0.6477963083333333 0.06407827656249995 0.10371541666666673
2 0.96858618828125 0.6414203611111111 0.062165492187500074 0.05270783611111109
2 0.031082746093750002 0.7683101393091363 0.062165492187500004 0.10245706195160567
