2 0.016107958203125 0.4697827506944445 0.03003177265625 0.12966099305555553
2 0.16669585390625002 0.46063020972222224 0.08923727187500001 0.09915252222222222
2 0.252929946875 0.4629183451388889 0.007722456250000009 0.02440677361111112
4 0.289826126171875 0.46368105833333334 0.014586860156250037 0.01983050555555555
2 0.316854724609375 0.4789352902777777 0.022309319531249993 0.03203389166666671
9 0.357612131640625 0.4537658041666666 0.012870760156250017 0.02135592500000006
9 0.19540590358669774 0.3940844661768345 0.015975013440516127 0.025123098060298808
2 0.3700343578125 0.4843219409722222 0.012012709374999986 0.021355926388888866
9 0.375182662109375 0.4652541506944444 0.015444913281250017 0.019830506944444437
9 0.457126502734375 0.47059313125 0.011154660156249996 0.018305081944444388
9 0.18340833359375 0.4118643305555556 0.007722456250000009 0.013728808333333358
2 0.236607476171875 0.4591524548611111 0.028315672656249992 0.03813558472222225
2 0.347725040234375 0.4980507520833333 0.04805083828125003 0.07627117083333337
2 0.50474831484375 0.5308473576388888 0.05491524375000001 0.0838982875
2 0.29752907500000003 0.4759321118055556 0.007722456250000009 0.013728809722222242
2 0.303535429296875 0.4789829597222222 0.009438557031250027 0.022881352777777725
2 0.3149673433658252 0.454707594104947 0.027761163268349476 0.06335389945640581
2 0.20830155859375 0.4408235409722222 0.023186876562500004 0.02588452916666668
2 0.27050047734375 0.46983042013888887 0.03088982343750004 0.03508474027777776
9 0.4073790703125001 0.4827488506944445 0.011154659374999997 0.02745762361111106
