9 0.198033223046875 0.31897080624999996 0.029779432031249997 0.0661765152777778
9 0.198033223046875 0.37058848819444445 0.029779432031249997 0.052941212499999994
9 0.632961837890625 0.48705915625 0.013400744531250019 0.021176484722222236
9 0.694158580078125 0.4698532618055556 0.011911772656250008 0.018529423611111106
8 0.595290851953125 0.4791179743055556 0.0059558867187499585 0.021176484722222236
8 0.19803322343750002 0.5016179895833334 0.005955885937499983 0.02382354583333329
8 0.589334965625 0.4791179743055556 0.005955885937500049 0.021176484722222236
0 0.160808933203125 0.54926508125 0.029779432031249997 0.1455883347222222
2 0.5854636304687499 0.5558827319444445 0.017867659375000056 0.026470605555555613
2 0.63951330390625 0.5691180354166666 0.028290460937499963 0.08470594027777775
2 0.661847878125 0.5770592173611111 0.046158120312500016 0.10588242638888888
2 0.6968387109374999 0.5863239291666666 0.06849269374999993 0.15088245555555552
2 0.785581427734375 0.5969121722222221 0.17569864921875009 0.2461766388888889
2 0.544516911328125 0.5505886111111111 0.013400744531250019 0.0317647277777778
2 0.49612533398437497 0.5651474444444444 0.014889716406250031 0.045000030555555605
2 0.47766209531250003 0.567794504861111 0.032757375 0.0502941513888889
2 0.529776101171875 0.5532356715277778 0.02084560234374999 0.031764726388888914
2 0.607649320703125 0.5625003840277778 0.037224289843750036 0.0502941513888889
2 0.904103576171875 0.6366180812500001 0.19058836484375002 0.46852973194444436
2 0.376709816015625 0.50426505 0.14889716015625 0.16411775833333334
0 0.5659033306878984 0.5562922949574597 0.00860193031412404 0.04150772723005897
8 0.24658807513139974 0.5045492110713836 0.020936724565756838 0.06451612903225805
