2 0.18680397327257364 0.5601153750970703 0.04792504032154834 0.08847699751670454
2 0.52484682734375 0.48765295763888883 0.012397956250000064 0.011020406944444418
2 0.5367282023437501 0.4922447930555555 0.0072321406250000385 0.01653060833333334
2 0.544993505859375 0.49683662916666665 0.015497446093749988 0.022040811111111065
2 0.32234687109375 0.5115305041666667 0.02892856562499997 0.04408162222222229
2 0.272755044140625 0.5133672368055555 0.08265304296875002 0.06612243472222225
2 0.2515752015625 0.5326529472222222 0.1270790546875 0.10469385555555553
2 0.3822325448600027 0.5045723106721431 0.04538360847000526 0.08159379634428632
2 0.55894120703125 0.5409182527777777 0.04339284843750004 0.05877549722222221
2 0.574955233984375 0.5308162138888889 0.015497444531250081 0.03857141944444441
2 0.618348082421875 0.5920884505313981 0.10434946796875008 0.132761593381648
0 0.7004620977445535 0.5300768882858435 0.013517319065052113 0.06335389945640581
9 0.9459181519531249 0.4712562729166666 0.020663260156249842 0.036734684722222175
9 0.44328433125 0.4574807652777778 0.013431120312499979 0.02387754722222226
2 0.50876193645836 0.49566916702934727 0.013517319065052113 0.018569246392394788
2 0.504460971301298 0.5104153332821314 0.014746166252784132 0.021846172226346834
