8 0.538071525 0.2864060465277778 0.007910150000000015 0.018749987499999992
9 0.602671090625 0.31804664930555554 0.013183584375000024 0.011718743055555534
9 0.30801797265625 0.26999980625 0.011865226562499975 0.04218747083333333
0 0.248032662109375 0.3696091152777778 0.021093736718750034 0.0773436972222222
2 0.412827471484375 0.3637497423611111 0.015820302343750026 0.042187470833333365
2 0.401621423046875 0.36960911319444445 0.019775377343750032 0.0445312180555556
2 0.381846046875 0.37312473611111113 0.040869112499999985 0.06093745833333332
2 0.631015798046875 0.36960911458333334 0.04086911171874998 0.058593709722222206
2 0.772080154296875 0.3953903465277778 0.06987299765625013 0.08203119305555558
2 0.30857678790287546 0.3765753221909499 0.10790466643075095 0.14752607493745537
2 0.47215360273437507 0.34851537847222225 0.010546867968750017 0.02109373472222218
2 0.49720241367187495 0.36609349166666666 0.03164060390625005 0.046874969444444484
2 0.5426857796875 0.36843723958333335 0.030322243749999967 0.042187470833333365
2 0.573667203515625 0.36843723958333335 0.03164060390624997 0.05156246527777782
2 0.654087070703125 0.3848434798611111 0.047460905468749995 0.06562495416666667
2 0.7147315605468749 0.3871872263888889 0.06591792421874994 0.08437494166666669
2 0.45303740429687506 0.36843723958333335 0.046142546093750084 0.07968744583333331
2 0.863046887890625 0.4000778430555556 0.14370107265625007 0.13359365833333334
2 0.13126730273437498 0.4457809375 0.26253460546874996 0.2812498083333333
2 0.044914823046875 0.5946089576388889 0.08982964609375 0.22265609583333332
9 0.7652837868974169 0.3110690117167166 0.012902895471186237 0.04915388750928042
