9 0.603005649609375 0.24553025069444445 0.026217636718750013 0.08822442916666667
8 0.49251703593749996 0.29963013541666667 0.0074907531250000044 0.02663379027777779
8 0.380623907421875 0.3329223743055556 0.006554408593749983 0.023304568055555523
8 0.3881146609375 0.3312577625 0.006554409374999981 0.023304566666666637
8 0.375942187109375 0.33375468055555557 0.008427097656249983 0.024969180555555522
8 0.500007790625 0.3021270534722222 0.0074907531250000044 0.024969176388888906
8 0.48643080000000005 0.29713321875000004 0.004681721875000022 0.024969179166666678
8 0.5599338171875 0.3628853888888888 0.0074907531250000044 0.013316894444444375
2 0.48174907851562504 0.38286072916666664 0.008427096093749942 0.013316894444444453
2 0.46817208828125 0.38868687152777776 0.005618065624999957 0.014981506944444414
2 0.462554023828125 0.39284840069444443 0.011236128906250009 0.019975340277777795
2 0.45412692578125 0.40033915555555555 0.016854195312500053 0.02829840277777783
2 0.4765991859375 0.39368070694444446 0.016854195312500053 0.021639952777777832
0 0.482217251171875 0.41948219166666667 0.011236130468750005 0.01997534444444445
0 0.47379015390625 0.43696061597222224 0.0074907531250000044 0.028298401388888866
0 0.759843299609375 0.4211468041666666 0.057116994531250055 0.1598027388888889
0 0.84177341484375 0.43862522777777774 0.0730348453125 0.28797785277777777
0 0.929789767578125 0.4186498847222222 0.0955071054687501 0.28464862777777783
3 0.433527354296875 0.3970099326388889 0.035581077343750066 0.051602968055555545
2 0.43165466523437496 0.41781757777777784 0.02059957109374997 0.029963013888888904
2 0.416673158203125 0.43529600416666664 0.028090324218749973 0.0382860722222222
0 0.435868214453125 0.4377929215277777 0.01591785078125003 0.023304565277777793
0 0.39888261875 0.46442671111111117 0.014981506250000009 0.06325525277777781
0 0.41854584765625 0.4577682638888889 0.013108818749999963 0.03995068333333328
0 0.43633638632812505 0.45943287569444446 0.014981507031250008 0.05326758194444447
0 0.461149507421875 0.4427867576388889 0.01591785078125003 0.06658447638888892
2 0.367046918359375 0.47441438263888885 0.03558107890625002 0.0765721458333333
2 0.289330351171875 0.44528367569444444 0.14606969140624998 0.23471027361111108
2 0.30618454531249994 0.5176942916666667 0.10861592500000002 0.129839725
2 0.130151840234375 0.5826141541666666 0.18726883671875 0.17311963333333327
2 0.048689897265625 0.6150740861111111 0.09737979453125 0.20141803611111112
2 0.54682499921875 0.3945130131944445 0.11797936562500003 0.056596804166666695
8 0.603005650390625 0.36038847013888886 0.01872688359375001 0.018310731944444412
2 0.664336193359375 0.6733355013888889 0.4953260695312499 0.5609742
