9 0.64191096640625 0.4107190381944444 0.022420581250000016 0.051989751388888866
9 0.367015154296875 0.4618422951388889 0.020470964843749995 0.03639282638888888
2 0.515511302996255 0.5038614816142273 0.01722244661751011 0.030584641116885556
2 0.517622965625 0.5094995673611111 0.013647309374999939 0.027727868055555563
2 0.52883325703125 0.5120990548611111 0.024370196874999993 0.03639282638888896
2 0.474244016796875 0.5112325590277778 0.010722885156249973 0.017329918055555518
2 0.4613090646318918 0.5149095946983742 0.01994606520128377 0.028149969952303955
2 0.597557208984375 0.5415599131944444 0.09943039921875005 0.14383831249999998
2 0.43410946980364046 0.525707653840574 0.02150482578531019 0.052430813343232394
2 0.40308304453125 0.5398269222222223 0.06336250937499996 0.08838257777777775
2 0.280744659765625 0.5987486409722222 0.17546541328125 0.20622601527777779
