8 0.49222169921875 0.02496149583333333 0.01638098281250002 0.041602491666666665
8 0.47116043515625006 0.022881372916666667 0.023401401562500014 0.04576274583333333
2 0.16518708750000002 0.36402183125 0.11115666562500001 0.16224972916666672
3 0.894140801171875 0.4701081909722222 0.20944256015625004 0.3411404569444444
2 0.23597633281250002 0.37754264166666673 0.037442245312500025 0.060323619444444455
2 0.263244699141217 0.35724251384524275 0.04842944078006597 0.0759623750872922
2 0.29257402726998716 0.35165278745686945 0.02721302983502567 0.05385983619737217
2 0.312615928125 0.35050101874999995 0.022231332812499983 0.04784286527777775
2 0.32490166523437497 0.34738083124999997 0.02340140390624996 0.041602490277777765
2 0.33309215664062497 0.33906033125 0.030421824218749994 0.04992299027777776
2 0.3523983140625 0.3390603333333333 0.015210910937499999 0.03744224722222222
2 0.361173840625 0.33594014652777776 0.011700701562500004 0.0270416236111111
2 0.36994936640625 0.33594014652777776 0.01287077187500003 0.0270416236111111
2 0.5203033832031251 0.3349000847222222 0.02574154453125006 0.045762744444444434
2 0.5226435234375 0.3421805201388889 0.021061262499999955 0.05200311805555553
2 0.5331741546875 0.3473808305555555 0.02340140312499992 0.05408324166666666
2 0.5589156996093749 0.34738083194444447 0.042122527343749994 0.07904474166666667
2 0.574711645703125 0.3536212048611111 0.03159189453125002 0.09152548749999999
2 0.6355552949218749 0.34946095625 0.11115666640625 0.14976898194444446
2 0.7630929410156251 0.41706501041666666 0.17200031328125007 0.18097084861111107
0 0.84379730859375 0.31558463402777776 0.024510520312500006 0.07369583472222223
8 0.7578276277343751 0.22257334722222225 0.01872112265625008 0.037442244444444446
7 0.46179987460937505 0.34946095625 0.011700700781250007 0.033281995833333355
1 0.46121483906250005 0.3338600215277778 0.010530629687499982 0.05200312083333335
2 0.4307930167968751 0.34426064444444443 0.033932035156249984 0.043682619444444466
2 0.40563650625000003 0.3349000826388889 0.014040840625000018 0.020801245833333346
0 0.470251200390625 0.3349000847222222 0.00819049140625001 0.045762744444444434
2 0.49131246328125 0.3369802076388889 0.03393203437499999 0.05824349305555556
9 0.5149771136718749 0.2869086229166667 0.010530630468749979 0.01456087361111113
9 0.487480465234375 0.2973092465277778 0.009360561718749948 0.01456087361111113
0 0.915141111328125 0.2785881229166667 0.03159189453125002 0.047842865277777785
9 0.12592878359374998 0.22970519305555556 0.009360562499999992 0.016640997222222214
0 0.757766673046875 0.3045896826388889 0.016380982031250026 0.03744224583333333
