2 0.9250867074218749 0.6290891423611111 0.14742883984375013 0.23297397361111105
2 0.944977899609375 0.5022015340277778 0.10764645390624991 0.11648698472222223
2 0.796964023046875 0.5864465854166667 0.20242213828124997 0.18929135138888892
3 0.51088186796875 0.5022015319444445 0.05148308750000004 0.06240373888888892
2 0.421371500390625 0.46995960208333337 0.019891192968750016 0.022881373611111085
2 0.44477290390624996 0.4928409736111111 0.03159189531250002 0.056163372222222244
2 0.40265037890625 0.52092265625 0.06435386249999997 0.10400623749999996
2 0.3028124203962632 0.48157961302882024 0.02065517795747356 0.03364065105764059
2 0.141139696875 0.4761999708333333 0.06318378906250002 0.04368261666666666
2 0.5648688559718493 0.5310943622020863 0.06351130881869863 0.07442665495972824
8 0.30692378587337754 0.38862292312024777 0.007987506720258076 0.016384629169760086
8 0.4475969944737278 0.40719216951264264 0.006818248322455566 0.014200011947125467
0 0.480460044140625 0.47724003680555555 0.00468028046875002 0.020801245833333346
2 0.5850969995660634 0.49309216372120246 0.032885799132126706 0.0330767947798173
2 0.33948823634827574 0.4689076060520724 0.03870868641355831 0.05898466501113641
2 0.630417808043829 0.48747685244446726 0.04546734594608433 0.03495387556215495
