8 0.44755558671875006 0.03256836319444444 0.017578126562500084 0.056250006944444444
8 0.46337590078125 0.028818362499999996 0.014062501562499996 0.04875000555555555
8 0.42962589765625003 0.0281933625 0.014062501562499996 0.05000000555555555
9 0.510836843359375 0.27962405208333335 0.01617187734375003 0.032861331944444475
9 0.47181340078125 0.29881838819444445 0.011250001562500066 0.0337500013888889
9 0.45915715000000007 0.3281933923611111 0.009843750000000017 0.0275000013888889
9 0.6406180255083195 0.22190424272670736 0.022609216641639042 0.03742172712008143
8 0.429783203515625 0.35105472291666673 0.005625000781249945 0.012500001388888925
8 0.39919726289062496 0.3473047222222222 0.004921875781249962 0.010000000000000024
2 0.4580719899644146 0.3607690535316556 0.014131742658918168 0.03276925833952021
9 0.44419726757812494 0.34355472291666667 0.010546875781249998 0.02250000416666668
2 0.470916020703125 0.36417972430555556 0.01617187734375003 0.043750004166666696
2 0.48708789687500004 0.3710547256944444 0.01898437656250005 0.04250000416666669
2 0.5025566484375 0.374179725 0.028828128125000064 0.05875000555555552
2 0.5232988390625 0.3823047263888889 0.029531254687500043 0.05500000555555557
2 0.3353917334481844 0.36351531107055846 0.021095901271368823 0.02296945285888311
2 0.5487214033142072 0.3802253430134561 0.06631388162841452 0.08915877508419874
2 0.29098918328804824 0.36550612829577106 0.0275682400135965 0.036402812147097584
2 0.1923446699946178 0.3795099648207647 0.033200642823264404 0.05058952591402625
2 0.079978480859375 0.38355472569444443 0.09914063359375 0.09000000972222225
2 0.15169723828124998 0.3723047243055555 0.048515629687499985 0.08750000694444439
2 0.027595664453124995 0.3454297215277778 0.054843757031249996 0.11875000972222224
2 0.22098246491910292 0.3686100945418526 0.03517810922429421 0.05282057480518366
2 0.44793400066562555 0.361861362142973 0.013517319065052113 0.03276925833952017
