8 0.42461870986243877 0.30833102828752174 0.012222860349877518 0.024016365647178656
8 0.5546571157339942 0.31103810801221876 0.01020395803048837 0.02300028824665977
9 0.6414056460937501 0.3421805180555556 0.01287077187500003 0.022881372222222238
8 0.317881244140625 0.38690320277777773 0.007020421093749984 0.016640997222222214
8 0.372289505859375 0.38690320277777773 0.01053063203125002 0.016640997222222214
2 0.6068885757812501 0.4004240131944445 0.021061262500000046 0.0395223708333333
2 0.61683417109375 0.39938395069444443 0.022231332812499983 0.033281995833333314
2 0.5792179976905414 0.40173738135050163 0.033584178193582656 0.05353663174344124
2 0.645500891015625 0.4129047618055556 0.021061261718749957 0.043682620833333394
2 0.65427641796875 0.4149848868055555 0.019891192187499927 0.052003118055555575
2 0.6812307620756337 0.4084194177390812 0.043378060088767344 0.0734545561885043
2 0.350643208984375 0.4337060090277778 0.04446266640624996 0.06032361805555553
2 0.3152943736035064 0.4537787794164718 0.04162906595701275 0.06302691161072146
2 0.265862662734909 0.4590501666328165 0.05489421515518198 0.0720390445121448
2 0.19343586648537303 0.4689076060520724 0.10224784922121007 0.0983077750185606
2 0.09724679921185973 0.4997316783122694 0.12504507186121946 0.11749046773564997
2 0.018223999434518287 0.5180773534414655 0.034863539494036574 0.12455490145040231
2 0.47600303900613783 0.4115681588523578 0.025416896987724334 0.03387507673972902
2 0.726665984425532 0.40319055162580464 0.0827654172885639 0.10887378563727958
