8 0.15854048795473746 0.36295367075429036 0.009830777501856059 0.024030789448981456
8 0.26760067586595326 0.25317665531689754 0.009216353907990093 0.014200011947125427
8 0.5634456363124344 0.25208434670558016 0.00737308312639211 0.016384629169760127
8 0.495553456640625 0.3772595902777777 0.007919322656250038 0.017207416666666673
8 0.47130968749999996 0.39241851041666664 0.007039398437500033 0.018771729166666674
9 0.6506994090227265 0.25353501383750915 0.02335934132954707 0.032393666769426156
9 0.7124529823119807 0.2711602566192053 0.022714423998961487 0.015371302127299478
9 0.7213524999359976 0.3312767210260874 0.018432707815980186 0.039323110007424354
9 0.31480879921875 0.4097376569444445 0.010559095312499966 0.02033604166666668
9 0.888519745703125 0.2243668388888889 0.04223638984374993 0.02502897222222222
9 0.852656253515625 0.022682504861111112 0.04223638984374993 0.045365009722222224
2 0.37418800625 0.45052147847222224 0.02991744218750001 0.04849363194444444
2 0.33679120351562497 0.44661070416666665 0.05367541171874999 0.05944380555555553
2 0.5203471819818482 0.44124755316554376 0.03335647958869625 0.06842780910886535
2 0.5840883964390333 0.4495546521920842 0.008106646184433509 0.025598204384168356
2 0.5930961972211533 0.4471340351084415 0.007689539932693367 0.023885586883549654
2 0.6002607272216753 0.44689803316410015 0.010958975244149372 0.026542207994867006
2 0.6092599132812501 0.4445771055555555 0.010559095312499966 0.02502896944444449
2 0.6184991242187501 0.44379494861111113 0.009679171875000048 0.029721902777777844
2 0.6259784859374999 0.4430127930555555 0.008799246874999955 0.028157591666666724
2 0.633897807421875 0.43910201875 0.010559097656250049 0.03597914305555558
2 0.6409372046874999 0.43831986319444444 0.01055909374999997 0.0375434541666667
2 0.663815248828125 0.4430127958333333 0.04751593828124996 0.05005794444444444
2 0.42799541210937503 0.43519124305555557 0.08447277578125001 0.14078796111111117
2 0.9319493868564553 0.4801721326230839 0.13610122628708937 0.27457888913629397
2 0.008918742479711222 0.6720770077570979 0.017837484959422445 0.22283095670873768
