0 0.09440976171875 0.5097190520833333 0.045070854687499995 0.1918167013888889
0 0.158601584375 0.5109330819444444 0.0423392875 0.16996416666666672
0 0.20025798085937502 0.5048629319444444 0.04370507109375001 0.16267998611111112
0 0.2378170265625 0.50122084375 0.0396077203125 0.1602519291666667
0 0.79573957578125 0.4732981576388889 0.016389401562499906 0.0752698430555556
0 0.9111482796875 0.47936830694444443 0.02048675156250006 0.10197849999999996
0 0.25966956249999995 0.48543845694444443 0.025949885937499983 0.14325551111111107
0 0.84559067265625 0.4611578604166667 0.009560484374999945 0.0752698430555556
0 0.851736698046875 0.47208412847222214 0.01638940234374999 0.09226625972222224
0 0.883832610546875 0.48058233819444446 0.023218317968749957 0.09955044027777775
0 0.8688089921875001 0.4757262173611111 0.009560484375000122 0.10440655694444448
0 0.9439270824218751 0.47451218819444446 0.015023617968750003 0.09712237916666674
0 0.933000815234375 0.47208412847222225 0.009560483593750035 0.10197849861111116
0 0.054119149218749996 0.5097190527777777 0.027315668749999994 0.21124117777777773
0 0.9548533503906249 0.4769402472222222 0.006828917968749871 0.10197849722222227
3 0.030900830078124997 0.5607083013888888 0.060094472656249995 0.8716733666666667
3 0.96428207265625 0.41988084999999997 0.06939143281250004 0.832824411111111
8 0.9046800441406251 0.017568728472222225 0.025228524218749902 0.03236254305555556
8 0.444050330859375 0.11550625347222222 0.012292050781250018 0.05827342638888889
8 0.9252734747438947 0.014754934504191923 0.010495205737789347 0.026734955119494957
8 0.30815487578125 0.2526916166666667 0.016389401562499996 0.070413725
8 0.46658575859375 0.12643252152777779 0.019120968749999977 0.09469432083333335
2 0.422197795703125 0.5303575576388889 0.32642225078125 0.6361515902777778
2 0.5717360213213217 0.4633761771358434 0.023589937044856502 0.05661174850609096
8 0.27554681601562503 0.38120534236111114 0.017755185156249985 0.03156477361111109
9 0.2741810328125 0.3229319145833333 0.025949885937499983 0.016996415277777763
9 0.2748639234375 0.30472146805555556 0.021852535937500008 0.014568355555555555
9 0.2939848921875 0.34089954930555555 0.02731566875000002 0.019424476388888893
9 0.652025030078125 0.3324013416666666 0.01365783515624992 0.016996416666666687
9 0.653390813671875 0.36518014513888886 0.01638940234374999 0.019424476388888855
9 0.6533908144531251 0.38217656180555554 0.01365783515625001 0.009712240277777716
9 0.656805273046875 0.4088852215277778 0.0068289179687500475 0.029136715277777763
2 0.12669571210937502 0.5044736868055556 0.19583881640625003 0.1634210541666667
2 0.5609878890271813 0.41770057583565157 0.025821960297766733 0.03473945409429275
