2 0.41492185625 0.45763526111111114 0.011569431249999962 0.02804710555555556
2 0.408085374609375 0.4595050673611111 0.008414130468749993 0.03178671805555556
2 0.40230065820312505 0.46043996805555554 0.00946589765625001 0.037396136111111075
2 0.389679462109375 0.46043996944444443 0.01788002890625 0.04113575555555558
2 0.37916179687499996 0.4623097770833334 0.015776496875 0.04113575416666669
2 0.37232531640625 0.4641795833333333 0.014724731249999979 0.04861498333333335
2 0.35339352109375 0.4651144861111111 0.03576006093749999 0.05422440277777775
2 0.327099359375 0.47913804027777773 0.0336565265625 0.05609420833333326
2 0.28713223593750004 0.4763333277777778 0.052588321875000024 0.07666208611111114
2 0.24295804492187498 0.49316159305555557 0.06310598671875 0.08414131388888882
2 0.165127329296875 0.49783611111111115 0.10938370859375002 0.12714687777777778
2 0.450681915234375 0.44548151319444446 0.007362364843749969 0.014958456944444422
2 0.5106326003906251 0.44922112847222223 0.007362364843749969 0.026177298611111156
2 0.516943199609375 0.4473513229166667 0.007362363281250062 0.02991691250000004
2 0.5253573312500001 0.44735132013888895 0.015776498437500043 0.041135754166666615
2 0.54165971171875 0.45015603125000003 0.033656526562499955 0.054224401388888864
2 0.56322092265625 0.4538956451388889 0.024190628124999947 0.09162054305555556
2 0.587937432421875 0.4604399708333333 0.056795385156249975 0.11966764444444446
2 0.6184386609375 0.47072390902777783 0.056795387499999975 0.14771475416666668
2 0.71730470546875 0.48194275208333326 0.18090382656250004 0.21876741805555555
2 0.4601478125 0.45093512638888883 0.019983560937500044 0.028047102777777787
2 0.058898920312500005 0.5350764423611112 0.11779784062500001 0.16641282638888885
2 0.43490541796875004 0.46059579236111114 0.03681182500000002 0.052354595833333344
