8 0.07226382265625 0.6048668319444443 0.008579267187499994 0.015643108333333326
8 0.10163131054687499 0.6009560548611111 0.00791932421874999 0.014078795833333322
2 0.13330860117187499 0.6606605631944444 0.01847841953125 0.040672079166666625
2 0.151347059375 0.6606605638888889 0.03343714062500001 0.053186563888888906
2 0.16014630625 0.67317505 0.03343714062500001 0.05318656388888883
2 0.17686487734375 0.6802144493055555 0.0246378953125 0.07039398194444438
2 0.191383636328125 0.6817787569444445 0.03431706640625003 0.0766512222222222
2 0.20678231914062498 0.6880360000000001 0.040476538281249974 0.09542295277777783
2 0.259577805078125 0.6919467763888889 0.10031142265625004 0.14078796111111117
2 0.33319818203124996 0.7208865243055556 0.15310690781249997 0.17676710694444442
2 0.5408695828125 0.77928744375 0.383647196875 0.3331981791666668
2 0.07536646367187501 0.7148899958333332 0.12666332734375002 0.1926337055555556
9 0.35563626328125003 0.4979722513888889 0.02199812031249997 0.05005794166666667
9 0.3685790609400999 0.39952683028286196 0.01422628951747087 0.059900166389351105
9 0.368952453125 0.4863441958333333 0.013198871874999973 0.06100811666666665
0 0.625846487109375 0.6100811694444445 0.04575608671874996 0.06570104722222223
