8 0.05876447021756635 0.5384385817813981 0.008123139252367295 0.025461855881648017
8 0.17350751350977878 0.5497384432895557 0.005357107355442437 0.010923086113173417
8 0.033461694140625 0.5997306986111112 0.0068289164062500015 0.01942447777777782
8 0.0682891734375 0.5402432409722222 0.008194698437499991 0.026708654166666592
9 0.01160915859375 0.5463133895833333 0.0232183171875 0.01456835694444444
2 0.14410153349888635 0.6326301092925346 0.016589437034382138 0.02209374914062481
2 0.11062846132812498 0.6155130875 0.013657833593749991 0.016996419444444497
2 0.094239060546875 0.619155176388889 0.013657835156249987 0.014568358333333324
2 0.180283418359375 0.6215832347222222 0.02458410234374999 0.029136713888888957
2 0.178234742578125 0.6677163645833334 0.05053398671874998 0.06312954583333329
2 0.12322121803540256 0.6339034084601293 0.02398269361669487 0.0392087058091475
2 0.21320395659246177 0.6272113346873691 0.033062272559923514 0.059817391596960416
2 0.4755344980468751 0.47225757499999993 0.5258266367187501 0.8231121722222222
2 0.009802333593749999 0.6665023368055556 0.017755185937499997 0.050989248611111135
0 0.02799856015625 0.6555760680555556 0.006828915625000001 0.03884895277777771
0 0.75004276484375 0.7235617333333333 0.04507085468750001 0.2379498333333334
4 0.090141709765625 0.5985166708333334 0.02458410390625001 0.02185253888888891
9 0.95453354375 0.42467790486111107 0.040592790624999965 0.19587632083333337
