8 0.037822320132179156 0.4016831798802407 0.014150616698193069 0.0245906231763303
8 0.747324737662417 0.44506115652420264 0.007676799007444224 0.014757746811483468
8 0.06774930671418866 0.36776407969102237 0.011523690680576048 0.014270928306275169
8 0.729242716221264 0.3797289853267985 0.011545383544432842 0.024147207413192717
2 0.41785898070500327 0.6006106325531474 0.024444947347506484 0.03635141232851709
2 0.38807091697404833 0.6004503711594856 0.032791041051903315 0.043013849347695296
2 0.593432768359375 0.5990827507840533 0.11349680546874996 0.12479383454300463
2 0.14295575390624998 0.6656399166666667 0.28432705 0.3328199583333333
0 0.905841502734375 0.6042762375 0.03159189453125002 0.1227273611111111
2 0.9536985551292062 0.5578146399990945 0.02852388875683367 0.07364898261023767
2 0.5421448369180002 0.5808519405999195 0.027217741935483895 0.08312655086848635
