8 0.5407082425781249 0.5207808854166667 0.007910150781250014 0.01874998750000003
8 0.51565943125 0.49851527638888893 0.007910150000000015 0.025781233333333296
9 0.08455621171875 0.2688279333333333 0.036914037499999997 0.12890616111111114
9 0.221006313671875 0.3719528638888889 0.02504881015625 0.03984372222222225
9 0.51763696875 0.5219527569444444 0.011865225000000024 0.016406236111111066
9 0.5314797328124999 0.54539024375 0.007910149999999927 0.021093737500000032
9 0.541367421484375 0.5020308972222222 0.014501942968750025 0.018749988888888916
9 0.5420266011718751 0.5512496138888889 0.007910150781250014 0.023437483333333377
2 0.5756447421875001 0.5500777402777778 0.022412095312499946 0.03984372222222221
2 0.6842122663730887 0.5677615353762918 0.04970352337117747 0.06663082529035778
2 0.26648968125 0.5688277263888889 0.1582030171875 0.17578112777777777
4 0.369321642578125 0.49617152569444445 0.12392569609374995 0.2179685986111111
