8 0.07579131015625 0.3223364611111111 0.014622117187499995 0.02599487499999999
8 0.355561162109375 0.36306176597222223 0.00877327109374999 0.02772786527777779
8 0.28781201640625 0.43151493958333337 0.007798462500000003 0.012130943055555576
8 0.37164549140625003 0.4393134013888889 0.005848846875000024 0.013863930555555569
8 0.487647625 0.45317733611111116 0.007798462500000003 0.017329916666666712
9 0.47984916171875 0.4349809243055555 0.019496157812500046 0.012130943055555576
9 0.542870489453125 0.3855906604166667 0.024370196093749998 0.015596929166666643
9 0.528735775390625 0.4159180138888888 0.025345003906250073 0.017329916666666712
8 0.5370216421875 0.4401798986111111 0.01072288593750006 0.02079590000000001
8 0.547744528515625 0.4406997965277778 0.010722886718749968 0.02252889305555562
8 0.314765453515625 0.44849825694444445 0.0068236554687500115 0.013863933333333339
2 0.2484785203125 0.48437118749999997 0.020470965624999993 0.02599487500000003
8 0.37179171171875003 0.4540438319444445 0.005848846875000024 0.013863933333333339
2 0.29523509646552626 0.5021378708471991 0.05159641480605246 0.06499422502773153
2 0.3543426515625 0.5227858472222222 0.07116097187499996 0.10397950555555559
2 0.50413812890625 0.5227858465277778 0.08870751406249999 0.1386393347222222
2 0.11478362499999999 0.5363609402777777 0.22907984531249997 0.3916561305555555
0 0.89755432421875 0.6065471048611111 0.04289154531250006 0.20276003472222226
0 0.9662782781250001 0.5883506909722223 0.0477655859375 0.24608482638888893
8 0.07579711640625 0.3218472541666667 0.014036503124999999 0.020041322222222192
