2 0.7053791578124999 0.4367754215277778 0.04339284687500004 0.059510187499999985
2 0.6681852875 0.41528562916666667 0.035127542187500006 0.09734691944444446
3 0.56176949453125 0.41051011736111115 0.20663260937500008 0.1965305708333333
2 0.45018788593750003 0.4499999041666667 0.057857132812499934 0.0881632472222222
2 0.3685680046875 0.4601019444444444 0.11984691406249999 0.09367345
2 0.8628184317691974 0.4450196399781779 0.05458054583660541 0.13118498948808863
2 0.794541125390625 0.33979584791666667 0.11674742421874998 0.09183671527777777
2 0.9748280749999999 0.4022448125 0.04752549999999989 0.09183671666666665
2 0.789375309765625 0.47938765416666673 0.16427292421874995 0.19836730277777775
9 0.91538245859375 0.08724487777777777 0.050624989062499993 0.078979575
9 0.9184819476562499 0.2424489298611111 0.027895401562499877 0.06612243472222225
