9 0.13988492578125 0.46097579930555554 0.012672501562499994 0.027727868055555563
2 0.46595815039062505 0.5727537659722223 0.02144577265625003 0.03985880972222217
2 0.652633852734375 0.5926831701388888 0.026319811718749975 0.027727868055555563
2 0.622902213671875 0.5961491534722222 0.035093082031249966 0.045057784722222195
2 0.673592221484375 0.5909501784722222 0.01949615703124996 0.0415918013888889
2 0.696500205859375 0.5935496659722221 0.03411827421874998 0.04679077638888892
2 0.7886195472656251 0.6152120624999999 0.07408539609375006 0.0589217194444445
2 0.8349229203124999 0.5935496659722221 0.04191673749999989 0.025994876388888834
2 0.8592931160156251 0.609146592361111 0.0653121257812499 0.03985880972222217
2 0.395284581640625 0.57188726875 0.01462211796874997 0.02772786527777779
2 0.37481361640625 0.5805522277777778 0.041916735937500026 0.07971761944444443
2 0.202760032421875 0.59008368125 0.07408539765625 0.15770224305555555
2 0.116002133203125 0.5909501784722222 0.15401963828124998 0.13517335416666668
2 0.42940285624999996 0.5805522277777778 0.057513662499999986 0.09011556944444447
2 0.535169507421875 0.6455394180555555 0.15791887109375002 0.25474978333333326
2 0.293417161328125 0.6160785583333334 0.16571733359375 0.24088585
2 0.9441013988281248 0.6178115506944445 0.05946327890624996 0.05025675972222222
2 0.9796818851562499 0.6186780465277778 0.03899231406249992 0.05545573472222224
0 0.025345004296875 0.5649553020833333 0.031193852343750002 0.12477540416666663
2 0.06092549023437499 0.5502248722222222 0.06726174140624999 0.07105265833333334
2 0.010722886328125 0.5484918798611111 0.02144577265625 0.07798462361111104
