8 0.695850326171875 0.26195021041666666 0.007345827343750067 0.039177756944444454
8 0.5733627547836939 0.2437863976705491 0.008985024958402654 0.019966722129783676
9 0.4866564461970935 0.1629260548611111 0.0131796720816868 0.04460210972222222
9 0.47868926757812497 0.25542058333333334 0.010100517968750023 0.026118502777777764
9 0.46996609453125 0.24644235208333332 0.014691657812499948 0.053869412500000005
2 0.7022361890625 0.4300880673611111 0.04132028906250005 0.10773882083333335
2 0.6765257867187501 0.43743389444444447 0.046829657812499995 0.1420193555555555
2 0.47267904023437507 0.4366176909722222 0.02479217265624998 0.10447400694444439
2 0.3689534369800333 0.4174968801996673 0.18718801996672213 0.19168053244592345
2 0.124545190625 0.4145802055555556 0.24909038125 0.27261186388888886
2 0.569552156640625 0.4227422361111111 0.17079051640624998 0.2824062972222222
