8 0.11924461834442597 0.3582622712146423 0.008236272878535766 0.017304492512479185
8 0.4442578981430689 0.414585205180024 0.00834602715136228 0.023461175751063004
8 0.36449998984375 0.5186842138888889 0.00799342031250001 0.021315791666666684
8 0.43694036875000003 0.5204605284722222 0.010990954687500044 0.02131579027777772
8 0.6302812398437501 0.5222368458333334 0.01199013124999997 0.014210527777777789
8 0.597308380078125 0.5186842145833334 0.015986841406250018 0.02842105138888892
0 0.163165696484375 0.5790789493055556 0.01698602109374998 0.06394736805555555
0 0.573827703515625 0.5879605291666667 0.01698601953124994 0.07460526388888893
2 0.20313280156250002 0.5897368451388889 0.0329728625 0.07460525972222219
2 0.320036585546875 0.5790789493055556 0.038967927343749986 0.06394736805555555
2 0.45092885507812497 0.5924013201388889 0.05295641484375002 0.07638157916666664
2 0.487898428515625 0.58973684375 0.030974507031250022 0.060394737500000024
2 0.5203717015625 0.5906250041666666 0.05595394843749997 0.07638157777777776
2 0.37499135546874995 0.5995065826388889 0.10691200624999997 0.18296052916666666
2 0.25209250546875 0.6030592138888888 0.10491365156250002 0.12256578888888889
2 0.050358547265625 0.6003947395833333 0.10071709453125 0.12789473750000005
2 0.051357724609375 0.7087500041666666 0.10271544921875 0.26644736944444447
2 0.87108305 0.6900986854166666 0.2577878296875 0.2646710541666667
9 0.7786591199218751 0.45828947638888895 0.028976150781249998 0.0319736861111111
9 0.756677212109375 0.38546052708333334 0.020982730468749988 0.06039473749999998
9 0.761173510546875 0.33750000138888886 0.03796875078125002 0.024868422222222207
9 0.7661694 0.31351973819444445 0.029975329687500007 0.023092104166666676
9 0.582236534765625 0.4619528076388889 0.022412094531249947 0.02109373472222226
