2 0.34047862070312496 0.4075607770833333 0.15283529140625 0.18635414305555556
2 0.7037625074218751 0.4438358208333333 0.13683159609375 0.13940996944444436
2 0.607740334765625 0.3990254736111111 0.05521274921875001 0.06401478333333332
2 0.494114096875 0.3727082847222222 0.02000461874999999 0.028451013888888908
2 0.46170661328125 0.36630680694444445 0.019204434375000013 0.021338261111111163
2 0.8325922554687499 0.43458924166666674 0.1352312265624999 0.13229721666666663
2 0.64094800234375 0.39262399444444446 0.025605912500000015 0.042676519444444394
2 0.5697315578125 0.3840886909722222 0.033607760937499974 0.048366723611111065
2 0.10522429765625001 0.38266614027777784 0.16083713906250002 0.09388834722222224
9 0.43249986914062505 0.31367243055555555 0.03280757578125 0.02987356388888891
9 0.46850818476562495 0.3122498798611111 0.034407946093749954 0.03556376805555558
9 0.51771954765625 0.3463910965277778 0.006401478125000004 0.018493156944444422
2 0.5464076799084859 0.37822899334442595 0.025457570715474276 0.03327787021630613
