2 0.45725521015625004 0.46952534027777776 0.014586860937499946 0.024406774999999926
2 0.46883889296875003 0.4710507625 0.02059321562500003 0.04881355000000001
2 0.48299673125 0.4771524555555555 0.023167368750000073 0.054915244444444435
2 0.5104543519531249 0.47333889930555556 0.043760582031249926 0.05949152083333331
2 0.536195873046875 0.49698296111111107 0.06263770234375006 0.07627117499999995
2 0.6055263679687499 0.5160507555555556 0.12270124999999998 0.13576268611111106
2 0.3947853837354409 0.4627547836938436 0.018718801996672196 0.037271214642262865
2 0.377938461938436 0.46674812811980043 0.02545757071547423 0.06655574043261234
2 0.347614002703827 0.46941035773710493 0.041181364392678874 0.09584026622296173
2 0.3053095101913478 0.47540037437603994 0.08236272878535775 0.1344425956738769
2 0.19512072617187498 0.4870677083333333 0.21108046796875 0.2852541833333333
2 0.090009512890625 0.5843657837169532 0.18001902578125 0.41892915478831577
