2 0.08195341210937501 0.8535822472222223 0.16354428359375 0.28872796388888894
2 0.09608718515625 0.7696644729166667 0.09161658593750001 0.07401745416666662
2 0.38046699921875 0.7616270173611112 0.028067237499999998 0.0540554208333333
0 0.13253973359375001 0.7637060708333334 0.015592909374999997 0.0720738944444444
0 0.091608345703125 0.7692502166666666 0.021050428906249995 0.0720738944444444
0 0.04677872890625 0.735292323611111 0.012474328125 0.018018472222222214
0 0.18204722109375 0.7623200354166667 0.013253973437499988 0.047125237499999965
0 0.197640132421875 0.7609339986111111 0.013253972656249991 0.055441458333333395
4 0.26079141640625 0.7165808319444443 0.099014978125 0.21899375555555553
4 0.6268349734375 0.7138087597222222 0.13253973281250006 0.31047216111111103
2 0.46077048437499996 0.8108313097222222 0.16840342656249993 0.26334691944444444
4 0.34694224375 0.7449945784722222 0.018711492187499967 0.0512833486111112
4 0.52898946484375 0.7339062875 0.02884688281250005 0.08454822222222218
2 0.8388985460937499 0.7427626105751056 0.09355745937500001 0.06947890818858558
2 0.965196851953125 0.7406040893618566 0.06860027578124991 0.08501298238739771
8 0.16411537539062498 0.5959956638888889 0.005457519531249999 0.03326487222222225
8 0.17269147578125002 0.5946096284722222 0.008576099999999998 0.030492801388888876
8 0.15514945234375 0.5946096256944445 0.009355745312500007 0.027720729166666618
9 0.68686767578125 0.5315449701388889 0.026507946874999976 0.02633469305555549
8 0.806366556621027 0.6653168065661578 0.018285250820445853 0.033303518687870966
8 0.605784544921875 0.5516424972222223 0.010915036718750049 0.03326487500000002
8 0.59058145859375 0.5509494784722222 0.008576101562499971 0.029106762499999977
8 0.45219438359374997 0.6209443208333333 0.004677871874999973 0.024948655555555553
9 0.8146224324218749 0.5741298881944444 0.02048499296874997 0.031114418055555544
0 0.70363005390625 0.7533107965277778 0.019491135937500025 0.07623200416666676
0 0.7297481781249999 0.749152688888889 0.014033618749999999 0.07345993055555561
0 0.75313754296875 0.7699432340277778 0.010915037499999957 0.1011806597222223
0 0.7878317667968749 0.7754873805555555 0.014813264843750052 0.09286443888888887
0 0.9375237015625 0.7741013423611111 0.024169009374999995 0.12890138750000005
0 0.8864569214843749 0.7540038152777779 0.024948655468750046 0.07484596666666667
0 0.809272018359375 0.7699432347222221 0.023389364843750027 0.11504102222222233
0 0.7726286804687501 0.7761803993055556 0.029626528125000016 0.12751535138888892
0 0.7402733933593749 0.7775664347222223 0.016372555468749984 0.11919913333333325
0 0.917642741796875 0.7643990875 0.023389364843750114 0.1399896777777778
0 0.9804042031249999 0.7643990888888889 0.024169009374999995 0.12335724166666663
9 0.341094901953125 0.6853950138888889 0.010135391406249994 0.020790547222222164
2 0.31887500468749996 0.7602409791666667 0.01715220156249999 0.03742298333333325
0 0.331739155078125 0.7484596708333334 0.010135391406249994 0.04158109444444433
9 0.14618352968749998 0.5966886805555556 0.01325397343750001 0.018018472222222214
8 0.8267920300781249 0.6635151715277778 0.013183585156250111 0.03046872916666664
