8 0.2765651285377067 0.34134042982401547 0.023792791450413374 0.026169423536919742
2 0.08665476957562543 0.5051695584659245 0.17330953915125086 0.18238213399503722
2 0.3940642216722058 0.4844717277777778 0.03305639178191151 0.09690723333333334
4 0.48307728085937496 0.3978737770833334 0.17628868828125 0.36494851527777783
2 0.5827624049034403 0.47911496789520486 0.023310198005619488 0.06823821339950374
2 0.5993718840644022 0.4580231564808129 0.020238833746898343 0.040942928039702293
2 0.658786073046875 0.4751933756944444 0.12177837109375007 0.1567010569444444
9 0.6924200980468751 0.3751933618055555 0.028994849218749952 0.051546398611111106
8 0.7059020117892963 0.3622229789624219 0.009566915766092698 0.028002622630711828
8 0.5035748130736093 0.17147828676673674 0.010840419897218645 0.03586889575569566
