8 0.48292576367187506 0.4175415159722222 0.004014822656249972 0.017333837500000015
2 0.5373665242873578 0.48242145870463304 0.024640024862784493 0.040111740924067225
2 0.57893738515625 0.47545693958333335 0.051619143749999985 0.07851208194444446
2 0.35627723797764926 0.4765562334013521 0.06863390881905 0.11274853597507359
2 0.2828537984375 0.49163518888888896 0.11069438437499998 0.13765105000000005
2 0.159551295703125 0.5003021048611112 0.22729559453124998 0.20800602916666666
2 0.593880851171875 0.4965315506944445 0.05735460390624993 0.0866691791666667
9 0.72295478046875 0.34361780416666665 0.02007411250000004 0.07341389166666666
8 0.8942307550321441 0.18072787112101135 0.022332506203473913 0.03722084367245658
8 0.9078396259998861 0.2675765063567434 0.023030397022332495 0.044665012406947945
8 0.9552962016822683 0.27067824332944806 0.02721774193548381 0.058312655086848623
2 0.4064050726500102 0.46422663042622225 0.04745657568238215 0.08808933002481388
2 0.43641437786092824 0.47601323092250014 0.026519851116625314 0.06203473945409436
2 0.45421059374182154 0.4729114939497955 0.01884305210918109 0.04838709677419351
