8 0.18211473906250003 0.4809371618055555 0.010546867187499998 0.03749997638888887
8 0.39305209453125 0.4387496909722223 0.010546868749999971 0.04218747083333333
8 0.47676785625000007 0.5324996263888888 0.00922850781249993 0.03281247777777775
8 0.381846047265625 0.43992156458333337 0.009228510156250013 0.04453121805555556
8 0.593442580859375 0.4492965590277778 0.013183583593750025 0.04921871527777778
8 0.5848732515625 0.43406219513888894 0.014501943749999935 0.09843743472222223
8 0.24210004921875 0.19031236319444444 0.0250488109375 0.14531239861111112
8 0.615195496875 0.5266402555555555 0.019775376562500037 0.03984372222222221
8 0.51500025234375 0.5008590229166666 0.009228509375000016 0.03515622638888887
9 0.17750048437500002 0.5840620916666667 0.014501943750000001 0.03281247777777775
9 0.5927834019531251 0.36609349305555555 0.019775377343750032 0.028124980555555564
9 0.59212422265625 0.3426560083333334 0.018457018750000033 0.018749988888888878
9 0.48335965000000003 0.4891402819444445 0.019775376562499947 0.016406238888888838
9 0.26912639843749997 0.5969527069444445 0.015820301562500028 0.016406236111111146
9 0.47874539453125 0.5641402291666667 0.018457018749999943 0.021093733333333295
9 0.7443946257812499 0.4153122076388889 0.10415031875 0.1406249041666667
9 0.855136737109375 0.5477339916666667 0.025048810156249955 0.03984372222222221
9 0.855136737109375 0.4914840305555556 0.01713866015624994 0.03984372222222221
9 0.9493993675781252 0.2969529125 0.10019524296875008 0.14765614722222226
9 0.9493993675781252 0.14578114305555556 0.10019524296875008 0.16874988333333332
0 0.398325528125 0.6461714229166666 0.010546868750000016 0.030468726388888947
2 0.9025976421875 0.6250776895833334 0.03823239531250007 0.0398437236111111
2 0.7977881437500001 0.6274214368055556 0.03427732031249997 0.053906212500000016
9 0.77471687109375 0.6110151979166667 0.009228509375000016 0.02109373472222218
9 0.775376050390625 0.6379683055555555 0.010546867968750017 0.018749988888888916
9 0.7147315601562501 0.6367964319444445 0.007910150000000015 0.021093736111111146
9 0.7153907390625001 0.6133589465277778 0.009228507812500019 0.02109373472222218
2 0.090966734765625 0.6232696479166666 0.023730453906249994 0.02578123194444449
2 0.14172353515625 0.6174102770833334 0.0936034515625 0.04218747083333333
2 0.2900388625 0.6220977756944445 0.013183584374999979 0.01874998750000003
2 0.2887205046875 0.6560821256944445 0.03955075468750002 0.04921871527777778
2 0.36716283359375 0.6103790319444444 0.009228509374999971 0.018749986111111068
2 0.3678482453125 0.6535395881944445 0.056689415625 0.07031245138888893
2 0.5260512605468749 0.6898676902777778 0.20961899765625 0.27890605833333326
2 0.982202726171875 0.6078364965277777 0.03559454765624999 0.053906212500000016
9 0.24237584809803545 0.3904052904758501 0.03634008682107095 0.07940446650124065
