8 0.40029362265625 0.3718006902777778 0.007197862500000029 0.025592400000000026
8 0.32051731328125 0.42405183958333337 0.0035989312499999926 0.027725098611111085
8 0.394895225390625 0.45177693958333326 0.00599821796875002 0.019194298611111153
8 0.5802401859374999 0.45710869027777773 0.00959715000000001 0.017061599999999937
9 0.34810911953125 0.42725089027777774 0.013196081250000002 0.025592400000000026
9 0.35590680429687505 0.3835305402777777 0.02159358828125 0.014928899999999995
9 0.32171695703125003 0.37926514027777775 0.013196081250000002 0.023459700000000003
9 0.5364531890625 0.40272484027777783 0.025192518749999948 0.014928899999999995
9 0.555647488671875 0.44431249027777775 0.010796792968749979 0.025592400000000026
9 0.5118604921875001 0.39526039097222215 0.016795014062499992 0.021327001388888867
8 0.40689166328125 0.3696679888888889 0.005998218749999928 0.025592399999999946
8 0.26293441328125 0.43151629027777777 0.010796793750000023 0.017061600000000017
0 0.27613049453125005 0.4752366402777778 0.005998218749999973 0.04905210000000003
0 0.25213761875 0.4890991888888889 0.017994656249999963 0.07251180000000003
0 0.18362387695312501 0.4765869465277778 0.010528697656249997 0.056018112499999974
0 0.16336398125 0.4592413895833333 0.013196081250000002 0.029857801388888876
0 0.7547883519531251 0.5168242902777778 0.015595369531250024 0.08530800000000001
7 0.6894077671875001 0.5338858902777778 0.01919430000000002 0.05971560000000006
0 0.684009369921875 0.4869664895833334 0.01559536796874994 0.04265399861111116
0 0.6708132890625 0.5040280902777777 0.010796793750000066 0.051184799999999975
0 0.6588168515625 0.5040280895833333 0.008397506250000042 0.059715598611111094
0 0.6510191675781251 0.5018953902777779 0.007197863281249983 0.05545020000000002
0 0.595235733203125 0.5018953902777779 0.01319608203125 0.05545020000000002
2 0.6480200578125 0.5061607902777777 0.06358111874999998 0.05118480000000005
0 0.9826629152343749 0.5434830402777777 0.03467416953125006 0.12582930000000003
2 0.40869112851562495 0.47950204027777776 0.014395724218749972 0.040521300000000024
2 0.395495047265625 0.4933645916666667 0.03359002421874999 0.04691940000000001
2 0.332513750390625 0.4890991916666667 0.05158468046875 0.05545020000000002
2 0.1317671171875 0.6906393402777777 0.263534234375 0.5097153
2 0.4686733171875 0.4954972895833333 0.10316936406249999 0.21327000138888894
2 0.5246975664465362 0.48717948402423716 0.014655707196029776 0.03970223325062037
0 0.1934143015625 0.47956289027777776 0.00905215156250001 0.0643708583333334
9 0.8593362140892161 0.5064102532550064 0.019540942928039585 0.05583126550868482
