8 0.6477598136718751 0.22095644444444446 0.02047096484374995 0.07451864166666664
8 0.7861825277343749 0.22788841180555555 0.018521349218749972 0.05372274305555555
8 0.015586214089216132 0.21980975697709076 0.01674937965260546 0.02853598014888337
9 0.630213272265625 0.11177796597222223 0.024370196093749998 0.04679077638888889
9 0.631675483984375 0.16376771805555557 0.01949615703124996 0.057188727777777774
2 0.24565157734374998 0.3907896347222222 0.13452348281249998 0.09531454722222227
2 0.52834585234375 0.39858809652777777 0.08188385937499998 0.11091147083333336
2 0.41526814257812494 0.3578627916666666 0.07603501171875005 0.14730429722222224
0 0.8948736027343751 0.49130315416666664 0.06823654921875004 0.2998075694444444
0 0.8675789828125 0.44191289027777775 0.0389923140625001 0.22528892499999997
2 0.83297330390625 0.42891545277777776 0.3187621640625 0.17503216666666668
0 0.007793107044608066 0.38748643894656853 0.015586214089216132 0.08524216955980372
8 0.04175711979641216 0.25020677930959695 0.014655707196029776 0.05210918114143917
8 0.8188585465954198 0.2961124865056267 0.01674937965260561 0.03473945409429275
