9 0.233801114453125 0.09194837847222222 0.029272972656249997 0.026020418055555557
8 0.22111506024306227 0.15343258576120988 0.016051488833746897 0.027295285359801507
9 0.23246183945312499 0.007653065277777778 0.03013394140625003 0.012244902777777778
9 0.6633772121093751 0.06505104999999999 0.025829092968750002 0.03520409722222222
9 0.63539569453125 0.08724493750000001 0.024968124999999917 0.03673471111111112
9 0.6607943015625001 0.13392863125 0.01721939531250003 0.047449001388888884
9 0.66208575703125 0.17831640694444445 0.014636485937500065 0.016836744444444444
9 0.58675090078125 0.20051029444444446 0.013775517187499985 0.027551030555555578
9 0.5415499871093751 0.1920919236111111 0.009470667968750046 0.016836744444444444
9 0.5363841683593751 0.2234694909722222 0.006026788281250006 0.018367356944444423
9 0.414187958984375 0.20018230416666666 0.011192607031250024 0.013775516666666635
2 0.38719041484375005 0.2515671638888889 0.03960460937500003 0.05051022499999998
2 0.36394423046875 0.2584549208333333 0.024107153125000023 0.04897961111111111
2 0.326922530859375 0.2599855354166667 0.06026788515625001 0.07040819583333335
8 0.5676178518063377 0.05231596045103617 0.009770471464019792 0.01861042183622829
8 0.45525742997010943 0.17824648154284758 0.008374689826302717 0.014888337468982608
8 0.5048076781090673 0.17824648154284758 0.009770471464019881 0.017369727047146396
8 0.35699806015625 0.01165803125 0.010492228125000036 0.0233160625
2 0.5239996756276776 0.24524400015326941 0.014655707196029776 0.02233250620347395
2 0.4154776532951715 0.25020677930959695 0.01954094292803967 0.03970223325062033
2 0.4276907426251963 0.2433829579696466 0.017447270471464014 0.03349875930521091
2 0.4364143778609283 0.24214226318056473 0.01256203473945412 0.035980148883374675
2 0.4545595391512508 0.24090156839148283 0.01954094292803967 0.03101736972704714
8 0.671254638406834 0.18693134506642078 0.011864143920595538 0.02481389578163774
