0 0.30084811875 0.40205205694444446 0.02377417031250002 0.08950275833333331
0 0.9735172875 0.36848852430555556 0.012586326562500005 0.022375693055555562
0 0.9616302011718751 0.3722178048611111 0.011187844531250057 0.014917123611111076
8 0.479154394140625 0.2702841256944445 0.00839088203124998 0.044751379166666654
8 0.72668546015625 0.18202445902777778 0.011187845312499967 0.04226519583333332
8 0.71689609609375 0.18326755416666668 0.011187845312500055 0.04972375555555557
8 0.775632282421875 0.30882003194444446 0.008390883593749976 0.027348063888888892
8 0.7868201257812499 0.3063338458333333 0.008390882812499978 0.04226519166666666
8 0.6546637097656249 0.3485990375 0.00419544296875003 0.022375691666666676
9 0.36657670703125 0.24879635416666668 0.020977209374999983 0.022375691666666676
9 0.34699797734375004 0.3059786715277778 0.018180246874999993 0.017403315277777803
9 0.3462987375 0.25998419652777777 0.016781767187499998 0.07955800694444441
9 0.9105856609374999 0.11205602708333334 0.03496201562499994 0.06215469305555554
9 0.784023166015625 0.18042619097222223 0.044751380468750046 0.05966850694444443
9 0.9196757859375 0.24258088333333333 0.016781767187499953 0.09447513333333334
9 0.9140818609375 0.23014994375000003 0.03915745625000007 0.019889501388888873
9 0.9238712261718749 0.21026044375 0.04754834140625004 0.009944751388888898
9 0.855345676171875 0.19037094166666668 0.07831491328124987 0.029834252777777792
2 0.691723446484375 0.3913969680555556 0.039157457031249975 0.02983425277777777
2 0.678437880078125 0.41377266041666666 0.048946821093749995 0.06961325416666662
2 0.7959102507812499 0.37647984375000004 0.046149859375000005 0.019889498611111143
2 0.742767988671875 0.41874503402777774 0.07132251015625002 0.08950275694444443
2 0.615506253515625 0.38145222083333336 0.06852554921874994 0.054696130555555555
2 0.386854674609375 0.4125295659722222 0.044751380468750046 0.062154693055555536
2 0.7595497550781249 0.44609310138888897 0.051743782031249984 0.1292817638888889
2 0.8056996148437501 0.4846290076388889 0.11327692812499998 0.19640882916666666
2 0.451184782421875 0.41998813194444445 0.09229971953125 0.15662982777777776
2 0.6280925796875 0.42868978819444437 0.09090123906250006 0.14917126527777774
4 0.5427852609375 0.32924227638888887 0.08530731562499998 0.09447513333333334
2 0.52390577421875 0.44761256944444444 0.13705109843749996 0.25055221666666666
2 0.8829094221810845 0.615452491629571 0.23418115563783096 0.4680197416131537
2 0.17638334492187496 0.4833859173611111 0.35101863203124994 0.6961325652777778
8 0.9343533203124998 0.3006740645833333 0.030219043750000018 0.032926843055555544
0 0.946051014453125 0.3578627916666666 0.014622117968750103 0.02599487499999999
