8 0.09708061718750001 0.32859351875 0.019775378125 0.07499994861111109
8 0.10828666406250001 0.3356247611111111 0.018457018749999998 0.07968744444444446
9 0.10828666484374998 0.28171855 0.010546867187499998 0.028124983333333298
9 0.09708061718750001 0.2758591777777778 0.014501942187499995 0.021093733333333337
9 0.04896053359375 0.5289840048611112 0.023730453124999995 0.05390621527777779
9 0.050278891796875 0.4879684083333334 0.018457017968749996 0.023437483333333297
9 0.5143410730468749 0.50789026875 0.026367169531250047 0.04921871527777771
8 0.927646452734375 0.40476533888888894 0.01713866015624994 0.0632812055555556
8 0.028525977343749998 0.4797652875 0.01450194375 0.0632812055555556
8 0.518955328125 0.4680465465277778 0.014501942187500028 0.03046872916666672
9 0.9355566035156251 0.46453092291666664 0.01450194453125011 0.051562462499999934
9 0.948081008984375 0.4668746736111111 0.007910150781249925 0.06093745833333328
9 0.9704931027343751 0.3754684861111111 0.026367169531249957 0.10781242500000003
0 0.029844335546875 0.6016402041666666 0.01713866015625 0.06328120555555551
0 0.60662616640625 0.5981245819444444 0.026367168750000048 0.12656241388888895
0 0.5288430164062501 0.5899214625 0.013183584374999936 0.06796870277777774
0 0.563120336328125 0.5910933375 0.013183585156250021 0.08906243888888889
1 0.661338041796875 0.6672651597222222 0.08569330078124997 0.41015596944444455
7 0.663315580078125 0.7504682256944444 0.08173822578124997 0.3187497819444444
2 0.15772510703125 0.6242286608248154 0.07778315 0.08033313831629761
2 0.20386765351562497 0.5922652104166667 0.01977537734374999 0.03046872916666672
2 0.300107822265625 0.5957808340277778 0.017138658593750033 0.042187473611111095
2 0.3495462640625 0.5910933368055555 0.013183584375000024 0.02812498194444449
2 0.39634799023437506 0.58171834375 0.017138660156249985 0.028124981944444412
4 0.383164405859375 0.5711714756944444 0.019775375781249993 0.03046872916666664
4 0.363389028125 0.5770308458333334 0.0250488109375 0.042187469444444445
3 0.32713417109375 0.5735152236111112 0.03691403593749998 0.08671868888888888
2 0.232212361328125 0.6145601672853966 0.07910150703125 0.08431624598476246
2 0.420078442578125 0.6098433243055555 0.05405269765625 0.08437494305555554
0 0.45303740390625 0.6133589465277778 0.025048809375000047 0.09609368472222223
