8 0.14765614921874998 0.3316403958333334 0.015820301562500007 0.030468727777777795
8 0.168749883984375 0.3316403958333334 0.010546867968749995 0.030468727777777795
2 0.36927221640625 0.41835908680555556 0.017138660937499984 0.02578123194444441
2 0.38047826171875 0.41249971875 0.01318358593750002 0.02343748472222226
2 0.34883765859375 0.4160153409722222 0.021093735937500035 0.03046872916666672
2 0.333017358203125 0.4160153409722222 0.023730452343749996 0.03046872916666672
2 0.321811310546875 0.43007782847222226 0.02768552890625 0.039843720833333325
2 0.253652171484375 0.44179657291666663 0.06855463984375003 0.08203119305555553
2 0.391025130859375 0.41249971597222224 0.010546867968749974 0.02812497916666672
2 0.4022311765625 0.41015596875 0.022412092187500045 0.037499973611111174
2 0.41739229843750003 0.4207028354166667 0.021093735937499948 0.02109373472222218
2 0.43453096015625 0.42421845833333327 0.010546868750000016 0.01874998888888884
2 0.44573700742187494 0.4289059541666666 0.019775375781250038 0.028124980555555526
2 0.4721041765624999 0.4394528222222222 0.035595678124999974 0.04921871666666667
8 0.633251531640625 0.34648413749999996 0.01582030078125003 0.030468730555555566
8 0.512621730078125 0.13085928541666667 0.01450194140625003 0.05859370972222223
8 0.5269945761718751 0.12929678680555554 0.014243747656249982 0.04140622361111112
8 0.497460608984375 0.13320303541666664 0.018457017968749944 0.05859370972222223
2 0.878867189453125 0.6419526819444444 0.23862288203124998 0.5132808972222221
