2 0.07782530447788012 0.5397923715277778 0.07994788323173978 0.06448386805555563
2 0.2575722417403109 0.5304318090277778 0.037442245312499976 0.03744224583333333
2 0.31585095492640014 0.5314718708333334 0.025121841709699756 0.03536212222222224
2 0.33016698164062497 0.5304318104166666 0.010530630468750024 0.020801248611111114
2 0.340112577734375 0.5356321215277777 0.014040841406250015 0.018721120833333296
2 0.36117384062499996 0.5366721833333332 0.014040842187500013 0.016640997222222214
4 0.525568698828125 0.5263658505181715 0.059673578906250045 0.11251531770300968
2 0.46945899642714545 0.5501929958333334 0.07360708995820912 0.11440686111111108
9 0.098493087890625 0.22465347152777776 0.040952455468749996 0.0998459875
9 0.40680657734375 0.42642557222222227 0.01638098281249998 0.037442244444444446
9 0.41324196289062504 0.4929895631944444 0.015210911718749998 0.012480748611111163
9 0.733256153125 0.46317374236111114 0.011700701562500004 0.04021434583333337
