0 0.24643890078125003 0.5782080666666667 0.017193412499999994 0.09679253888888889
0 0.338137095703125 0.585849582638889 0.014327842968749982 0.07641516250000006
0 0.43126807695312497 0.5692929652777778 0.014327842968749938 0.05349061388888888
0 0.266497880859375 0.6087741291666666 0.014327842968749982 0.08150950555555557
0 0.275094586328125 0.5731137229166666 0.011462275781250008 0.03566040972222224
0 0.358912468359375 0.5552835173611111 0.015760627343749965 0.03566040972222224
0 0.3861353703125 0.5578306895833334 0.012895059374999995 0.0458490986111111
0 0.45705819296875 0.5641986201388889 0.011462273437500059 0.03820758194444444
0 0.46923686015624994 0.5641986201388889 0.007163920312499972 0.03820758194444444
0 0.8320178632812499 0.5883967548611111 0.024357332812500056 0.1120755736111111
8 0.5466072117187499 0.44957587430555557 0.007163921874999968 0.028018893055555574
8 0.45347623125 0.47886835555555557 0.007163920312499972 0.030566066666666655
8 0.44659012382812496 0.5212174013888888 0.009473864843749968 0.022283136111111112
0 0.3101978015625 0.5998590298611112 0.03581960781249997 0.1400944652777778
0 0.213484861328125 0.6036797875000001 0.01719341015625 0.10188688333333336
7 0.237125802734375 0.65207605625 0.05301301953125002 0.10188688194444448
9 0.277243763671875 0.3999060194444444 0.01862619609374998 0.09679253888888889
9 0.639021799609375 0.4737740104166666 0.014327842968749938 0.02037737638888891
9 0.626126741796875 0.49797214513888893 0.014327842968749938 0.028018893055555574
9 0.734588530859375 0.4253777423611111 0.032954038281250056 0.020377376388888833
4 0.5774120742187501 0.5476420013888889 0.037252390624999965 0.066226475
2 0.49932533046874994 0.5641986201388889 0.018626195312500027 0.033113237500000045
2 0.53299576171875 0.5336325541666667 0.022924548437500025 0.012735858333333284
2 0.5430252515625 0.6189628215277778 0.10602603750000003 0.16301901805555555
3 0.69848234921875 0.5686561722222223 0.12751780156250003 0.19485866944444447
0 0.605351369140625 0.5641986194444445 0.0042983539062499965 0.02801889166666661
0 0.6146644671875 0.5680193777777778 0.008596706249999997 0.04075475277777782
6 0.954711935546875 0.6575949243055556 0.07163921484374995 0.09424536527777781
