9 0.591530441015625 0.33414254374999997 0.023746705468749952 0.04854882083333333
9 0.56244072734375 0.3151451798611111 0.02968338125000001 0.09076519027777775
9 0.484670265625 0.3911346375 0.01899736562500003 0.02744063888888885
2 0.01982849765625 0.44073885902777776 0.0391820640625 0.05910291250000002
2 0.2830141154453258 0.4544591791666666 0.09935446598434838 0.14142482777777776
3 0.90736163203125 0.4240633854166666 0.09498682343749998 0.09076518472222223
2 0.959604384375 0.45994731041666675 0.07598945781249995 0.10343009861111112
2 0.985725759375 0.4852771277777778 0.023746706250000037 0.08654354999999998
2 0.6645515648437501 0.3976781555555555 0.010686015624999979 0.01688654722222217
2 0.67583125 0.3955673368055555 0.01424802500000002 0.016886548611111055
2 0.6877046027343751 0.4018997895833334 0.009498682031250016 0.016886545833333284
2 0.694828612890625 0.4018997895833334 0.011873352343749932 0.016886545833333284
2 0.7019526261718749 0.3987335631944445 0.011873352343750022 0.023219001388888848
2 0.707295634765625 0.40506601736111114 0.010686017968749972 0.023219001388888848
2 0.713825978515625 0.4050660180555556 0.011873352343750022 0.027440636111111083
2 0.7256993312500001 0.4018997909722223 0.011873353125000019 0.0211081819444444
