2 0.13817025390624998 0.4678067854166667 0.0640301171875 0.03594673194444443
2 0.6352361562500001 0.4658097604166667 0.052235095312499966 0.04093933194444451
2 0.71303714296875 0.45133119930555554 0.026398381249999936 0.01897188750000001
2 0.73129134296875 0.45133119930555554 0.014603359375000036 0.022965968055555504
2 0.744771368359375 0.45133119930555554 0.02471337890625005 0.01897188750000001
2 0.7736972542968751 0.4508319388888889 0.04212507734375004 0.019970405555555557
2 0.802061472265625 0.44783637638888885 0.02808338359375 0.017973363888888847
2 0.793636457421875 0.4693045652777778 0.04605675234375006 0.030954130555555535
2 0.8402548769531251 0.45782158124999994 0.023590044531250066 0.019970406944444442
2 0.838008205859375 0.43934895486111114 0.01909670234375014 0.012980765277777806
2 0.851769064453125 0.4388496958333333 0.01291835703125006 0.015976327777777754
2 0.862159917578125 0.4413459958333334 0.025836714843750032 0.014977805555555553
2 0.890804969140625 0.43235931250000004 0.03145338984374994 0.016974847222222186
2 0.9261900339843748 0.4218748486111111 0.040440074218749976 0.02196744722222219
2 0.9612942656249999 0.4163829868055556 0.03763173593749993 0.01697484583333338
2 0.96354093671875 0.42686745069444443 0.027521717187500093 0.011982243055555526
8 0.2828991453125 0.45216330902777774 0.005616676562500001 0.0169748458333333
9 0.037070067578125 0.43036227222222223 0.01909670234375 0.026960050000000044
9 0.570373548046875 0.39251835625000003 0.006178346093749986 0.014977806944444439
