8 0.0417756609375 0.29168819305555554 0.0127577328125 0.04536083055555555
8 0.330564367578125 0.2586984944444444 0.019716499218750006 0.08659795
8 0.43610562265624997 0.3226160326388889 0.010438146875000064 0.04536083194444444
8 0.404791186328125 0.22467787291666666 0.010438146093749979 0.018556706944444477
9 0.367097879296875 0.23911086180555555 0.055670111718750005 0.0762886736111111
2 0.34854117578125 0.39065727916666665 0.03943299531250002 0.07422681666666663
2 0.28939168125 0.39065728055555554 0.034793818750000004 0.061855680555555556
9 0.17167258984374997 0.29581190486111114 0.0173969109375 0.028865984722222234
9 0.157755063671875 0.3494201631944444 0.015077322656249992 0.02061855416666667
2 0.135139078515625 0.40294205007571454 0.05798970078125001 0.04931181126254024
2 0.06927514558600405 0.4030284166666667 0.05518146664049191 0.04123712222222219
2 0.20472671875 0.3989047041666667 0.048711346875000006 0.05773196666666662
9 0.296152746484375 0.27421856180555554 0.014501942968750025 0.02812497916666664
