8 0.13768666601562501 0.33305921250000003 0.009991777343749985 0.03730263055555558
8 0.416956815234375 0.35703947569444444 0.00899259921874993 0.035526315277777734
8 0.4244506484375 0.4227631611111111 0.015986842187500017 0.021315791666666604
0 0.09122490624999999 0.5169078993055556 0.04496299375 0.16697368472222227
0 0.04676150078125 0.511578951388889 0.021981909374999997 0.14921052777777777
0 0.023280826171874998 0.5204605291666666 0.030974507031249997 0.1527631583333333
0 0.14717885390625002 0.5124671076388889 0.04096628281249999 0.16875000138888888
0 0.11520516953125 0.5115789500000001 0.02098272968749999 0.13499999999999998
0 0.07124135312499999 0.4831578965277778 0.014987665625000002 0.11723684027777778
0 0.009791928124999998 0.50802631875 0.013988487499999999 0.14565789583333336
0 0.48190336132812506 0.4920394743055556 0.036969572656250005 0.17407894583333333
0 0.45692392070312504 0.48848684583333324 0.02697779765625006 0.11013157777777778
0 0.573328116015625 0.45207237222222224 0.01798519765624995 0.05861842222222222
0 0.560338806640625 0.4893750027777778 0.01598684140624993 0.11901315833333335
0 0.540854843359375 0.4707236868055555 0.00899259921874993 0.05328947361111105
0 0.530363477734375 0.46983552847222226 0.007993421093750008 0.051513156944444444
0 0.517374168359375 0.4662828958333334 0.011990132031249967 0.06927631666666664
0 0.506882803125 0.4680592138888889 0.010990953125000046 0.06217105277777774
0 0.43793954609375 0.46095395 0.01298930937499998 0.026644736111111123
9 0.06474669921875001 0.2682236868055556 0.049958882812499994 0.02486842083333336
9 0.061749166015625 0.29842105416666664 0.017985197656249997 0.028421052777777768
9 0.615793166015625 0.18384868402777776 0.020982730468749988 0.019539473611111094
9 0.63128041875 0.3232894763888889 0.017985196874999953 0.021315791666666643
9 0.61479398828125 0.30907895 0.010990953124999958 0.04263157777777775
8 0.6018046781249999 0.2460197375 0.012989307812499984 0.05506578888888889
4 0.1441813203125 0.44052631805555553 0.28676398124999997 0.17763158055555558
4 0.592312491015625 0.42308269148684463 0.09791940859374995 0.12725567258186632
2 0.399970795703125 0.4911513166666666 0.09292351953125003 0.1829605277777778
2 0.26955147780957195 0.613433663832103 0.26983123500585604 0.368264261224683
2 0.7331965375 0.4612428839579784 0.3157401343750001 0.3671194987507099
2 0.9360295960937499 0.5473003921860213 0.12789473749999997 0.44724132951684653
