8 0.064404580078125 0.41183427291666674 0.022466716406249997 0.03461538194444442
8 0.158390328125 0.3079881326388889 0.012731135937500016 0.04526626805555555
8 0.310415088671875 0.33328398958333333 0.011233355468749994 0.03994082638888885
8 0.299331508984375 0.33244078680555555 0.008237794531249999 0.04127218472222221
8 0.5173335328125 0.3510798354166667 0.00599112343749999 0.030621295833333347
8 0.503853503515625 0.4302958034722222 0.004493342968750013 0.01597632916666664
9 0.09136463359375 0.32374257291666664 0.016475589062499997 0.025295854166666645
9 0.24638495585937498 0.39774403541666664 0.01947115078124999 0.01597632916666664
9 0.63674410078125 0.3824333881944445 0.01797337031249997 0.014644965277777781
9 0.741027095703125 0.04959318680555555 0.06440457890625 0.04659762916666667
2 0.7530093417968751 0.23897926180555554 0.009735575781250016 0.03328402083333333
2 0.40340232187499997 0.49526621319444447 0.008986684374999988 0.026627215277777814
2 0.395563942578125 0.49420114166666673 0.011982247656250023 0.031952658333333356
2 0.38844948242187505 0.4948668208333334 0.012731138281250009 0.03328401666666668
2 0.338049141015625 0.49819522222222223 0.03295117890624999 0.05059171111111106
2 0.17748703515625 0.5202958013888889 0.05541789218749997 0.07082837222222227
2 0.509545053515625 0.4928697805555556 0.02096893203125001 0.053254427777777856
4 0.512802731640625 0.4613165138888889 0.012731136718750058 0.01863905277777778
2 0.5304016558593749 0.47729284097222213 0.023964492968749963 0.05325442916666666
4 0.5596083847656249 0.46863899791666663 0.04118897421875003 0.09718933749999997
4 0.834919233984375 0.36336126994368734 0.32820123828125 0.7247255009984858
2 0.259415656640625 0.49668917145206326 0.14079140234375004 0.15142574568190423
2 0.37511922890625 0.4975295444444444 0.02770894531250003 0.03062129722222219
2 0.45757206171875 0.50818043125 0.09885353906249997 0.16642009861111112
2 0.07526349140625 0.5475518889598713 0.1490292015625 0.16835761096914628
0 0.12057136171875 0.48581354375 0.017973370312500014 0.04127218472222217
0 0.13442583359375 0.49446738819444447 0.012731135937500016 0.03994082361111108
0 0.6164772128906251 0.4856289069444445 0.009059785156250033 0.04099781666666671
0 0.62471338046875 0.48270049097222223 0.010707018750000064 0.035140984722222234
0 0.66383518125 0.49417011111111103 0.013177870312499973 0.06881776111111111
0 0.6481864609375 0.504419563888889 0.009883401562500005 0.06296093333333339
0 0.63253774140625 0.49783063125000004 0.011530635937500033 0.07321039027777777
0 0.64118571796875 0.4985627326388889 0.009059784375000036 0.06881776527777778
0 0.5983576410156249 0.4897774888888889 0.009059785156250033 0.039533608333333345
0 0.59012147421875 0.48684907222222223 0.009059784374999946 0.039533608333333345
0 0.581885304296875 0.48758117638888887 0.007412552343750001 0.0322125694444444
0 0.67495400859375 0.4912416951388888 0.009059784374999946 0.0746745930555555
0 0.5827089226562501 0.4831885534722222 0.00576531874999997 0.023427323611111068
