2 0.43829796289062506 0.5163077402777778 0.023395388281250006 0.08145061111111107
2 0.40612930351562504 0.5180407305555556 0.05653885546875004 0.11957642777777772
2 0.36811179843749997 0.5457686 0.07408539687500001 0.16116823055555551
2 0.6049901046875 0.5093757715277778 0.10138001562499994 0.12650839583333334
2 0.658117132421875 0.4981113263888889 0.03606788984375005 0.04505778333333331
3 0.50366086953125 0.530770148611111 0.13842271406249998 0.23820349722222217
4 0.172383595703125 0.4549103277777778 0.34476719140625 0.9098206555555556
9 0.69502058359375 0.39202748472222215 0.018521348437499974 0.019062911111111133
9 0.6526164421875 0.40155893958333333 0.02144577187500003 0.02772786527777779
9 0.673764838671875 0.39165613055555565 0.018521349218749972 0.02079590000000001
9 0.67132781953125 0.41765100625 0.01754654218749998 0.02426188472222219
3 0.8447348807495741 0.3534923339011925 0.31053023850085176 0.706984667802385
