8 0.387697363671875 0.4755921020833333 0.01079679453125002 0.029857801388888876
8 0.46297816718749996 0.45106605 0.007804001562500051 0.023459700000000003
8 0.553248201953125 0.44253525 0.008397505468750044 0.027725100000000048
9 0.3211171359375 0.45853050138888896 0.009597149999999966 0.012796200000000053
9 0.40929095078125 0.46919400208333334 0.010796793749999978 0.008530801388888815
9 0.40629184062500007 0.4819902020833333 0.011996437499999946 0.008530801388888894
9 0.5586465984375 0.46386225 0.02399287499999998 0.014928899999999995
9 0.570643035546875 0.44253525069444444 0.016795013281249993 0.01492889861111111
9 0.622227717578125 0.43507080138888893 0.011996436718749948 0.017061599999999937
9 0.62102807421875 0.4499997020833334 0.00959715000000001 0.012796201388888939
9 0.5856385828125 0.4905210013888889 0.005998218749999928 0.017061600000000017
2 0.471072604296875 0.5118480020833333 0.021593586718749957 0.021326998611111096
2 0.44767955078125 0.5161133999999999 0.02279323125000001 0.0383886
2 0.4320841812499999 0.5203788020833334 0.02519251875000004 0.04265400138888893
2 0.412290060546875 0.5278432513888889 0.03359002578124999 0.05758290000000004
2 0.385298075 0.5342413506944445 0.03478966874999996 0.06184829861111104
2 0.36070537929687496 0.5438385013888889 0.05038503671875003 0.08104259999999996
2 0.3076790752262564 0.54490485 0.0988547432974872 0.10876770000000001
2 0.516059245703125 0.5107816527777778 0.015595369531250024 0.01919429999999996
2 0.5430512296875 0.5033172006944445 0.00959715000000001 0.02559240138888891
2 0.55024909296875 0.5065162520833334 0.00959715000000001 0.02345970138888889
2 0.558046776953125 0.5054499013888889 0.01319608203125 0.02132699999999998
2 0.5682437484375 0.5075826020833334 0.00959715000000001 0.02559240138888883
2 0.5826394734375 0.5118480020833333 0.01919429999999993 0.02559240138888891
2 0.198753471484375 0.5438385 0.08157577578125 0.07251179999999996
2 0.07660540859375001 0.5557249604166666 0.1371905859375 0.11761172083333338
9 0.47149442265625 0.4809371625 0.01186522656250002 0.009374994444444458
9 0.660019683984375 0.44343718749999994 0.014501942968750025 0.028124980555555526
