9 0.368885705078125 0.34021901666666665 0.006309007031250013 0.01427492222222221
9 0.382364037890625 0.3738670513888889 0.009176738281249985 0.01631419722222221
9 0.428247719140625 0.3514350291666667 0.01147091953124999 0.02854984722222223
8 0.24260997499999998 0.319656325 0.006309006250000015 0.023451661111111122
8 0.343554076953125 0.3247545125 0.00630900859375001 0.015294561111111132
2 0.39001130546875 0.40649544861111114 0.016059289062499982 0.02651057222222219
2 0.404636729296875 0.40751508611111115 0.021221202343749957 0.04282476944444448
2 0.412092827734375 0.4115936333333333 0.020074110156249957 0.04690331944444447
2 0.36649591875 0.3998678048611112 0.02179475000000002 0.02345166250000001
2 0.43844986679687503 0.42191262569444443 0.053913327343749984 0.06627643194444441
2 0.335029746875 0.39725072986111115 0.016059289062499982 0.020392745833333316
2 0.26482771523437504 0.40132927916666666 0.020647657031250023 0.02651057222222219
2 0.240452008984375 0.4048980111111111 0.03039793984374999 0.035687308333333334
2 0.18453126992187502 0.4207023895833334 0.043589499218749994 0.04690331805555551
2 0.093383728515625 0.4286329645833334 0.043589499218749994 0.06933534027777778
2 0.065279971484375 0.43169187708333334 0.04588368359375001 0.07545316527777778
2 0.028135611718750002 0.4385184284722222 0.05448687343750001 0.0764728041666667
2 0.57802177265625 0.42484298611111104 0.023849718750000016 0.025439699999999968
2 0.4754679828125 0.42314700625 0.022895729687500043 0.025439698611111162
