2 0.362786214453125 0.6012152753525459 0.28135139609375 0.46707541181620293
2 0.901272730078125 0.6633564961077986 0.19740847265625003 0.5233721866600417
2 0.657112553515625 0.4805823368055555 0.16525980078125002 0.29379520138888887
2 0.5574103593749999 0.5024348722222223 0.042339287500000024 0.0655576055555555
2 0.4652199753906251 0.49757875347222225 0.030047236718750002 0.08498208194444443
2 0.47819491875000003 0.5060769618055556 0.017755185937499984 0.06312954861111114
2 0.4850238359375 0.4951506930555556 0.017755184375000076 0.06555760555555558
2 0.49799877851562496 0.4963647229166667 0.010926267968750025 0.05341730694444446
2 0.5259973398437501 0.4927226333333334 0.028681453125000013 0.06555760555555558
2 0.76774101484375 0.5291435270833333 0.06692339062500005 0.1286871541666667
3 0.509607937890625 0.45023159166666665 0.07511809140625 0.03399283333333329
0 0.25010907734375 0.4672280097222223 0.01775518437499999 0.0776979055555555
8 0.48297516015625 0.3907441326388889 0.005463134374999967 0.021852534722222258
8 0.4898040785156249 0.39351906736111114 0.0054631335937499696 0.026708656944444444
9 0.171576528515625 0.17221877847222222 0.040973505468750004 0.05584537083333334
9 0.1688449609375 0.2256360888888889 0.0382419375 0.05098924999999998
9 0.9466586492187499 0.32640055625 0.017755184375000076 0.03399283194444445
0 0.05275336601562499 0.48543845625000004 0.06282603984374999 0.12383103472222222
8 0.43995298125 0.4429474131944444 0.012292051562499929 0.019424476388888855
