8 0.189005171875 0.2943590548611111 0.030889824999999992 0.04423728472222225
8 0.39708246249999996 0.38435903472222227 0.018019064062499934 0.03203388888888894
8 0.47559410039062494 0.41105394652777777 0.01716101328125008 0.02745762083333337
8 0.6532105910156251 0.30885057777777775 0.012012708593749987 0.024406777777777774
9 0.426550915625 0.2626890548611111 0.12433098437500001 0.09351390138888888
9 0.600011449609375 0.2482369048611111 0.07379235703124998 0.09011339583333332
9 0.73016978828125 0.0813697611111111 0.13095443437499998 0.15520774722222222
9 0.743305913671875 0.25469804305555555 0.05148303984374998 0.06559320833333335
9 0.580705309375 0.36962204305555557 0.0437605875 0.051373450000000015
9 0.51449317734375 0.3726008291666667 0.028600124999999997 0.04639776666666668
9 0.519838166796875 0.4131614256944444 0.03163896640625001 0.03230480416666666
2 0.345170393359375 0.469782748611111 0.02402541953124997 0.05338981666666669
2 0.37949242617187495 0.47541595029457695 0.04805083828124999 0.09516469225582058
2 0.43563664257812496 0.5177269701388889 0.10424674765625 0.1632242652777778
2 0.307480087890625 0.5117760854166666 0.09468282734374997 0.12921920972222228
2 0.11386055932642143 0.6286684645833334 0.22553697334034287 0.37830624305555555
9 0.15468314414062498 0.32029125208333337 0.02402541953124999 0.08084743750000002
2 0.4882382128906251 0.49987431597222226 0.018171452343749995 0.04590682638888887
