0 0.8019831097656251 0.46231173611111115 0.011462274218750058 0.058584958333333347
0 0.790520834375 0.4584909784722222 0.011462275000000055 0.050943443055555565
0 0.7582831890625 0.45594380624999997 0.012895059374999995 0.061132131944444425
0 0.740373384765625 0.46485890833333326 0.014327842968750027 0.058584958333333347
2 0.45668209179687497 0.48014194097222224 0.022924549218750024 0.043301926388888905
3 0.483904993359375 0.463282060594728 0.02579011796875008 0.0668329982549885
2 0.54551471875 0.4938568184055928 0.028655685937499963 0.07073168125563016
0 0.672316129296875 0.46231173680555554 0.015760627343749965 0.043301926388888905
2 0.6824586260525202 0.48977204676448577 0.05037346304254031 0.06721215423594132
2 0.6049752679687501 0.5138807542621605 0.1217866671875 0.1680303855898533
0 0.8120126003906251 0.45467022083333336 0.011462274218749968 0.06367930277777774
