9 0.032692123046875 0.2385951527777778 0.044736589843749994 0.07341389444444443
9 0.03555985390625001 0.2988109504990028 0.0665313390625 0.042939153775783445
9 0.44851300117187504 0.22432022708333332 0.06194297265625002 0.03262839583333334
9 0.46582692304687506 0.28838743958333335 0.01892701953125 0.06015860694444446
9 0.445179265234375 0.28328925208333333 0.017779927343750047 0.06831570694444444
8 0.4471866765625 0.31540783125 0.009176737499999987 0.05302114583333335
8 0.6565309796875 0.12422581736111112 0.022941840624999977 0.07851208194444444
8 0.8077559515624999 0.33427112152777777 0.010323828125000035 0.05608005694444446
8 0.055790794140625 0.35130491319444446 0.029824394531250003 0.043844406944444435
8 0.8180334789062499 0.3971885972222223 0.01835347343749998 0.029569483333333344
9 0.507875016015625 0.42518879652777775 0.005161913281250019 0.01019637638888887
9 0.54572905546875 0.39256039930555553 0.010897375000000053 0.0101963736111111
0 0.117733766796875 0.49099523819444446 0.054486874218749995 0.14988669861111106
0 0.18569897226562498 0.4797792270833333 0.03555985390625001 0.14784742361111106
0 0.28406211796875 0.4889559625 0.022368295312499998 0.1294939472222222
0 0.3302325734375 0.4848774152777778 0.026383117187500017 0.12541539999999998
0 0.9279352569999114 0.5195450833333333 0.032827548374822865 0.12745467499999996
0 0.7979593675781251 0.5042505263888889 0.024088933593750018 0.11114047777777777
0 0.8191805710937501 0.4904854208333333 0.024088934375000016 0.09380664166666663
2 0.5255152259117755 0.4501699118055556 0.01577985494855092 0.025490937500000005
2 0.49096735390625 0.4471110013888889 0.029824393750000056 0.033648033333333334
2 0.48752607812500004 0.47209211666666673 0.03900113124999995 0.04894259444444447
2 0.40264126562499997 0.4445619076388889 0.032118578124999964 0.028549845833333382
4 0.55061614140625 0.4358949881944445 0.029824393749999966 0.0744335291666667
4 0.5805152014691688 0.43393927160701345 0.058651026375837564 0.09873771511930649
