9 0.821275611328125 0.30154056180555555 0.04386635546875004 0.051989751388888866
9 0.73500511484375 0.4115855340277778 0.015596926562500002 0.025994873611111143
8 0.52054738984375 0.37345971736111117 0.00974807812500007 0.019062909722222247
8 0.5975572093749999 0.36046228055555557 0.01169769374999996 0.020795899999999968
2 0.5792795609375 0.4167845111111111 0.014622117187500016 0.020795902777777778
2 0.6309443781249999 0.42804895625 0.022420581250000016 0.02946085972222221
2 0.5919520640625 0.4167845111111111 0.012672503124999946 0.020795902777777778
2 0.52858955390625 0.4063865583333334 0.01657173437500008 0.020795902777777778
2 0.549657071243759 0.4306484416666666 0.04310983780001791 0.06931966944444438
2 0.603649758203125 0.43314518459605533 0.036067891406249955 0.04311930252544395
2 0.7715679189952465 0.4679077659722222 0.06776416299049286 0.05718872638888889
2 0.8631132323421682 0.47743922083333334 0.10658323030933622 0.1005135222222222
2 0.68455881015625 0.46639390616068016 0.112102903125 0.14319111119830993
2 0.49154685625 0.40811955000000005 0.014622117187500016 0.02079590000000001
2 0.474487718359375 0.41245203055555557 0.02534500546874998 0.03985881111111114
2 0.45791598632812497 0.41245203194444446 0.015596925781250003 0.022528891666666735
2 0.43231295944693804 0.41418502291666665 0.0443819388025374 0.05718872638888889
2 0.3532484185088398 0.410242590657366 0.03899231406250001 0.04509047677068689
2 0.2967014797725184 0.40898604791666665 0.04602571431374245 0.05372274583333329
