8 0.86514196328125 0.16376771805555557 0.034118275000000156 0.0502567611111111
9 0.7437783863281251 0.36219527083333336 0.03314346640624999 0.027727866666666677
8 0.7408539632812501 0.3188704770833333 0.019496157812500046 0.05545573749999997
8 0.684802512109375 0.3890566416666666 0.00877327109374999 0.025994874999999952
9 0.5741618203125001 0.40205407916666663 0.013647309375000027 0.024261883333333303
8 0.5376065269531249 0.33100141944444444 0.016571733593749992 0.027727866666666677
8 0.32899764804687504 0.29980756805555553 0.020470964843749995 0.03812581666666668
9 0.28513129531250003 0.3076060305555555 0.020470964062499996 0.022528891666666696
8 0.23054205507812497 0.2894096173611111 0.014622116406249974 0.07971761805555554
8 0.20422224296875 0.38645715486111115 0.020470962499999978 0.031193851388888937
2 0.248576000390625 0.46964075694444446 0.03704269765625003 0.03812581666666672
2 0.6779788570312499 0.4592428076388889 0.05946327968749996 0.04852376805555557
2 0.6238770214843751 0.4679077652777778 0.058488471093750063 0.03812581666666664
2 0.46864164411596343 0.5649553013888889 0.20909073676807308 0.2911426111111111
2 0.8553899592412026 0.6082800951388888 0.2856265502675945 0.3223364597222222
9 0.009355745703125001 0.39155529027777775 0.01715220078125 0.020790547222222244
9 0.34148472500000004 0.3853181263888889 0.010915037500000002 0.011088291666666647
