9 0.293655570703125 0.6953927083333333 0.020647657031250023 0.03874622222222225
2 0.9606376293305271 0.8985896419152135 0.07695913508894599 0.19519219672512866
2 0.746756940625 0.8528529975131576 0.41524733124999996 0.2907440327514625
2 0.490013125425095 0.8645420685095049 0.2412989539751901 0.2673658935365457
2 0.007456099218750001 0.8432401319444444 0.012618012500000001 0.06117824444444438
2 0.046457229687500004 0.8379895386830312 0.079149353125 0.07983652541171549
2 0.100370556640625 0.8401550639063579 0.09062027421874999 0.07947940836827093
2 0.18927019296875 0.8375218882460954 0.096355734375 0.10227936514164987
2 0.265551815234375 0.8371223062500002 0.10438537890625002 0.13459213750000001
2 0.35559854296875 0.8530843311468436 0.1445336015625 0.18016053215075753
