2 0.2430563916047641 0.4022516449691226 0.17708298710297177 0.18147584061731037
2 0.7494880681923328 0.3714202099577195 0.12671784419716578 0.14611337877378555
2 0.6142695661129057 0.34946095625 0.03881178691331124 0.049922993055555524
2 0.50827848046875 0.3307398326388889 0.014040842187499968 0.020801248611111114
2 0.33510809570312505 0.3785827034722222 0.09360561328124999 0.12480748472222222
2 0.387761253125 0.36298176736111115 0.0631837890625 0.08944536527777779
2 0.41642797265625 0.3505010194444444 0.036272175 0.06864411666666663
2 0.421693287890625 0.3358603397049576 0.05382322890625004 0.08960497614564038
2 0.449774971875 0.3453007069444445 0.014040840624999973 0.05824349166666663
2 0.45855049843749995 0.3432205819444444 0.019891192187499927 0.04160249444444442
2 0.4731763750000001 0.33177989583333334 0.01872112187499999 0.027041622222222214
2 0.48546211249999993 0.3286597090277778 0.010530631250000066 0.024961495833333323
2 0.49482267343749997 0.3296997708333333 0.010530631249999978 0.01872112499999999
2 0.541040445703125 0.32865970972222225 0.011700700781250007 0.02080125
2 0.5199791816406251 0.32241933472222223 0.009360560156250041 0.016640997222222214
2 0.590768427734375 0.34114045694444445 0.017551053906249958 0.0457627444444444
2 0.5299247781249999 0.3307398326388889 0.015210910937499999 0.020801248611111114
2 0.555666322265625 0.3328199576388889 0.01989119140625002 0.020801245833333346
