8 0.39249593828125 0.27689553888888885 0.010796793750000023 0.049052099999999994
8 0.53765283359375 0.2950234888888889 0.008397506249999954 0.042654000000000004
8 0.405692019921875 0.2811609395833333 0.010796794531249976 0.04905210138888887
8 0.54844962578125 0.29715618958333334 0.008397506249999954 0.03838860138888889
8 0.4668738507812501 0.4208527895833334 0.005998218750000017 0.021326998611111096
8 0.51665906796875 0.4197864402777778 0.007197862499999985 0.027725100000000048
8 0.6924068765625 0.3909949909722223 0.025192518749999948 0.03838860138888889
8 0.22180120546874998 0.4038932916666667 0.01730401718750003 0.03391899999999997
9 0.293525329296875 0.2939571395833333 0.05998218671875 0.0362559013888889
9 0.676811508203125 0.3462082902777778 0.029991094531249995 0.025592399999999987
9 0.6906074109375 0.3152841402777778 0.026392162500000003 0.023459700000000003
2 0.45967598789062497 0.4635067902777778 0.017994655468749964 0.02985779999999999
2 0.4470797289062499 0.4635067902777778 0.016795012499999994 0.02985779999999999
2 0.43568311328125003 0.46563949027777785 0.017994656249999963 0.03412319999999996
2 0.42068756640624994 0.4688385395833333 0.021593587500000046 0.03625589861111117
2 0.39729451328125 0.46563949027777785 0.04198753124999999 0.05971560000000006
2 0.37690056953125 0.4784356902777778 0.03718895624999998 0.051184799999999975
2 0.2436864430806099 0.5053067487506594 0.11916717165128017 0.12458196638757002
2 0.07355895412642767 0.5270309583518012 0.14711790825285534 0.2966101589107847
2 0.5022633421875 0.45817503958333333 0.014395726562499966 0.027725098611111162
2 0.528655505859375 0.46350679027777775 0.02159358828125004 0.0383886
2 0.539452298828125 0.4741702909722223 0.02399287421874998 0.034123201388888844
2 0.56404499453125 0.4795020395833333 0.041987531249999946 0.057582898611111155
2 0.62282753828125 0.5232223902777778 0.06598040625000001 0.1236966
2 0.7062027796875 0.5417683279173261 0.15355439999999998 0.1975051247209034
2 0.829166264453125 0.5146915902777778 0.08757399453124996 0.07251179999999996
