8 0.49036726484375004 0.4498730590277778 0.007003459374999998 0.0160079097222222
8 0.518881352734375 0.4507623861111111 0.010004942968750008 0.01067193888888885
8 0.5006473687499999 0.4677866791666667 0.00800395468749997 0.01067193888888885
8 0.511152559375 0.4695653354166667 0.011005437499999982 0.017786568055555563
2 0.488991601171875 0.47845861944444446 0.018008897656249977 0.01956522222222219
2 0.47948690585937503 0.48201593125 0.015007414843749966 0.023122537500000026
2 0.467480973046875 0.4864625729166666 0.017008403906250004 0.02845850416666664
2 0.450972817578125 0.4846839173611111 0.020009886718749925 0.0498023847222222
2 0.434464660546875 0.4873519 0.027013346093750012 0.07292491944444444
2 0.4184567515625 0.4926878715277778 0.017008403125000005 0.08003954583333331
2 0.40344933671875005 0.5078064541666666 0.03701829062499997 0.12450596111111112
2 0.375435495703125 0.5104744388888889 0.04302125703125004 0.1298419305555556
2 0.30212096573467984 0.5398222722222222 0.14562856384314032 0.18853759722222224
2 0.519256554296875 0.47934794791666663 0.010004942968750008 0.023122537500000026
2 0.5272605089843749 0.4829052618055556 0.010004942968750008 0.023122534722222178
2 0.534263968359375 0.48379458749999993 0.010004942968750008 0.02134387777777778
2 0.5422679234375 0.4873519027777778 0.00800395468749997 0.024901191666666656
2 0.55427385546875 0.49090921527777776 0.0240118640625 0.032015816666666634
2 0.580286708984375 0.506917125 0.02601285234375004 0.0711462611111111
2 0.593293133984375 0.5149210798611111 0.028013841406249983 0.0871541708333333
2 0.6476819422176099 0.5235619776772862 0.10677662662271992 0.15524788908987205
