9 0.43344324648437504 0.7345065833333333 0.013988486718749993 0.012434211111111104
9 0.32902918359375 0.6821052666666667 0.022981085937500013 0.03552631666666662
9 0.2271130640625 0.6821052666666667 0.030974506250000023 0.03552631666666662
9 0.18165048203125 0.68654605625 0.04796052656250001 0.04796052638888892
2 0.37998724296874997 0.77092105625 0.008992598437500022 0.014210526388888903
2 0.4124605164062499 0.7753618458333333 0.009991776562500032 0.019539472222222305
2 0.49888938125 0.7788811834958921 0.03497121718749998 0.05513237745266019
2 0.351011091796875 0.7744736875000001 0.01099095390625 0.021315788888888992
2 0.33902096015625 0.7744736875000001 0.010990953125000003 0.021315788888888992
2 0.32453288398437496 0.7753618458333333 0.013988486718749993 0.019539472222222305
2 0.29705550000000003 0.7790096277991223 0.0329728625 0.04104556393157787
2 0.23623583092790784 0.7752283490265474 0.07467798814418436 0.062438046391349485
2 0.166701857421875 0.7819988043120569 0.07601558046874998 0.07305668938689268
2 0.10385350090973233 0.8000821966389859 0.060228406506964635 0.06246719283313935
2 0.0403667703125 0.8082236875000001 0.080733540625 0.08881578888888887
2 0.388979841796875 0.7771381625 0.016986019531249986 0.02309210555555552
2 0.42461874729437277 0.7789144770833333 0.02031975083874569 0.030197368055555607
2 0.5523085717649094 0.813413180748421 0.11835183680676638 0.13880770983509622
2 0.007798462890624999 0.8249040618055555 0.01169769453125 0.05545573472222224
