2 0.862387709375 0.6526884640972568 0.27158184531249996 0.5157802270714631
2 0.09642143828125001 0.5504825983744916 0.1924803359375 0.2000283300823167
2 0.375254254296875 0.5679427044084611 0.13579092265624998 0.19140852619365917
2 0.208300637890625 0.5380573078901005 0.09228509296875001 0.10825959255313222
2 0.44428680429687495 0.5124996465277778 0.01582030078125003 0.06562495416666671
2 0.431762398046875 0.5066402777777778 0.027685528906249958 0.07265619722222219
0 0.45812956875 0.5066402763888889 0.006591792187500012 0.030468727777777756
2 0.45615202929687493 0.5054684020833333 0.010546866406250022 0.02343748472222226
2 0.46603971757812507 0.5042965409722222 0.009228510156250013 0.0351562236111111
2 0.47658658749999994 0.5079705441000373 0.025048810937499954 0.042504229866741225
2 0.5132809011718751 0.5242333884328185 0.05273433828125 0.07184495091214092
2 0.5798580023437501 0.5317096300057459 0.09624016718749999 0.13529490167815833
2 0.709496588671875 0.5642898699391165 0.2096189960937501 0.2454704763399598
9 0.258398259375 0.4304684555555555 0.015820301562500028 0.00937499444444438
9 0.5062496515625 0.4058591104166666 0.031640603125000055 0.011718743055555494
9 0.258398259375 0.49335903541666665 0.01054686718750002 0.03515622638888887
8 0.249828929296875 0.4574215590277778 0.011865225781250021 0.021093737500000032
8 0.48251919843749996 0.40468722430555554 0.005273432812499923 0.018749984722222262
8 0.47460904882812505 0.40117159999999996 0.0026367164062500057 0.025781233333333375
8 0.55305137890625 0.4691403055555556 0.006591792187500012 0.021093736111111146
0 0.2954248909158905 0.5109371493055556 0.010772055269281022 0.056249962500000014
