2 0.4149663109375 0.5162985694444444 0.01091503593750005 0.019404508333333344
2 0.45667734570312496 0.5183776229166667 0.010135389843749999 0.02079054583333328
2 0.466033091015625 0.523921770138889 0.014813263281249966 0.034650909722222185
2 0.47460919257812506 0.5294659159722223 0.014813264843750052 0.03187883750000001
2 0.482015823828125 0.5322379895833333 0.01403361796875 0.03742298472222221
2 0.5046255429687501 0.5301589305555555 0.04366014843750001 0.0665297444444445
2 0.5381503000000001 0.5467913708333334 0.046778729687499965 0.09147840555555552
2 0.5993524703125 0.5419402423611112 0.11460788749999998 0.1455338236111111
2 0.688232055078125 0.5768503185596447 0.18477598046875005 0.20045695176959935
2 0.25829655429687504 0.5205952791666667 0.04599908671874999 0.06375767777777779
2 0.42903891523437493 0.5192092430555555 0.016372555468749984 0.019404511111111116
2 0.372514617578125 0.5309905527777777 0.06393092890625 0.08732029444444452
2 0.27853325776549387 0.5465318559826189 0.08037161728151228 0.08721921025698462
2 0.09246237250528619 0.589859711224529 0.18492474501057238 0.2206312019484162
2 0.017775907421875 0.6738749040194556 0.03430440234375 0.17825832210401835
9 0.133163439453125 0.3369454534722222 0.02494865546874998 0.026334690277777757
9 0.7198466699218751 0.3133828326388889 0.022609717968749977 0.0623716375
9 0.538579094921875 0.4485213840277778 0.012474328906250064 0.033264873611111134
2 0.8506419885669626 0.6512273303095188 0.295855915053575 0.3667445807222018
