8 0.535087550390625 0.37778522430555556 0.005035642968749965 0.03580902638888893
8 0.42430337734375 0.4135942527777778 0.007049903124999979 0.02864721944444442
8 0.43084971484374995 0.4144894777777777 0.008057029687499995 0.023275866666666662
8 0.416749908984375 0.41269902708333334 0.006042774218750058 0.02685676805555551
8 0.528541213671875 0.37957567708333334 0.0060427742187499685 0.028647220833333303
8 0.54465527578125 0.3813661291666667 0.00805703124999999 0.032228125
8 0.24956651796874998 0.4314987645833333 0.0181283203125 0.02506632083333334
8 0.264169887890625 0.4341844423611111 0.00906416015625 0.02685676805555551
8 0.6418432109375 0.4664125652777778 0.013092675000000043 0.023275869444444514
9 0.6196863765625 0.41538470347222217 0.013092674999999953 0.021485415277777756
9 0.341215244921875 0.45298418125 0.006042772656249973 0.04655173472222221
9 0.69622816953125 0.39479451388888886 0.013092675000000043 0.01969496388888893
9 0.6891782671875 0.4359748930555556 0.007049903124999979 0.01969496388888893
9 0.686156880859375 0.4655173395833333 0.007049902343749981 0.021485418055555608
2 0.39711089804687505 0.5523542277777778 0.029206738281250023 0.03759947500000006
2 0.34510229372533846 0.5577255833333333 0.037987964013176966 0.0984748194444444
2 0.28733385234375 0.5586208083333334 0.1158198203125 0.16472151944444444
2 0.186117401171875 0.5962202861111111 0.21753983359375 0.23992047500000002
0 0.10705778671874999 0.4637268868055555 0.027192479687499993 0.03938992361111112
2 0.070801146484375 0.5836871270833334 0.13999091171875 0.4010610930555555
2 0.46710635273437495 0.5550399048611111 0.12286972109374998 0.20053054861111114
2 0.603572313671875 0.5703244144109021 0.10776278671875002 0.11651068437735992
2 0.6987459914062499 0.5532494541666667 0.08258456875000002 0.057294441666666605
2 0.9354212734375 0.6722986622800938 0.12891249375000005 0.21309531710647905
9 0.7571594648437501 0.35092845625 0.026185351562499994 0.03222812361111116
9 0.7365133234375 0.3446618770833333 0.011078417187499934 0.030437673611111056
8 0.42356357929687505 0.41537160416666663 0.006828917968749959 0.021852536111111064
