9 0.04227850625 0.4019014083333333 0.02402541875 0.03661016111111116
9 0.052575112109375 0.25622346875 0.06692795390624999 0.09610167361111108
9 0.14438653515625002 0.33402006319444444 0.0480508390625 0.05949151527777777
9 0.162834626171875 0.2821556666666667 0.03861228203125 0.05033897500000002
9 0.11349670976562501 0.16393535138888887 0.05834744609375 0.03355931388888887
9 0.6488382597656249 0.5880507381944444 0.009438558593749934 0.019830506944444437
8 0.6046486476562499 0.594152426388889 0.0051483031250000085 0.01677965555555553
8 0.5879166613281249 0.5895761597222222 0.0042902539062500186 0.013728811111111128
0 0.81444204140625 0.6681354708333334 0.014586862499999853 0.0671186305555555
2 0.808986427734375 0.6742371604166667 0.02770105390624993 0.030508468055555543
2 0.569039545703125 0.6216100513888889 0.009438558593750025 0.01677966388888892
2 0.5853425117187501 0.6231354756944444 0.006006356249999989 0.016779662499999955
2 0.61065500546875 0.6315253041666666 0.005148304687500005 0.01830508055555558
2 0.597784245703125 0.6353388625 0.01887711328124997 0.03508474166666665
2 0.525707987890625 0.6388076931137471 0.06349575234374996 0.11104616786807703
9 0.732529399609375 0.5650777361111111 0.019775377343749945 0.011718741666666688
