2 0.9036496554920411 0.5263618758009181 0.19071072495341782 0.33739549882405834
2 0.6576593804687499 0.4945847333333333 0.16506280156250003 0.11214632777777772
2 0.2619394796875 0.4842742715277778 0.04290253437500002 0.03966100972222222
2 0.2889680765625 0.48351155972222226 0.030031775000000004 0.03813558611111105
2 0.30226786210937495 0.4758844423611111 0.024025419531250015 0.03203389305555551
2 0.315567647265625 0.4766471534722222 0.01630296171875001 0.03355931527777779
2 0.33315768632812504 0.4766471534722222 0.018877114843750008 0.03355931527777779
2 0.16233796461017355 0.4902631604166667 0.11324996515784713 0.10657894861111106
8 0.394508310546875 0.4278336055555556 0.006006355468749991 0.021355927777777832
8 0.45028160429687497 0.4224946229166667 0.006006353906249995 0.02288135138888892
8 0.46830066953125 0.4324098756944445 0.007722456249999965 0.012203387500000041
9 0.468729694140625 0.4247827590277778 0.018877114843749966 0.012203387499999963
9 0.543809129296875 0.40342682986111117 0.012870760156249971 0.0061016930555555385
2 0.5060782832031251 0.4797456708333333 0.034322027343749985 0.04728812777777781
2 0.53911323515625 0.4690677076388889 0.028315673437499987 0.06864405416666668
2 0.5768674644531251 0.4698304194444445 0.03346397734375008 0.054915244444444435
