8 0.50657863671875 0.3911670097222223 0.009298468749999955 0.04224488888888887
8 0.39448044609375 0.4150445541666667 0.01033162968750001 0.04224489166666664
0 0.9093556792968751 0.5521223368055556 0.042359683593750044 0.16530608749999998
0 0.8675125761718749 0.5644896756944444 0.037193869531250104 0.15428567916666666
0 0.741774169921875 0.5598103881944444 0.025755282031249927 0.10836732638888888
0 0.68078065234375 0.5390815333333333 0.02169642500000002 0.0459183611111111
0 0.613661951953125 0.5537753930555556 0.009224674218749928 0.0202040777777778
0 0.6058763308593751 0.5565305083333333 0.00826530546875004 0.025714280555555608
0 0.6554681578125001 0.54642846875 0.012397956249999975 0.03122448472222222
0 0.385886398046875 0.5831631423611111 0.010331630468750009 0.03857142083333329
9 0.8005291617187499 0.2758162638888889 0.023762750000000034 0.04224488888888891
9 0.728724329296875 0.41448970208333336 0.02066326015625002 0.025714279166666642
2 0.36763384609375 0.5960202812500001 0.01963009843750001 0.04959182916666668
2 0.4032779710937501 0.58591824375 0.014464282812499984 0.04040815694444449
3 0.18189408007812502 0.4893174854166667 0.36264022890625003 0.9753059180555557
2 0.49953433320312507 0.6348771822532179 0.24176015234374998 0.43840853827134196
3 0.53490725625 0.5051019333333334 0.030994892187499977 0.018367341666666686
