6 0.9480197296874999 0.61282895 0.0959210531250001 0.1314473666666667
0 0.85409703203125 0.5790789506944445 0.0359703953124999 0.2202631597222222
0 0.6767430015625 0.5773026340277778 0.028976151562500087 0.13144736805555557
0 0.609298511328125 0.5604276340277778 0.02198190859375 0.09769736805555557
0 0.584818659765625 0.5675328979166666 0.022981085156250015 0.08703947361111114
0 0.525367589453125 0.5728618451388889 0.013988486718749993 0.07638157916666664
9 0.599306734765625 0.32861842291666665 0.04196546171874997 0.017763154166666656
9 0.51537581171875 0.4867105298611111 0.009991775000000036 0.031973684722222215
8 0.4953922609375 0.5044736861111111 0.01398848749999999 0.021315788888888913
9 0.32453288437500005 0.5257894770833333 0.01598684218749997 0.02131579027777772
2 0.412460516015625 0.5648684243055555 0.015986841406250018 0.04263157916666671
2 0.426449003515625 0.5675328972222222 0.019983552343749978 0.05151315833333333
2 0.449430089453125 0.5719736875 0.055953949218750056 0.08526315833333327
2 0.4758147695379046 0.5888486868055556 0.0727529140758092 0.09414473749999996
2 0.32353370585937496 0.5693092131944444 0.009991774218749994 0.030197368055555528
2 0.316039874609375 0.5719736875 0.01099095390625 0.028421052777777806
2 0.305548509375 0.5666447402777778 0.013988487500000035 0.03907894722222222
2 0.29205961132812497 0.571085529861111 0.026977796093750016 0.04796052638888884
2 0.270577291796875 0.571085529861111 0.023980263281250025 0.05506579027777781
2 0.26108510390625 0.5844078993055556 0.030974506249999978 0.06750000416666668
2 0.212624989453125 0.5796874178059342 0.08792763203125001 0.11490114394520161
2 0.15217474140624998 0.6101644770833333 0.10291529531249999 0.10125000138888886
2 0.36499957890625 0.5737500034722222 0.06294819062500001 0.11013157916666666
0 0.033630870703125 0.6299424923611111 0.03606788984375 0.12304241249999998
9 0.600969037109375 0.3578627916666666 0.00877327109374999 0.02599487499999999
9 0.597069805859375 0.39685510486111103 0.01852134921875006 0.038125818055555524
