2 0.303750246875 0.4151981736111111 0.029500920312499977 0.043705072222222204
2 0.255401509375 0.4147732666666667 0.08877592656250002 0.0894739944444445
2 0.18301498632812502 0.43249810208333334 0.058728689843750015 0.05888044305555553
2 0.376956239453125 0.4024508618055555 0.03277880390624999 0.06070148750000005
2 0.602993404296875 0.4121631020833334 0.050533989843749974 0.041277012499999995
2 0.5289679445312501 0.4079139972222222 0.025949887500000025 0.043705072222222204
2 0.8849470527343749 0.45594380624999997 0.22323925859374993 0.14773598194444446
0 0.6081150917968751 0.4546541444444445 0.03141302109374999 0.11654685833333336
0 0.58851610078125 0.43947877152777776 0.025949887500000025 0.13111521250000002
2 0.12633497265625 0.4139841472222222 0.055997121874999986 0.07041372777777775
2 0.05517765117187501 0.39941578819444445 0.10926267890625001 0.1189749152777778
9 0.4662784789062499 0.35328265833333333 0.013657835937500007 0.02185253611111114
9 0.444425942578125 0.3739211645833333 0.010926267968750025 0.019424476388888855
2 0.66513655078125 0.40245086388888895 0.024584103125000034 0.0461331333333333
0 0.189707325 0.49872342222222227 0.025949885937500028 0.14568356944444447
0 0.272473802734375 0.45647518888888894 0.03414458671875002 0.15053968888888888
0 0.244475242578125 0.46133130624999996 0.035510369531249975 0.15053969027777778
0 0.165446048828125 0.4849669479166667 0.026943172656250014 0.17125407083333333
0 0.6694046039062499 0.4491910090277778 0.01502361875 0.13111521250000002
0 0.6823795484375 0.45023159375 0.024584103125000034 0.13597133194444444
8 0.54187459296875 0.28468997916666666 0.03687615468749996 0.020638505555555554
9 0.330861046875 0.31807579652777773 0.010926268750000023 0.019424476388888893
8 0.36500563320312496 0.1881746125 0.02458410234374999 0.04370506944444445
8 0.547337726953125 0.18210446319444443 0.020486750781249972 0.03642089305555554
8 0.573287614453125 0.3180757979166666 0.020486753906249967 0.031564776388888896
8 0.554166643359375 0.3144337076388889 0.017755185156250075 0.0388489513888889
8 0.34451888203125003 0.17724834444444446 0.013657835937500007 0.07526984444444443
6 0.849981383984375 0.5234438659722221 0.10745882265624998 0.14009446527777772
