8 0.46576299609375005 0.09436402916666668 0.01338949062500001 0.05610834166666666
8 0.631218844921875 0.12666883194444445 0.01338949140625001 0.05610834166666666
8 0.45141711328125 0.09351390416666666 0.015302274999999987 0.05100758333333333
8 0.6450865312499999 0.12496857847222222 0.012433098437500067 0.04930732916666667
8 0.799065673046875 0.2864925930555555 0.018171450781249997 0.03230480277777777
8 0.3548215015625 0.26268905416666666 0.009563921875000015 0.022103286111111113
9 0.4179433875 0.2694900666666667 0.0210406296875 0.032304805555555545
2 0.5248764159989886 0.3672545993055556 0.045541035122977025 0.06801011249999998
2 0.660388805859375 0.3800064972222223 0.05451435390624999 0.06290935277777779
2 0.6226113140624999 0.3783062423611111 0.024866196875000045 0.05270783472222224
2 0.60061429453125 0.3740556125 0.021040628125000006 0.040806066666666675
2 0.5790954703125 0.37065510416666664 0.01625866718750002 0.030604550000000015
2 0.56379319453125 0.3647042201388889 0.012433098437499979 0.018702781944444444
2 0.49254197812499995 0.34940194583333334 0.01338949062500001 0.025503791666666664
2 0.478674290625 0.3468515652777778 0.012433098437499979 0.017002527777777804
9 0.8014566546875 0.23888551666666666 0.01912784375000003 0.022103286111111113
