9 0.562845351953125 0.0981042 0.05398396796875007 0.08530800000000001
9 0.567643926953125 0.2239335 0.10196971796874994 0.1663506
9 0.523856930078125 0.37642155138888883 0.043187175781249997 0.07464449999999997
9 0.676811508203125 0.3103078527777778 0.01319608203125 0.04052129999999998
9 0.66961364609375 0.34869645 0.010796793749999978 0.023459700000000003
9 0.593436267578125 0.3668244027777777 0.031190736718749966 0.051184800000000016
2 0.18315810390625 0.4723930520833333 0.026392162500000003 0.036255901388888866
2 0.20895044453125 0.4649286020833333 0.032390381250000023 0.04265400138888893
2 0.15916522734375 0.4723930513888889 0.0215935875 0.040521300000000024
2 0.125575203125 0.47559210138888885 0.04798574999999998 0.04691940000000001
2 0.331913929296875 0.4585305020833333 0.011996436718750036 0.029857801388888876
2 0.34750929804687497 0.4681276513888889 0.03359002578125003 0.04905210000000003
2 0.303122478515625 0.4821983078033314 0.05998218671875 0.0917061
2 0.40689166289062506 0.47132670138888894 0.02039394453125003 0.02132699999999998
2 0.041000318359375 0.48625560069444446 0.06358111953125001 0.05545019861111113
