8 0.304062897265625 0.3426560083333334 0.006591791406250014 0.023437483333333335
8 0.418760084375 0.3215622722222222 0.009228509375000016 0.028124980555555564
8 0.298789463671875 0.34382788194444447 0.006591791406250014 0.021093736111111108
8 0.30999551015625004 0.34499975555555557 0.007910149999999972 0.023437483333333297
8 0.42864777187499997 0.3203903979166667 0.007910149999999927 0.03046872916666668
8 0.522910402734375 0.3953903465277777 0.014501942968749936 0.03046872916666664
8 0.5505959308593751 0.42820282361111106 0.011865225781250021 0.025781233333333296
9 0.040391203515625 0.25476544375 0.03295896171875 0.049218718055555555
9 0.25528363320312497 0.3426560083333334 0.011865225781249978 0.018749988888888878
9 0.46885770546875005 0.3285935166666667 0.009228507812500019 0.028124980555555564
9 0.491269800390625 0.33093726458333333 0.014501942968750025 0.02343748194444445
9 0.49104065312500006 0.3541586305555556 0.022870385937499994 0.023005247222222202
9 0.553232648046875 0.3824997305555556 0.01713866015625003 0.018749988888888916
0 0.6942970035156251 0.5090621430555555 0.019775377343750032 0.08437494166666666
0 0.669907372265625 0.5055465208333333 0.015820302343750026 0.07265619999999996
0 0.2671488609375 0.44812468333333333 0.01186522656250002 0.0515624638888889
0 0.65804214609375 0.5055465201388889 0.013183584375000024 0.06328120694444439
0 0.7582373902343751 0.5500777402777778 0.04218746953125008 0.2226560972222222
0 0.516977790625 0.5067183944444444 0.026367170312500042 0.12187491666666672
0 0.9375341421875 0.6297651847222222 0.12392569687500003 0.4242184583333334
0 0.9882909429687501 0.6414839270833332 0.022412095312500036 0.4804684180555555
7 0.602011912109375 0.546562117361111 0.02768552734375005 0.10312492916666668
7 0.582895713671875 0.5395308729166667 0.03164060390624997 0.10781242638888884
2 0.610581241015625 0.4961715270833333 0.07119135703124994 0.06328120694444447
2 0.4088723953125 0.4774215381944444 0.010546868750000016 0.03046872916666664
2 0.41612336796875005 0.48328091111111116 0.01186522656250002 0.01874998888888884
2 0.426670234765625 0.4821090368055556 0.025048810156249955 0.09609368472222223
2 0.47808621562500003 0.4914840305555556 0.12260733906249995 0.16171863888888893
2 0.394370452734375 0.46921841875000003 0.010546867968750017 0.014062490277777803
2 0.36009313164062495 0.4645309236111111 0.01582030234374998 0.018749986111111148
3 0.341636112890625 0.4574996770833334 0.023730452343749996 0.05156246527777779
2 0.383823584765625 0.46921842152777776 0.01582030234374998 0.02812498194444449
2 0.328452529296875 0.46570279722222224 0.023730452343749996 0.03515622500000006
0 0.30010782265625 0.46101530069444446 0.009228509375000016 0.03515622638888895
0 0.29153849140625 0.45632780416666663 0.007910150000000015 0.035156224999999985
0 0.284287520703125 0.4551559298611112 0.00922851015624997 0.0374999736111111
