8 0.36847736640625 0.34919783263888887 0.007798462500000003 0.02946085972222221
8 0.48301728750000006 0.3595957826388889 0.010722885937499971 0.032926843055555585
8 0.360191499609375 0.34659834513888893 0.0068236554687500115 0.03465983472222219
8 0.477168440234375 0.3569962958333333 0.008773269531249994 0.020795900000000048
8 0.32071178125 0.43411442916666665 0.009748078124999981 0.015596924999999985
8 0.5395561429687501 0.4349809243055555 0.010722887499999967 0.01732991527777775
8 0.4230666046874999 0.43411442916666665 0.007798464062499999 0.015596924999999985
8 0.46449593945312506 0.43671391527777775 0.004874039843749944 0.013863933333333339
8 0.43768872265625003 0.4505778506944444 0.005848846875000024 0.013863937499999994
9 0.2719713890625 0.3691272375 0.015596925000000006 0.013863933333333339
9 0.575136628125 0.4167845097222222 0.015596925000000006 0.015596925000000065
9 0.27343360039062503 0.4124520298611111 0.014622116406249974 0.013863931944444453
9 0.27392100351562504 0.42978194791666674 0.013647308593749985 0.017329918055555598
9 0.291954949609375 0.40898604722222226 0.018521349218749972 0.024261883333333303
9 0.09358155312500001 0.40811955069444444 0.005848846874999991 0.032926840277777814
2 0.473269209375 0.476572723611111 0.01072288593750006 0.02079590000000001
2 0.45572266679687506 0.48263819444444445 0.012672499218750044 0.015596924999999985
2 0.437201318359375 0.4791722118055555 0.01462211640624993 0.015596923611111101
2 0.44646199375 0.48090520486111116 0.007798464062499999 0.015596926388888871
2 0.421604393359375 0.47657272361111114 0.010722886718749968 0.024261883333333383
4 0.406982275390625 0.4696407590277778 0.018521349218750018 0.03812582083333338
4 0.481067671875 0.4679077659722222 0.01072288593750006 0.05545573472222224
4 0.5020260406249999 0.4601093027777778 0.037042698437500035 0.07105266111111111
2 0.393334965234375 0.4774392201388889 0.018521349218749972 0.0329268430555555
2 0.38114986718750005 0.4739732375 0.011697693750000005 0.036392825
2 0.3616537109375 0.46877426111111115 0.03314346718750003 0.053722741666666705
2 0.8271244578125 0.5449732122409142 0.3402079406249999 0.3274300661484951
2 0.5278584484375 0.48350469375 0.039967121875 0.06585369027777782
2 0.533707295703125 0.49043665833333333 0.028269427343749952 0.05892171944444442
2 0.572212205859375 0.49216965 0.07213578046875 0.0866495861111111
2 0.63313769609375 0.5259629916666667 0.10235482343749994 0.15077028611111115
2 0.27782023632812497 0.48523768263888895 0.04874039296875003 0.07971761805555554
2 0.21348291796875 0.4913031534722222 0.09748078437499999 0.10917847638888895
0 0.08237126289062499 0.4731067409722223 0.01852134765625 0.1039795041666667
0 0.007741530078124999 0.48870366736111115 0.013761172656249997 0.12130942083333333
0 0.309988895703125 0.4731067409722223 0.007798464843750042 0.038125818055555524
0 0.31876216562500004 0.4722402472222222 0.009748078125000026 0.04332479722222228
0 0.3328968796875 0.4791722118055555 0.006823656250000009 0.032926843055555585
