2 0.077214605078125 0.5425777534722223 0.15442921015625 0.1851561236111111
0 0.139927267578125 0.5238277631944445 0.05273433828125 0.17109363194444452
2 0.19793503984375 0.5273433868055555 0.0843749421875 0.09374993472222223
7 0.28692423710937504 0.5765621034722221 0.03295896171875001 0.07968744583333331
1 0.282309982421875 0.48515591666666663 0.042187471093750026 0.08906243888888889
2 0.251987736328125 0.5109371451388889 0.05009762109375 0.09374993472222223
2 0.30208536015625 0.5039059034722222 0.029003887500000002 0.07031245138888885
2 0.32515663281249996 0.4945309097222222 0.0250488109375 0.07031245277777774
0 0.34756872734375 0.4968746597222223 0.01186522656250002 0.0515624638888889
4 0.38843783906249996 0.4792965430555556 0.04086911250000003 0.04921871944444444
8 0.40293978359375 0.4031247229166667 0.006591792187500012 0.02343748194444449
0 0.656064608203125 0.5367183805555555 0.05405269765624991 0.24374983333333336
2 0.7094581265625 0.5191402666666666 0.2030272046875 0.22734359166666668
2 0.6026710902343749 0.5144527715277778 0.07646479140624995 0.14765614861111112
2 0.5624611578125001 0.5085933993055556 0.03032224531250005 0.08906244305555554
2 0.542685781640625 0.5015621527777778 0.03559567890624997 0.07499994999999997
0 0.5202736867187501 0.4886715361111111 0.009228510937500012 0.06328120555555551
2 0.501816665625 0.49218715833333343 0.025048809375000047 0.051562466666666674
2 0.48138211132812503 0.4816402916666667 0.013183583593749937 0.03515622777777776
2 0.46556181132812496 0.4710934222222223 0.015820302343750026 0.03281247777777775
2 0.41678254648437496 0.4687496763888889 0.015820302343750026 0.02343748611111107
8 0.46688016796875004 0.40781221805555556 0.010546868750000016 0.018749983333333376
