2 0.080545920703125 0.47738862777777774 0.16109184140625 0.1851311027777778
4 0.339527541796875 0.43890632013888886 0.04563273671874999 0.09984598750000002
2 0.2985750859375 0.46282775486111105 0.022231332812499983 0.039522370833333376
2 0.28219410390625 0.45970756736111107 0.012870771874999987 0.020801248611111114
2 0.311445858984375 0.4555473180555555 0.010530630468750024 0.02912174722222218
2 0.37287454296875 0.46490787986111115 0.0210612625 0.02288137361111116
9 0.17513268359374998 0.2735364027777778 0.1544492625 0.15600935555555556
9 0.067486227734375 0.2620957173611111 0.03978238515625 0.049922993055555566
2 0.238109279296875 0.4357861326388889 0.012870772656250029 0.010400623611111114
2 0.20066703359375002 0.4368261951388889 0.026911614062500023 0.01664099861111118
