2 0.33484649453125004 0.40205408125000003 0.032168659375 0.058921720833333385
2 0.37188919296875 0.4124520298611111 0.03411827343749998 0.05545573472222224
2 0.41185631367187503 0.42025049166666667 0.07311058828124999 0.1091784805555556
2 0.44100307812500006 0.4386202173611111 0.06823654843750004 0.13344036249999994
2 0.56441374375 0.5141208868055556 0.2651477328125 0.3881901458333333
2 0.7527063097656249 0.4698799256944445 0.16817013046874996 0.19130612083333326
2 0.28951792929687503 0.42573830972222226 0.07603501171875 0.1247754055555556
2 0.8342134187500001 0.5744342791666667 0.32757864687500005 0.5200024750000001
9 0.226642823828125 0.10051352013888888 0.04581596953124998 0.06585368472222222
9 0.187650510546875 0.2703467076388889 0.016571733593749992 0.0311938513888889
9 0.18862531875 0.3032735506944445 0.016571734375000015 0.024261884722222227
9 0.18277647109375 0.3465983458333333 0.006823654687499991 0.01386393611111111
8 0.189015240625 0.2221695409722222 0.01072288749999999 0.038125818055555566
8 0.352880439453125 0.33100141944444444 0.011697694531250002 0.02079590000000001
8 0.44158795429687503 0.27901166944444444 0.00974807890624998 0.02772786666666664
8 0.058001066796875 0.29027611319444446 0.012672502343749992 0.025994876388888876
8 0.42940285624999996 0.27502579444444447 0.006823654687500014 0.01906290833333332
8 0.492277962109375 0.29720807986111114 0.00974807890624998 0.039858809722222215
