2 0.30849588203125 0.39679660347222223 0.007910150000000015 0.02109373472222226
2 0.299926551953125 0.39679660347222223 0.011865227343750017 0.02109373472222226
2 0.29003886367187504 0.4003122243055556 0.010546867968749974 0.02343748194444441
2 0.32431618359375003 0.39562472986111114 0.010546868749999971 0.01874998750000003
2 0.33749976796875 0.4061715958333333 0.029003885937500008 0.04453121944444444
0 0.506908830859375 0.4054684708333333 0.02768552734375005 0.11718741944444445
0 0.473290690234375 0.41132784236111114 0.021093735156250036 0.12421866527777779
0 0.9353753335937499 0.49335903402777775 0.1081053953125 0.4382809486111111
9 0.5458004058593751 0.16562486319444444 0.029003886718749962 0.023437481944444432
9 0.5662349625 0.24843732986111114 0.030322243750000054 0.02343748194444445
9 0.892528683984375 0.29765604444444443 0.01845701796875012 0.06562495555555554
8 0.16215809179687501 0.1062499138888889 0.01318358515625 0.06093745833333333
8 0.4469235203125 0.06640619236111112 0.013183584375000024 0.06562495694444445
8 0.541845330078125 0.30078103125 0.018457017968749944 0.03749997638888887
8 0.43485230078125003 0.07382807430555556 0.013183584375000024 0.06328120694444446
8 0.3058591640625 0.3554684833333333 0.010546868750000016 0.018749988888888878
8 0.329589616015625 0.3601559784722222 0.007910150781250014 0.018749987499999992
9 0.37269993828125003 0.3489841208333333 0.01186522656250002 0.025781230555555527
