8 0.096720419140625 0.1492105638888889 0.020782899218750005 0.07957896944444447
8 0.12030101874999999 0.153473725 0.018384874999999988 0.07105265277777778
2 0.397672801171875 0.47747380902777775 0.018384872656250016 0.04263159027777779
2 0.38528299609375 0.4831580194444445 0.035171064062499945 0.0653684361111111
2 0.3589046984375 0.4952369715277778 0.02717763906249999 0.06394738472222225
3 0.35890469921875 0.44052643055555557 0.051157909375 0.048315802777777764
2 0.061149687109374996 0.5407106666666667 0.12229937421874999 0.20605268333333335
2 0.028776322656250002 0.7048422881944445 0.055953960937500005 0.36947377916666674
2 0.9008587882812499 0.5230656363974068 0.19503952500000016 0.3749217327607421
3 0.63547713984375 0.3781942078364565 0.4588224890624999 0.756388415672913
2 0.23100992734375003 0.5257896104166666 0.2573882234375 0.3154737652777777
