0 0.21264805507812498 0.5599487597222221 0.02103532890625002 0.10844880277777781
0 0.26313284375 0.56555818125 0.01682826249999998 0.07479227916666666
0 0.28153875624999997 0.5618185673611111 0.01788002968750004 0.0860111208333333
0 0.29310818671875 0.5580789534722223 0.0178800296875 0.07105266527777777
8 0.3546365234375 0.4739376381944445 0.010517665625000028 0.018698068055555538
8 0.365680070703125 0.4739376381944445 0.00946589765625001 0.018698068055555538
9 0.3714647859375 0.4271924645833333 0.023138860937500016 0.03365652638888893
8 0.41984604140625004 0.33837663263888884 0.014724729687500026 0.04674517361111109
8 0.43088958945312505 0.3449209576388889 0.011569432031250049 0.03739614027777777
8 0.40880249375 0.3449209576388889 0.005258832812500014 0.03739614027777777
8 0.692253547265625 0.23273253819444445 0.021035328906249973 0.06731305138888888
8 0.671744101171875 0.23834195833333333 0.01788002890625 0.05983382222222223
9 0.7832313429687501 0.21309956458333335 0.0936072125 0.039265945833333364
9 0.9814893140625 0.23647215208333333 0.03155299218749992 0.04487536805555558
9 0.9856963796875 0.2850871340277778 0.027345925000000014 0.026177298611111115
8 0.989903444921875 0.36174922013888894 0.018931796093749932 0.052354595833333344
8 0.7295912550781251 0.36455393055555557 0.013672963281250006 0.03178671944444448
9 0.7380053847656249 0.4206481409722222 0.01788002890625 0.013088651388888905
9 0.7374795023437499 0.4776772534722222 0.014724729687500026 0.033656526388888844
2 0.612319298046875 0.6450249791666667 0.23769921328125002 0.33469545277777785
2 0.498202640234375 0.5449903041666666 0.06626128515624999 0.07479227777777776
2 0.73222067109375 0.6347410395833334 0.09886604374999992 0.1907203125
0 0.375145968359375 0.550599725 0.024190627343749993 0.08601111944444442
2 0.44556769765625004 0.5628119020833334 0.047329489062499966 0.05609420972222215
8 0.042215271484375 0.12153745347222222 0.02944945859375 0.10096957638888888
0 0.7553129109375 0.5366346048611111 0.01682826249999998 0.052354595833333344
0 0.76951175703125 0.5403742180555555 0.011569429687500054 0.05983382222222223
0 0.7779258894531249 0.5450487368055555 0.01998356328125004 0.06544324583333337
0 0.78478568203125 0.5408124548611112 0.012667820312499956 0.07192913749999998
2 0.96623870078125 0.6300665229166666 0.0662612828124999 0.26364278472222225
8 0.40827660976562496 0.49901005972222223 0.012621197656249982 0.016828261111111135
