8 0.38265923281249997 0.26708758125000004 0.008390882812500023 0.044751379166666654
8 0.305043559375 0.32302680763888886 0.009789365625000013 0.03232044027777781
8 0.392448596484375 0.27365823055555555 0.011187844531249968 0.052209941666666676
8 0.7623467164062501 0.35570242569444444 0.020977209374999983 0.027348062500000006
0 0.405209753125 0.4015193194444445 0.01258632656250005 0.052209941666666676
0 0.38842798671875 0.40524860069444446 0.015383285937500001 0.06464088194444441
0 0.14229540117187497 0.43383976249999995 0.02377416953125 0.13176795000000002
9 0.08146149414062501 0.29337015208333334 0.02796961171875 0.05966850694444447
0 0.0730706109375 0.41643644513888883 0.019578729687499997 0.11685082361111108
2 0.4359763273437499 0.3953038527777778 0.009789364062500017 0.02983425277777777
2 0.42828468476562503 0.39903313125 0.013984807031250046 0.027348065277777778
2 0.41779607968750004 0.3990331298611111 0.006992403124999935 0.03232043749999999
2 0.3569621734375 0.4040055069444444 0.050345301562499986 0.06215469444444442
2 0.30172219062499994 0.40151932013888886 0.05733770468750001 0.09696132361111107
3 0.4800284671875 0.36919888055555555 0.05314226250000002 0.054696130555555555
2 0.472336823828125 0.4375690423611111 0.06852554921875002 0.09198894583333331
3 0.614981844140625 0.36795578194444445 0.17760703515625006 0.31077346666666666
2 0.74224357890625 0.43756904166666666 0.09649515937499994 0.11187844999999999
2 0.8910608374999999 0.5581599185181242 0.2168723046875 0.38964268425847065
3 0.909848613671875 0.40258481458333334 0.17929675234375003 0.09198894583333331
2 0.25609673789062504 0.40258481388888895 0.03775897578124998 0.05718231666666666
0 0.20057175742187497 0.39187472361111114 0.021093735156249994 0.05624996111111113
