9 0.18667570351562499 0.49216965 0.030219042968749978 0.017329916666666632
9 0.44987382070312504 0.4852376826388889 0.026319811718749975 0.017329918055555518
3 0.5073874835937501 0.5242299972222223 0.04386635312499996 0.0502567611111111
3 0.139884925 0.5190310215277778 0.06141289375000001 0.03639282638888888
2 0.135498291015625 0.5103660638888889 0.011697692968750006 0.019062911111111133
2 0.15158261953125002 0.5181645256944445 0.016571732812499997 0.020795898611111124
3 0.06628693359375 0.5380939305555555 0.023395389062500004 0.015596924999999985
2 0.20519705234375002 0.5320284583333332 0.04971520000000003 0.024261883333333303
3 0.21104589882812502 0.5129655513888889 0.02437019609375002 0.010397950000000043
3 0.232004267578125 0.5259629888888889 0.00974807890624998 0.015596924999999985
3 0.263685523046875 0.5216305097222222 0.012672502343750036 0.013863933333333339
3 0.35141822890625 0.5077665756944444 0.032168659375 0.0415918013888889
3 0.2831816796875 0.5190310222222222 0.016571732812499997 0.015596924999999985
3 0.296341584765625 0.5224970041666667 0.007798463281250001 0.012130941666666612
2 0.32461101171875006 0.5198975194444444 0.011697693750000005 0.013863933333333339
2 0.307064472265625 0.5224970041666667 0.011697694531250002 0.012130941666666612
2 0.46936997812500003 0.5207640138888888 0.018521348437500064 0.03292684166666662
2 0.443537569921875 0.5216305104166666 0.01754654140625007 0.024261881944444418
2 0.4160790544299669 0.52310355 0.030092521125691985 0.04973685833333334
9 0.682121790234375 0.46912085625 0.022420580468750017 0.015596926388888871
3 0.5053403875 0.4748397326388889 0.033143467187499984 0.04852376805555557
