2 0.373200334375 0.4504050409722222 0.013657834374999966 0.026708654166666672
2 0.36500563320312496 0.45526115763888886 0.021852536718750003 0.03399283194444449
2 0.41690540429687506 0.45526115763888886 0.016389400781249997 0.03399283194444449
2 0.429197456640625 0.45890324722222225 0.01912096796875007 0.04127701111111111
2 0.454464451171875 0.4504050409722222 0.04780242109374999 0.08255402361111111
2 0.67094113125 0.5293169729166667 0.13384677968750003 0.14811163472222222
2 0.3090085109375 0.44919101111111104 0.03277880312499999 0.04127701111111111
2 0.17789329843749999 0.4467629493055556 0.03551037187499999 0.03156477361111109
2 0.0727279703125 0.4406928041666666 0.0464366390625 0.06312955000000002
2 0.12804220117187498 0.4467629493055556 0.06692339140625 0.06070149027777782
2 0.39436997734375 0.45040503958333333 0.03141301875000004 0.04370506805555563
2 0.33632418007812503 0.44919100625 0.049168203906249985 0.06555760416666669
2 0.5323141085937501 0.5329590638888889 0.15979666718750005 0.25494624999999993
2 0.8347922106067663 0.5520839875745315 0.3251423428489672 0.26891550014906296
8 0.359542500390625 0.3945596736111111 0.008194700781249998 0.02185253333333337
8 0.415539622265625 0.3872754895833333 0.008194700781249953 0.02428059583333335
8 0.47836566367187494 0.32050385625 0.01092626640624994 0.026708656944444444
8 0.269400790234375 0.26708654444444446 0.010926269531250022 0.04127701388888888
8 0.258474521484375 0.26465848541666664 0.008194700781249998 0.036420895833333314
8 0.67503848359375 0.36663698680555556 0.010926268749999935 0.03642089027777777
9 0.670258241796875 0.32171788611111113 0.02048675234374997 0.06312955000000002
9 0.592408581640625 0.36663698541666667 0.017755185156249985 0.012140295833333346
9 0.21476945117187501 0.33264415277777776 0.024584102343750035 0.016996416666666687
9 0.330861046875 0.4066999701388889 0.01365783437500001 0.019424479166666706
9 0.21135499218750003 0.3739211645833333 0.01502361718749996 0.026708654166666672
8 0.128725092578125 0.370279075 0.008194700781250019 0.024280594444444463
8 0.137602684765625 0.3702790729166667 0.009560483593749992 0.029136712499999995
9 0.021511089453125 0.2634444555555555 0.03687615390625 0.058273427777777796
2 0.033803141015624996 0.47954175208333333 0.06692338984375 0.19910087638888885
9 0.661427693359375 0.14914993819444444 0.032788213281249944 0.020984456944444434
