3 0.08288606132812501 0.34946095625 0.16577212265625002 0.6989219125
2 0.575296680078125 0.4025041368055555 0.13572813828125002 0.26417584027777774
3 0.5080176468750001 0.3140988361111111 0.05499330000000002 0.13728823333333334
2 0.43079301523437497 0.3785827034722222 0.08307498046874998 0.12064723750000002
2 0.46121483984375 0.34842089444444446 0.01755105312499996 0.04784286944444444
2 0.471160435546875 0.34218051944444444 0.01404084140625006 0.039522369444444455
0 0.217840246484375 0.4378662576388889 0.050313017968749985 0.2641758402777778
0 0.805800504296875 0.3702622027777777 0.032761966406249954 0.15808948055555555
0 0.77537867890625 0.3785827027777778 0.025741543749999974 0.14976898055555554
0 0.7402765742187499 0.3369802083333333 0.025741543749999974 0.12480748611111112
0 0.6811880304687501 0.3494609548611111 0.015210910937499999 0.09984598472222221
0 0.94562388828125 0.38794326388888883 0.03393203437499999 0.24753484444444446
0 0.7870793804687499 0.3463407694444445 0.016380981249999937 0.1144068611111111
0 0.7671881890625001 0.3442606458333333 0.01872112187499999 0.12272735833333333
0 0.733256152734375 0.3401003944444444 0.011700700781250007 0.06864411388888886
0 0.6753376796874999 0.34842089444444446 0.015210912499999996 0.09360561388888888
0 0.650181171484375 0.3369802076388889 0.009360561718750039 0.05824349305555556
0 0.63848046953125 0.33594014583333337 0.00936056093750004 0.060323616666666684
3 0.922807519921875 0.28185690208333336 0.15210912265625004 0.14352860694444444
2 0.9602497656250002 0.33073983472222224 0.07722463125000001 0.05408324444444443
2 0.9824810992187499 0.3328199590277778 0.03276196562500004 0.04576274583333336
0 0.30969075273437496 0.3598615805555555 0.01638098203124998 0.08320499166666662
1 0.28453424374999997 0.35778145624999996 0.015210910937499999 0.08320499027777777
7 0.28336417421875 0.38482307777777786 0.01287077187500003 0.06656399444444448
0 0.24182668359374998 0.34842089583333336 0.014040842187500013 0.07280436944444442
0 0.34537789296875 0.3463407694444444 0.012870771874999987 0.056163369444444396
8 0.369949366015625 0.10296617430555557 0.010530630468749979 0.052003118055555554
8 0.685283276171875 0.02080124722222222 0.014040841406249971 0.04160249444444444
8 0.6642220136718751 0.022881372222222224 0.018721122656249988 0.04576274444444445
8 0.297990051953125 0.24025440763888892 0.011700703906249998 0.03536212083333332
8 0.386330348828125 0.10192611180555557 0.012870772656249984 0.04576274305555556
8 0.28394920898437503 0.28497708958333334 0.011700700781250007 0.020801248611111114
8 0.71687517109375 0.25793546805555556 0.011700701562500004 0.024961497222222247
8 0.3009152265625 0.28497708958333334 0.010530631249999978 0.020801248611111114
