2 0.12579108828125002 0.5426158131944444 0.25158217656250004 0.4455694375
2 0.9042717855468749 0.41097029583333333 0.18797460703124996 0.2025315638888889
2 0.29762646210937505 0.45738378124999995 0.23449357734375004 0.2582277430555555
2 0.42341754960937494 0.39409266527777775 0.11582273671874996 0.15864971944444442
2 0.46471500195312493 0.3687762208333333 0.04272150234375003 0.10126578055555555
2 0.49462005273437504 0.35780576180555557 0.06265820234375 0.0860759125
2 0.514082070703125 0.3400842520833333 0.04082276953125001 0.06919828472222223
2 0.52167700390625 0.3316454354166667 0.03702530156249999 0.06582275972222223
2 0.5401896539062501 0.3282699097222222 0.01708860000000003 0.04219407500000002
2 0.81012629296875 0.3617438798611111 0.13670880624999998 0.15527419861111114
6 0.724208605859375 0.35246118402777776 0.04462023515624995 0.0793248625
2 0.7080693722656249 0.34992953819444444 0.06550630234375002 0.0877636763888889
2 0.6848098871093751 0.3364274340277778 0.04936706796874999 0.07426157083333339
2 0.6648731867187501 0.33727131666666665 0.01708860000000003 0.059071705555555534
2 0.652531419921875 0.3322080270833333 0.01708860078125003 0.052320654166666675
2 0.64636053671875 0.33220802777777775 0.016139234375000023 0.04219407500000002
2 0.6392402859375 0.32714473958333334 0.022784799999999984 0.04894512916666665
3 0.5553795226562499 0.30970451597222226 0.022784803125000065 0.052320654166666675
2 0.6099681078125 0.31708847916666666 0.018037968750000032 0.025738386111111133
2 0.602847857421875 0.3101264569444444 0.01329113515625 0.021940919444444477
2 0.5810124234374999 0.3025315229166667 0.011392401562499987 0.020253156944444427
0 0.360759347265625 0.31926849027777776 0.022784800781250024 0.04219407499999998
8 0.531328903125 0.25175796805555556 0.010759498437499992 0.028691972222222223
8 0.6194617746093749 0.24753856041666664 0.010443033593749984 0.02700420972222221
9 0.29477836171875 0.2666665583333333 0.021835434374999973 0.05400841666666665
9 0.29715177812500004 0.31279873888888887 0.024683534375000038 0.03037973333333331
9 0.742721228125 0.20140637777777776 0.022784799999999984 0.04725736111111109
9 0.746993378125 0.23262999722222225 0.012341767187499996 0.015189866666666656
