9 0.540165899609375 0.4052703881944445 0.05325725703124995 0.024486095833333287
8 0.49012244179687503 0.4118000152777777 0.019282800781250043 0.05713422499999999
8 0.32851421054687496 0.3620116201388889 0.01928279921875 0.045707379166666666
8 0.26194263828125 0.43057268680555555 0.016528114062500033 0.055501815277777825
8 0.620970015625 0.48770691111111114 0.014691657812500036 0.026118502777777844
2 0.5633735125 0.5694362104166667 0.10601072031249999 0.13059250972222225
2 0.14255963984375 0.5656536333333334 0.2851192796875 0.3025920555555556
2 0.42889622734375 0.5596417736111111 0.15793531718750004 0.24486095555555557
2 0.76037674609375 0.5857602729166668 0.2846508609374999 0.30689239861111106
2 0.32926842578125 0.5318908625 0.0707036015625 0.11100363055555557
3 0.9526443097656252 0.5137908111111111 0.09243554296875 0.2371342194444445
2 0.8789298890625 0.4898693770833333 0.047972876562500134 0.10192611250000007
2 0.639065505078125 0.5231513722222222 0.03627217578124995 0.05200311944444446
2 0.2851192796875 0.5512330562500001 0.025741543749999974 0.03744224583333333
