8 0.44740130195312505 0.3313302993055556 0.013513863281249972 0.04989734305555551
8 0.49314053398437496 0.4098724173611111 0.011434808593749946 0.04804929305555553
8 0.49521959062499993 0.33548841388888895 0.007276695312499993 0.04158111944444447
8 0.50067711328125 0.3414945729166667 0.007796459374999998 0.03511294583333332
8 0.574223719140625 0.3752214840277778 0.008316224218750001 0.03234087083333337
8 0.568506315234375 0.37937959583333336 0.005197639843750057 0.022176597222222226
8 0.603850267578125 0.4357451138888889 0.00623716796874998 0.02032854722222221
8 0.597093335546875 0.4352831020833334 0.010395280468750023 0.017556473611111064
8 0.6178838953125 0.3793795944444445 0.014553392187499981 0.06837784444444447
8 0.749470819140625 0.40894839374999997 0.009875516406250017 0.03511294861111109
8 0.825616246484375 0.4828703833333333 0.009355752343750013 0.01663244722222225
8 0.17062696914062497 0.4047902805555555 0.005717403906249996 0.02310062222222224
9 0.39230631796875004 0.32578615 0.06029262343749999 0.029568797222222228
9 0.488722540625 0.4569976868055556 0.010915042187500034 0.04250514583333332
9 0.6113868453125 0.4288149277777778 0.01091504375000003 0.02864477222222222
9 0.20779009531249998 0.41310650416666667 0.009355751562500014 0.024948672222222256
9 0.195315758984375 0.4047902805555555 0.008316224218750001 0.05266941944444446
2 0.445842009375 0.4880551923611111 0.011434806249999952 0.015708423611111123
2 0.43258802773437494 0.4862071423611111 0.007796460156249995 0.012012323611111084
2 0.41257711406249997 0.48666915555555557 0.011434807812499947 0.014784397222222228
2 0.40322136210937504 0.48574513055555557 0.007276696093750035 0.014784397222222228
2 0.397503958203125 0.4852831180555555 0.005197639843750057 0.015708422222222237
2 0.3925662 0.48343506875 0.01091504375000003 0.015708423611111043
2 0.380351745703125 0.48204903125000004 0.008316224218750001 0.012936348611111094
2 0.365538470703125 0.4894412305555556 0.030666075781250024 0.049897344444444436
2 0.17400543515625 0.4594104215277778 0.029106784375000007 0.036036970833333334
2 0.1508759375 0.5005295298611111 0.07744483750000002 0.06098564583333336
2 0.10747564296875001 0.4718847576388889 0.030146312499999994 0.03141684583333336
2 0.09162284140625 0.4714227451388889 0.012994100000000008 0.03049282083333335
2 0.061216645703124996 0.47234677013888887 0.031185839843749997 0.03234087083333337
2 0.005342015625 0.44601206041666663 0.009875515625000001 0.018480498611111073
2 0.03138796875 0.47465683194444447 0.0627759375 0.04804929444444442
2 0.027749620703125 0.4959094041666666 0.05549924140625 0.06652979166666668
2 0.46767209804687493 0.49406135486111113 0.030146311718749975 0.03696099583333326
2 0.4520791781250001 0.4935993416666667 0.010395279687500026 0.024948672222222176
2 0.649849382421875 0.5203960638888888 0.13565840546875005 0.10441481388888883
2 0.81054308984375 0.5236301513888888 0.08524129687499996 0.06468174166666667
2 0.95685665859375 0.540262598611111 0.08472153281249994 0.12012323611111107
0 0.75154987578125 0.5554063381944444 0.05353569374999996 0.23562634861111115
9 0.787153710546875 0.4232707777777778 0.030146311718749975 0.0194045222222222
8 0.427910151953125 0.44128926319444445 0.0036383476562500405 0.011088298611111075
8 0.40322136210937504 0.43251102708333333 0.005197639843749968 0.015708423611111123
9 0.43934495976562504 0.45422561180555554 0.005717403906249974 0.014784398611111114
8 0.18673965312500002 0.4265048652777778 0.008835987500000008 0.014784397222222228
8 0.3606007125 0.46115579930555556 0.0041581125 0.012012323611111084
2 0.015599011328125 0.4250875479166667 0.03119802265625 0.05913759583333334
2 0.2544366625 0.5415146868055556 0.25624365468750004 0.1903491291666667
9 0.16698143984375 0.17829501666666667 0.07213406874999999 0.14455958888888887
9 0.1387835765625 0.32285460555555556 0.052461140625 0.12590673888888887
9 0.19255624609375 0.3181913923611111 0.052461140625 0.11191710138888891
