8 0.41168542499999994 0.31776717986111114 0.013778984375000025 0.050352831944444454
8 0.46182561484374995 0.3211693958333333 0.009951489062499963 0.04354839166666665
8 0.46580619609375 0.3286542784722222 0.008420492187500007 0.025856859722222226
8 0.46144286484374997 0.4028226340277778 0.009185989062499988 0.05171371527777772
8 0.5735119289062499 0.4293599361111111 0.015309982812499979 0.02585686111111111
8 0.59188390625 0.3701613354166667 0.01071698750000003 0.06804435972222223
8 0.546068780078125 0.3688004520833333 0.007884630468749964 0.03810484305555559
8 0.54082510703125 0.3718624458333333 0.006123992187499994 0.02585685833333326
8 0.37126705859375 0.42765882777777775 0.005358493750000015 0.012247988888888825
8 0.29854464453125 0.4147303958333333 0.005358493749999971 0.016330647222222203
8 0.303903137890625 0.41541083749999996 0.005358492968750017 0.014969758333333359
8 0.2606524390625 0.40588462847222223 0.012247985937500028 0.025856856944444454
8 0.257973192578125 0.4507939069444444 0.005358492968750017 0.012247980555555591
2 0.258202858984375 0.4749496597222222 0.0068894914062499705 0.013608872222222207
2 0.344168394921875 0.48039320555555554 0.015003761718749998 0.021774194444444422
2 0.29532956328125 0.47290832777777775 0.01071698750000003 0.014969761111111129
2 0.2750438375 0.47222788125 0.006889492187500013 0.010887093055555555
2 0.24825136953125 0.47018655277777777 0.009951489062499963 0.05307460277777775
2 0.358942518359375 0.48243453680555554 0.016075478906250006 0.01769153194444439
2 0.5744305363281249 0.5042087326388889 0.07042591640625 0.04763105138888887
2 0.7681018046875 0.5014869583333333 0.056646932812499974 0.08029234722222224
2 0.701503385546875 0.521219825 0.13319684140624996 0.0898185583333333
3 0.8851465902343749 0.5176693486111111 0.22582223359374992 0.22429856944444448
2 0.28132091484375 0.46950610625 0.013013484375000006 0.019052420833333392
2 0.265628184375 0.4783518770833333 0.01684098125000002 0.025856859722222226
2 0.26945568007812504 0.46338211805555557 0.012247983593749989 0.009526211111111137
2 0.4382482296875 0.4926411916666667 0.10028038124999994 0.0979838805555556
3 0.3777738015625 0.48379542500000006 0.02219947499999999 0.03674395555555563
9 0.25001200859374995 0.3381804854166667 0.010716989062499982 0.014969759722222243
9 0.352002006640625 0.30869459930555554 0.06353642578125003 0.03402218194444444
9 0.763968091796875 0.4146169958333333 0.030619961718750054 0.0190524222222222
9 0.5852240546874999 0.42323594166666667 0.011482487500000004 0.02993951944444441
9 0.669428955859375 0.46542344513888884 0.011482488281250003 0.010887098611111097
8 0.7264586359375 0.4035030756944445 0.009185985937499997 0.03402218194444444
9 0.33643684921875006 0.4184728375 0.00688948906250002 0.014969758333333279
2 0.3054341375 0.4729083256944444 0.013778984375000025 0.01769153472222224
0 0.324380239453125 0.5147556097222222 0.028323466406250032 0.13881050277777776
8 0.33088698203125 0.45759834722222226 0.009185989062500033 0.013608874999999977
9 0.458227759765625 0.4402470326388889 0.009185988281249991 0.01769153472222224
8 0.395456834765625 0.43548392708333333 0.004592992968749998 0.01360887361111117
