1 0.8057809671874999 0.6487497708333333 0.09070309218750001 0.27749990000000013
7 0.8179098707031249 0.7190622472222222 0.11285152421874996 0.2268749222222223
8 0.5283982523437499 0.38624986319444443 0.008437496875000061 0.03749998750000003
8 0.51152325859375 0.3871873659722222 0.008437496874999973 0.0356249875
8 0.52207012890625 0.3871873645833333 0.008437496874999973 0.0431249847222222
8 0.30902332851562503 0.38437486597222215 0.008437497656250015 0.03374999305555559
2 0.83953095625 0.6726441751928356 0.2910936484375 0.23903873649678217
2 0.034277330859374996 0.5734372881944444 0.06855466171874999 0.08812496805555554
2 0.07699215976562498 0.5824997770833333 0.03164061171875 0.06374997638888892
2 0.216738204296875 0.5787497798611112 0.06011716640624998 0.06749997916666667
2 0.417128759375 0.5799997895833333 0.04113279843750002 0.041249987500000015
2 0.49781232578125 0.5884372847222222 0.03374998749999998 0.04312498333333331
2 0.5589841796874999 0.5903122833333334 0.012656246874999954 0.024374991666666703
2 0.632812279296875 0.59874978125 0.037968738281250046 0.05624998194444441
2 0.610136505859375 0.5874997854166667 0.007382810156250042 0.018749995833333345
2 0.6027536941406251 0.5903122868055555 0.007382808593750045 0.020624993055555527
2 0.33011707304687504 0.5865622840277779 0.14554682578125006 0.18187493472222221
2 0.460898276953125 0.588437282638889 0.044296861718750066 0.061874976388888885
2 0.538945123828125 0.6043747791666667 0.05273435703124996 0.06749997777777779
2 0.154511665234375 0.5856247833333333 0.08542966015625 0.07499997222222221
0 0.62279275 0.6015622819444444 0.015820306250000016 0.06937497777777774
0 0.672363045703125 0.5959372833333333 0.011601560156250024 0.05812498055555556
0 0.696620848828125 0.5959372791666666 0.02003905546875 0.08437496944444445
2 0.5916794789062501 0.5856247854166666 0.014765620312499995 0.029999990277777756
2 0.988241842578125 0.6474997645833332 0.021093742968750107 0.1687499402777777
