2 0.211743514453125 0.3858844625 0.12270124765624998 0.13881353333333332
2 0.33487378945312496 0.37749463055555554 0.13557200859375002 0.18305081111111116
2 0.45756528124999996 0.31347451527777775 0.04463814531250003 0.03355931666666668
2 0.52836421796875 0.35156243402777776 0.06950210625000004 0.10372879305555552
3 0.48975193515625 0.3134268472222222 0.026599571875000016 0.05186439722222222
9 0.5326544699218749 0.2554607569444444 0.031747875781250025 0.027457622222222217
9 0.5575379406250001 0.2546980451388889 0.011154659374999997 0.022881351388888877
9 0.6334656714843749 0.26673458958333335 0.02400591015625002 0.016445970833333354
9 0.7171353671875 0.059443843749999996 0.028315671874999993 0.07169490138888888
2 0.441701096484375 0.46596919166666667 0.19134530234375 0.27762706666666664
2 0.6943970257812501 0.2989353236111111 0.027457621875000005 0.03203389166666667
2 0.647633262109375 0.30808786527777776 0.01973516640625004 0.02288134999999999
2 0.619317588671875 0.30732515416666667 0.0077224570312500514 0.021355927777777752
2 0.6300432234375 0.3065624416666667 0.01887711562500005 0.028983044444444418
9 0.585405079296875 0.2734321534722222 0.006864405468749979 0.015254234722222215
9 0.7437154312500001 0.23224571805555555 0.011154656250000006 0.01830508333333335
3 0.5504395136718749 0.3016524847222222 0.023167367968749984 0.028983044444444456
2 0.563739299609375 0.3115677388888889 0.010296608593750011 0.01830507777777777
2 0.5731778578125001 0.3085168916666667 0.008580507812499949 0.015254233333333329
2 0.6062128082031251 0.3031779090277778 0.007722457031249963 0.01067796249999999
2 0.60921598515625 0.3115677354166667 0.012012709374999986 0.012203387500000003
