2 0.47229440117187504 0.4575098166666666 0.010722886718750057 0.024261886111111075
2 0.484966903515625 0.46270879097222223 0.024370196093749998 0.031193851388888857
2 0.5281904053210178 0.4748042016195817 0.05232872939203572 0.06231663935027451
2 0.4313524718749999 0.4575098166666666 0.006823654687500014 0.024261886111111075
2 0.425503624609375 0.4575098166666666 0.014622117968750015 0.041591802777777784
2 0.41088150625 0.46097579930555554 0.022420578125000024 0.051989751388888866
2 0.40503265976562497 0.46617477500000004 0.022420580468750017 0.05198975277777775
2 0.39138535078125003 0.4696407576388889 0.01657173437499999 0.06585368472222228
2 0.375788424609375 0.4731067416666666 0.032168658593749996 0.08664958611111118
2 0.3348464953125 0.4731067409722223 0.08090905156249999 0.12130942083333333
2 0.278307640234375 0.4932199978728943 0.14914560078125 0.17539986796801063
2 0.199348205078125 0.4627087902777778 0.036067891406249976 0.05892171666666665
2 0.05069000781250001 0.6230105256944444 0.10138001562500001 0.2998075680555555
0 0.464008534765625 0.45837631180555555 0.011697694531250047 0.04332479305555555
9 0.6901639550781249 0.29200910625 0.01949615703124996 0.03639282638888888
9 0.164742526171875 0.21662396597222222 0.02924423515625001 0.038125818055555524
