8 0.42188721015624997 0.14999989027777777 0.01439572499999997 0.07251180277777779
8 0.409890772265625 0.14786719027777778 0.009597149218750012 0.07677720277777779
8 0.43628293515624994 0.15426529027777777 0.00959715000000001 0.07677720277777778
9 0.47347189140624996 0.13400464027777778 0.02879145000000003 0.036255902777777765
9 0.56704410390625 0.16172974027777778 0.021593587499999956 0.06611370277777776
9 0.626426469921875 0.19372024166666668 0.06598040703125001 0.0362559
8 0.695784635546875 0.34168203472222225 0.010354449218749995 0.03360148611111108
2 0.270732096875 0.44751154027777773 0.09597150000000002 0.13436010000000004
2 0.193954896484375 0.43364898958333337 0.07197862421875004 0.0981041986111111
2 0.1333728875 0.45604233958333334 0.05158468281249999 0.061848298611111116
2 0.06139426210937501 0.46563949027777785 0.11396615703125001 0.09383879999999994
2 0.4470797289062499 0.43898074027777784 0.021593587500000046 0.03199050000000001
2 0.46507438476562496 0.4379143902777778 0.02399287421875007 0.0383886
2 0.48366886328124997 0.44431249027777775 0.027591806249999972 0.04265399999999996
2 0.38589789765625004 0.5050944402777778 0.14155796406250004 0.2154027
0 0.6054327046875001 0.4400470909722222 0.016795014062499992 0.06824640138888888
