0 0.022114312499999997 0.5468166347222223 0.035180076562499996 0.17084742500000002
0 0.65535571796875 0.5285115520833332 0.012870760937500059 0.06406778472222222
0 0.9586766363281249 0.5605454444444444 0.053199142968749946 0.31728807499999995
0 0.9899954855468749 0.4880878305555555 0.018019064843750064 0.11745760277777771
7 0.9749795988281249 0.6444437333333334 0.04805083828125003 0.19830504722222228
2 0.566118448046875 0.5666471368055556 0.13128175390624994 0.2013558902777778
2 0.40566296875 0.5330878229166667 0.07293430781249999 0.11288133472222223
2 0.45500088359375007 0.5292742631944445 0.041186432812499965 0.059491512499999996
2 0.482458506640625 0.5224098569444444 0.020593216406250024 0.03966100555555548
4 0.5275061660156249 0.5018166423611111 0.06606990234375001 0.14491522638888885
0 0.7729086625 0.5277488388888888 0.024883470312500044 0.11440675555555554
0 0.751457395703125 0.5307996854166667 0.01630296171875001 0.10220336527777774
0 0.722283670703125 0.5338505340277778 0.023167366406250077 0.11745760416666669
0 0.733438330859375 0.5201217236111111 0.018019064843749977 0.12050845277777775
0 0.322003027734375 0.5361386687499999 0.012012710156249985 0.06711862916666662
0 0.31084836875 0.5323251104166666 0.013728810937500002 0.06559320694444443
0 0.33272866132812495 0.5353759597222222 0.009438557031249984 0.06254236111111114
0 0.345599421875 0.5269861284722221 0.012870760937500014 0.0732203263888889
0 0.35675408046875 0.5269861270833333 0.012870760937500014 0.06406778194444446
0 0.3679087390625 0.5269861284722221 0.014586860937499991 0.0732203263888889
0 0.326293281640625 0.4949522361111111 0.010296608593750011 0.012203386111111077
6 0.25464604921875 0.5559691743055555 0.0832309171875 0.16169488472222224
9 0.245207491796875 0.3706302277777777 0.036896180468750026 0.013728813888888898
9 0.248210668359375 0.3874098833333333 0.03260592734375001 0.010677963888888876
