0 0.376148712109375 0.5330798368055555 0.04446094921874999 0.1704317736111111
0 0.734236178515625 0.516260911111111 0.05171819453125002 0.21303971666666668
0 0.710269211328125 0.4994419861111111 0.021444128906250005 0.17491681944444445
0 0.673897538671875 0.5169016291666667 0.03910400078125002 0.19958457777777777
0 0.5661250203125 0.47877873263888887 0.022705548437499966 0.09194345694444447
0 0.5844156011718751 0.48102125555555547 0.026489807031250034 0.07400326944444444
0 0.639287344140625 0.5101740590277777 0.05297961328124998 0.17715934305555558
0 0.5128931265625 0.47765747083333326 0.022705548437500056 0.06727570000000004
0 0.49586396484375 0.47877873263888887 0.02396696874999993 0.06951822361111115
4 0.108947216796875 0.4871881951388889 0.21789443359375 0.27246658472222224
2 0.066689667578125 0.5550245263888889 0.13337933515625 0.2578901833333333
9 0.5543938164062501 0.28480046388888886 0.030274065625000013 0.0650331777777778
0 0.6035891718749999 0.5068102743055556 0.018921290624999986 0.07400327083333333
0 0.5808836234375001 0.4798999944444445 0.018921290624999986 0.07400326944444444
0 0.988322082421875 0.5393268625 0.02018271015625004 0.22425233333333333
