9 0.816888974609375 0.38039168402777773 0.015596925781250093 0.025994876388888834
9 0.046790776953125 0.08058411388888889 0.05848846953125 0.06758667777777777
4 0.516160754296875 0.4921696486111112 0.030219042968749932 0.0623877027777778
2 0.48252988359375004 0.5224970041666667 0.05458923906250002 0.07798462777777779
2 0.8363851316406249 0.6186780458333334 0.16376771796874995 0.25994875833333336
2 0.8523588335804408 0.5432929069444444 0.1840174265358816 0.19236208333333332
4 0.7203829976562499 0.42284998124999995 0.16961656406249997 0.13170737083333336
2 0.6667685664062499 0.6755089086054326 0.4016208328125 0.46515751056691274
0 0.43135247148437494 0.5060335840277778 0.014622116406250019 0.06238770138888883
0 0.41126184882812494 0.48957016180555557 0.00758433828124998 0.02252889027777777
0 0.38309948359375 0.49736862569444446 0.009748078124999981 0.06931966805555557
0 0.10284222812499999 0.5207640138888888 0.03606788906249999 0.1819641305555556
0 0.41380593046875 0.527695979861111 0.01852134999999997 0.08838257916666663
0 0.389923138671875 0.5190310229166667 0.011697692968750006 0.08838257916666663
0 0.371889193359375 0.5155650388888888 0.014622117968750015 0.08491659444444437
0 0.358241883203125 0.5233635013888889 0.012672502343749992 0.06931966944444438
0 0.19544897421875002 0.5259629895833333 0.04386635312499998 0.18543011527777778
0 0.151582619921875 0.5294289715277778 0.03411827421875 0.17849814583333334
7 0.062387701953125 0.5961491527777778 0.12477540390625 0.20449302222222224
