2 0.350930826953125 0.5268294826388888 0.013647310156250026 0.020795904166666664
2 0.38602390703125 0.5285624736111111 0.009748078125000026 0.013863930555555569
2 0.392360156640625 0.5328949534722223 0.014622117968750015 0.03292684583333336
2 0.3991838125 0.5346279506944445 0.012672503125000035 0.032926843055555585
2 0.4191673734375 0.50690008125 0.027294618749999965 0.015596929166666643
2 0.42111698906249995 0.5415599145833333 0.03509308125000006 0.05718872638888889
2 0.43622650937500007 0.5536908576388889 0.030219045312499925 0.0675866791666667
2 0.46644555273437505 0.5675547909722223 0.05751366328124998 0.09531454583333338
2 0.307551873828125 0.5276959791666667 0.014622116406250019 0.022528897222222274
2 0.21104589609374996 0.5571568375 0.06921135625 0.08145061388888893
2 0.12867463515625 0.5736202645833334 0.11502732500000001 0.12477540138888886
2 0.3285102421875 0.5372274361111111 0.033143467187499984 0.048523769444444455
2 0.29585418125 0.5389604291666666 0.030219043750000018 0.04159180000000002
2 0.631578012109375 0.57612073125 0.30901411640625004 0.3887348041666666
