2 0.10831134882812501 0.5876015582150294 0.21662269765625003 0.6169604270111678
2 0.7691513867187499 0.5207259308489495 0.4600243625 0.5224322950312322
2 0.242547746484375 0.4841466902777778 0.17645425078125002 0.29450789166666663
2 0.3377428734375 0.4336249277777778 0.049732362499999995 0.07056044444444451
2 0.36978199296875003 0.4174725375000001 0.013389481249999991 0.02975440555555551
2 0.379345909375 0.41279684513888887 0.008607524999999994 0.020403020833333268
2 0.4061248734375001 0.4170474722222222 0.010520307812500018 0.015302266666666734
2 0.41807976875 0.4272489847222223 0.018171440625000024 0.028904280555555554
2 0.4333820339843751 0.43149961249999996 0.018171439843750026 0.05100755277777777
2 0.45800911640624997 0.43490011666666667 0.03682107499999994 0.06801006944444449
2 0.47744435859375 0.46878370208333336 0.06612764374999998 0.12897623472222222
2 0.52941864609375 0.4719797763888888 0.09279485312500002 0.1998241
9 0.43228900429687495 0.38697730555555554 0.007651132031249919 0.015302263888888884
