9 0.37725063593749997 0.5198975194444445 0.04289154375000002 0.02079590000000001
9 0.39236015859375 0.5805522270833333 0.02242058124999997 0.010397948611111079
9 0.01315990546875 0.6680683118055556 0.02242058125 0.039858809722222256
9 0.28951793007812504 0.6351414680555555 0.013647310156249981 0.0259948777777778
9 0.2924423546875 0.6576703597222222 0.011697693750000005 0.015596925000000065
8 0.8246874375000001 0.5259629888888889 0.02339538749999992 0.036392825
8 0.8607553277343751 0.5103660618055555 0.025345003906250163 0.03639282638888888
8 0.811527530859375 0.4133185277777778 0.03411827421874998 0.08145061111111115
8 0.8149393593750001 0.3881901458333333 0.0389923140625001 0.10397950277777782
8 0.518597774609375 0.5857512034722222 0.011697694531250047 0.0415918013888889
8 0.38894833046875 0.6082800951388888 0.009748078124999981 0.03812581527777776
8 0.010722885546875 0.5944161625000001 0.00974807890625 0.0589217194444445
9 0.311451106640625 0.6732672875 0.010722886718750014 0.012130944444444462
2 0.153532235546875 0.8075741458333334 0.30706447109375 0.3812581805555555
2 0.6131541347656251 0.8084406416666667 0.43671391484375005 0.37605920833333334
3 0.311938510546875 0.7339219951388889 0.04289154609374997 0.05718872916666674
2 0.284643891015625 0.7347884923611111 0.017546541406249984 0.0415918013888889
2 0.88902475546875 0.6585368555555555 0.05458923906249993 0.0589217194444445
2 0.9577487085937498 0.6342749729166667 0.08285866718749997 0.08664958472222221
