2 0.5866994609375 0.5464032951388889 0.02079107968749998 0.03201581805555552
9 0.720656049609375 0.4903756125 0.015007414843749966 0.023122536111111144
2 0.419007009765625 0.5508499368055556 0.020009886718750015 0.0160079097222222
2 0.33296449843750003 0.5410673243055555 0.01600790781249999 0.021343876388888895
2 0.325961038671875 0.5517392638888889 0.018008897656250022 0.014229249999999954
2 0.311453870703125 0.55262859375 0.01300642578125002 0.0160079097222222
2 0.29894769179687497 0.5517392652777778 0.01200593203125 0.017786566666666677
2 0.288942748046875 0.55440725 0.01200593203125 0.016007908333333317
2 0.27443558203125 0.5552965798611111 0.011005437500000026 0.017786568055555563
2 0.258427672265625 0.55440725 0.017008403906250004 0.023122536111111144
2 0.24892297617187503 0.55440725 0.022010875781250005 0.023122536111111144
2 0.23491605585937503 0.55440725 0.02000988671874997 0.023122536111111144
2 0.22341037070312497 0.5561859069444444 0.023011369531249982 0.023122536111111064
2 0.20189974257812499 0.5535179222222223 0.026012852343750014 0.028458505555555527
2 0.18839306914062498 0.5552965798611111 0.023011369531250003 0.032015820833333285
2 0.169883923046875 0.5570752347222222 0.028013841406250007 0.03201581944444448
2 0.10935401874999999 0.5499606104166667 0.019009393750000013 0.017786570833333334
2 0.091845367578125 0.5508499368055556 0.022010875781250005 0.019565223611111154
2 0.069834491796875 0.5481819506944444 0.020009885156249997 0.021343876388888895
2 0.053574788671875 0.5486714979166667 0.017138660156250003 0.02109373472222226
