2 0.038504909375 0.5831517166666667 0.07700981875 0.1473042944444444
2 0.88610033203125 0.5753532527777778 0.22615542031249988 0.24608482499999995
2 0.21445772539062502 0.5701542770833334 0.13647309921875 0.1490372902777778
2 0.44743680117187506 0.5320284590277778 0.05069000859374997 0.06238770416666668
2 0.550279029296875 0.5424264097222222 0.06921135703125003 0.0866495861111111
3 0.3597040953125 0.5155650388888888 0.048740392187499995 0.07451864444444449
2 0.42111698867187497 0.5190310215277778 0.01949615703125005 0.0329268430555555
2 0.114539922265625 0.5753532520833333 0.07895943671875 0.09704753472222226
2 0.1598684859375 0.54069341875 0.027294620312500007 0.02426188472222227
2 0.276845428125 0.5328949555555555 0.03509308281250001 0.060654711111111065
2 0.32022437734375 0.5302954680555555 0.034118274999999976 0.05545573611111105
2 0.748652425 0.5727537666666667 0.11697694062499994 0.1265083944444444
2 0.663356739453125 0.5528243597222222 0.08285866640624998 0.09358155555555554
2 0.604380864453125 0.5415599138888889 0.04289154453124997 0.0606547083333333
2 0.579523264453125 0.5069000805555556 0.022420580468750017 0.015596927777777757
2 0.5205473890625 0.5164315340277779 0.015596926562500002 0.027727868055555563
2 0.5064126765625 0.5242299979166667 0.01852134999999997 0.02946085694444444
2 0.497152001171875 0.5216305097222222 0.013647310156250026 0.027727866666666677
2 0.474244016796875 0.5233635006944444 0.016571733593749992 0.04159180138888882
2 0.40893189101562494 0.5181645256944445 0.012672502343750036 0.031193851388888857
2 0.38114986718750005 0.5250964930555556 0.013647309374999982 0.024261883333333303
9 0.59706980546875 0.4505778486111111 0.012672501562499949 0.03119384999999997
