2 0.496083659375 0.46103815000000004 0.038685174999999995 0.04584909722222221
2 0.7325915672913117 0.46252129471890974 0.13224020442930148 0.151618398637138
2 0.16359634068222956 0.5221702798611111 0.0675035842605409 0.07641516249999998
2 0.06123362382812501 0.5450948291666666 0.11748831328125 0.12226426111111108
3 0.556976993359375 0.40117960625 0.08023592109374995 0.2012265958333333
2 0.6086352271055153 0.5145287624999999 0.1348377229610307 0.1732077
2 0.24934699324624682 0.4865098708333333 0.08680430992999359 0.07132081944444447
2 0.37013593828125 0.4674060798611111 0.04298352968749999 0.028018893055555497
2 0.4496554671875 0.45467021944444447 0.027222901562500023 0.017830205555555523
2 0.4167014285156251 0.45976456388888887 0.021491764843749993 0.017830205555555603
9 0.6208731917968751 0.3884437451388889 0.022924549218750024 0.022924548611111185
9 0.599381426953125 0.39226450347222225 0.014327842968750027 0.02037737638888891
