2 0.39011055976562503 0.5558827284722222 0.011911772656250008 0.021176479166666696
2 0.39904439062499997 0.5572062673611111 0.011911773437500005 0.018529431944444417
2 0.37596533125000003 0.5505886097222222 0.010422801562500039 0.021176486111111042
2 0.36256458476562503 0.5519121423611111 0.013400744531250019 0.018529426388888878
2 0.352141787109375 0.5519121381944444 0.010422805468749985 0.023823543055555518
2 0.34618589648437503 0.5558827319444445 0.013400744531250019 0.03176473055555549
2 0.336507581640625 0.5585297902777778 0.014889717968749983 0.03705884722222221
2 0.323106837109375 0.5585297930555555 0.03275737421875 0.047647091666666655
2 0.3059836625 0.5651474444444444 0.022334573437500005 0.050294155555555484
2 0.29109394921875 0.5691180368055555 0.01935662968749998 0.0635294486111111
2 0.266525917578125 0.5651474458333333 0.05062503515625001 0.087353
2 0.22185676718749997 0.5717650909722222 0.06849269375 0.10588242361111111
2 0.182399021875 0.5960298284722222 0.061047832812499994 0.1455883347222222
2 0.084871380078125 0.6070592340277778 0.16974276015625 0.2876472458333334
2 0.9054010902343752 0.6940971152777777 0.18909939453125002 0.28323549166666667
2 0.45711428359374995 0.5709709729166667 0.02382354687500001 0.039705909722222224
2 0.460836709375 0.5762650902777777 0.022334575000000002 0.04500002777777783
2 0.47051502929687494 0.5828827402777778 0.026801489843750036 0.04235296944444447
2 0.48540474375000003 0.586853329861111 0.02977943281249997 0.04500002916666664
2 0.499549973828125 0.5908239243055555 0.034246344531250014 0.05823533750000007
2 0.5315628632812499 0.5921474555555555 0.05658092031250002 0.07676475833333332
2 0.5702761234375 0.6053827576388889 0.06849269531250002 0.10323536250000005
2 0.6343019046875 0.6108092430555555 0.11911772968749998 0.12970597222222224
2 0.7441135605468749 0.6597798618055556 0.1965442523437499 0.1588236319444445
3 0.42733485 0.5516474611111111 0.04169120624999998 0.07941181944444445
