8 0.469990365625 0.43370600833333334 0.00936056093750004 0.01872112222222218
8 0.5401945757812501 0.4357861333333334 0.009360560937499951 0.0228813722222222
8 0.5799769613281249 0.4451466944444445 0.007020421093749984 0.016640997222222214
2 0.485201278125 0.4836290020833333 0.011700701562499916 0.018721123611111147
2 0.48929652343749996 0.4909094388888889 0.012870771874999942 0.024961497222222247
2 0.4670651902343749 0.4877892520833334 0.019891192968750016 0.031201870833333346
2 0.542534715625 0.47946875277777773 0.014040840624999973 0.04368261944444443
2 0.5589156984375 0.4825889395833334 0.025741543749999974 0.049922993055555524
2 0.56476604921875 0.49194950069444443 0.025741543749999974 0.05616336805555559
2 0.5811470316406251 0.5023501256944445 0.03510210546874992 0.07696461805555559
2 0.589337522265625 0.5085904993055556 0.03276196328125005 0.07696461527777781
2 0.642575715234375 0.49610975 0.09243554296875 0.13520810555555554
2 0.647255995703125 0.5335519965277778 0.09477568359374997 0.14768885694444447
2 0.8292019070312499 0.5578201125000001 0.3369802078125 0.4222653222222222
2 0.5185482777343751 0.5058169944444445 0.059673578906250045 0.0894453638888889
2 0.41558210312500005 0.4974964951388889 0.0269116140625 0.0395223708333333
2 0.30852068242187497 0.5151775541666666 0.032761964843750005 0.07904473888888891
2 0.19794905234375 0.50893718125 0.036272176562499994 0.049922993055555524
2 0.154071421875 0.50893718125 0.07254435 0.07488449027777777
2 0.23422122695312497 0.5245381166666666 0.08541512265624998 0.08112486388888887
2 0.358248666015625 0.51309743125 0.10413624453124996 0.12064723750000002
2 0.06514608789062501 0.5491086066711621 0.12870771796875 0.53381004389788
2 0.435473295703125 0.48570912638888886 0.019891192968749926 0.0228813722222222
9 0.4465889625000001 0.46386781666666665 0.011700701562500004 0.02080124722222223
