2 0.48034604375 0.5013942888888888 0.012292051562499929 0.021852536111111064
2 0.466688208984375 0.49775219930555553 0.015023617968750003 0.029136715277777763
2 0.46262500468750006 0.5050363777777778 0.009492190624999975 0.024280597222222235
2 0.4502988078125 0.50260831875 0.017755184375000076 0.03399283472222218
2 0.4427869984375 0.5062504076388888 0.016389401562499996 0.03156477361111109
2 0.42981205625 0.5074644368055555 0.028681453125000013 0.04370507083333332
2 0.411373977734375 0.5135345861111111 0.027315669531249975 0.04613313055555553
2 0.39088722539062504 0.5183907048611112 0.04370507109375006 0.050989251388888907
2 0.35605974765625004 0.5256748833333333 0.04507085468750001 0.06555760833333335
2 0.28367322382812504 0.5208187645833333 0.11609159453125 0.13354327361111112
2 0.529241095703125 0.45951026041666665 0.07238652421875003 0.031564773611111166
2 0.5879697855468751 0.48743294583333335 0.028681453906250008 0.014568358333333324
2 0.6432840164062499 0.47772070694444446 0.08194700781249997 0.024280594444444463
2 0.69876896953125 0.47772070694444446 0.03721760000000005 0.024280594444444463
2 0.043363625390625 0.551485595703199 0.08331279140625 0.13533916414915764
2 0.1478460609375 0.55359756875 0.185746553125 0.17482028472222225
2 0.5323141085937501 0.5669518965277778 0.13248099687500003 0.1869605819444444
9 0.658853947265625 0.23794983194444444 0.030047236718750002 0.06798566666666667
9 0.6602197316406251 0.3010793798611111 0.030047236718750002 0.06312954583333333
2 0.9593514339843751 0.4530327534722222 0.07450478359375001 0.09169819583333332
