3 0.11496089765624999 0.45749984027777785 0.10335933750000001 0.04124998611111113
2 0.58886698203125 0.49093731736111107 0.012656245312500047 0.013124993055555558
2 0.573046674609375 0.4956248166666667 0.00843749765624997 0.014999994444444473
2 0.5777927671875001 0.5059373131944445 0.00949218437499999 0.020624993055555527
2 0.6015232277343749 0.4899998208333333 0.006328122656250023 0.014999994444444395
2 0.6078513507812501 0.49093731875 0.008437498437500057 0.016874990277777772
2 0.614179473046875 0.4937498173611111 0.014765619531249996 0.018749993055555574
2 0.594667761328125 0.5181248090277778 0.034804675781250086 0.044999984722222226
9 0.62199874140625 0.47408186597222224 0.013710932812500066 0.018749995833333265
2 0.645489509765625 0.5312693451388889 0.08542965703125001 0.09937496527777773
2 0.53105595625 0.5415818409722222 0.07593747343749993 0.11624995694444445
3 0.748710671484375 0.4898631048611111 0.06960934921874999 0.08249997083333338
2 0.942245761328125 0.5461130833333333 0.11285152421875004 0.18374993333333337
