9 0.310796980078125 0.3945292736111111 0.011569432031250004 0.007479227777777769
9 0.311848746484375 0.41696695763888886 0.007362364843750013 0.029916912499999962
9 0.345505272265625 0.40574811527777777 0.007362364843750013 0.014958455555555538
9 0.54218559296875 0.4057481159722222 0.0178800296875 0.05235459583333327
9 0.5763680027343749 0.3945292715277778 0.03365652421874996 0.059833823611111114
9 0.687855243359375 0.3010389243055555 0.02944946015624996 0.0710526652777778
2 0.41639432304687496 0.41790186180555555 0.00946589765625001 0.020567879166666674
2 0.49222668789062496 0.4235112826388888 0.008414128906249995 0.013088648611111135
2 0.4838125578125 0.42818579999999995 0.010517665625000028 0.014958455555555538
2 0.4995890539062501 0.4309905104166667 0.006310598437500037 0.01682826250000002
2 0.47750195859375 0.4328603173611111 0.010517664062500032 0.013088648611111135
2 0.45857016328124994 0.4375348347222222 0.012621196874999985 0.007479227777777769
2 0.466984294921875 0.4328603173611111 0.010517663281249945 0.013088648611111135
2 0.44752661601562505 0.4356650270833334 0.011569432031250049 0.011218840277777769
2 0.43700895117187494 0.43753483402777776 0.00946589765625001 0.014958454166666652
2 0.42543952070312496 0.4384697375 0.01577649609374996 0.016828261111111135
2 0.3986194765625 0.4347301236111111 0.01893179531250002 0.01308864722222225
2 0.38336886328124997 0.44033954513888884 0.019983562499999996 0.020567876388888903
2 0.37653238125 0.4627772305555556 0.029449459375000007 0.031786719444444445
2 0.401248892578125 0.45623290416666673 0.022087094531249997 0.02617729722222219
2 0.317107578125 0.4749309743055556 0.043122423437500015 0.033656526388888844
2 0.2482168765625 0.4590376166666667 0.03365652499999996 0.024307491666666674
2 0.274511037890625 0.4777356847222222 0.037863591406249994 0.0430055611111111
2 0.22244859960937502 0.49269414027777775 0.07467541640625 0.03926594722222221
2 0.20456857031249998 0.4786705881944444 0.0515365546875 0.041135754166666615
2 0.16197203046875 0.474930975 0.037863592187499996 0.026177299999999962
2 0.14829906718750002 0.5057827895833333 0.07362365000000001 0.04300555972222221
2 0.0320788765625 0.49549885069444444 0.0620542203125 0.033656526388888844
2 0.065735401171875 0.5188714381944444 0.06626128359375001 0.028047104166666673
2 0.017880029296875 0.514196920138889 0.03576005859375 0.03739613750000004
2 0.00525883203125 0.5282204729166666 0.0105176640625 0.024307490277777788
0 0.29922754882812497 0.45342819305555554 0.00946589765625001 0.035526330555555555
2 0.32762524257812503 0.4515583868055556 0.01788002890625 0.01682826249999994
2 0.49485610507812494 0.4384697375 0.00946589765625001 0.016828261111111135
2 0.4859160906250001 0.4403395444444444 0.01051766562499994 0.016828261111111135
2 0.465932528125 0.4459489659722222 0.014724729687499938 0.01682826250000002
2 0.44594896562499997 0.4730611673611111 0.03365652500000005 0.04113575416666669
2 0.848144474609375 0.42818579999999995 0.01893179609375011 0.011218841666666653
2 0.8339456269531251 0.4365999312500001 0.013672963281250006 0.020567876388888903
3 0.9307081394531249 0.48614981597222223 0.07467541640624997 0.09349034861111108
2 0.78619540546875 0.45436309652777773 0.04312242343750006 0.03365652361111107
2 0.6252751421875 0.4524932895833333 0.047329489062499966 0.033656523611111155
2 0.72624471875 0.44314425555555553 0.030501224999999986 0.03365652499999996
