2 0.3891108890625 0.46082481666666664 0.012757734374999963 0.014432988888888885
2 0.315463969140625 0.4484536805555556 0.03943299765625001 0.06391753611111119
2 0.29806705820312496 0.47216502847222225 0.03015464453125003 0.041237120833333384
2 0.244716536328125 0.4731959534722222 0.03015464296874999 0.035051551388888824
2 0.2638531359375 0.4969072958333334 0.05451031562499997 0.07010310277777781
2 0.182667555078125 0.5206186430555555 0.11713919453124999 0.12577321666666666
2 0.08567253515625 0.6740207291666667 0.1713450703125 0.4119588305555555
8 0.30228580625 0.32371139444444447 0.01275773281250001 0.04123712222222219
8 0.49017243671875 0.3865980027777777 0.01043814531249998 0.018556702777777823
8 0.4924920234375 0.43195883333333335 0.01043814531249998 0.018556702777777743
8 0.43762895117187506 0.40274920625 0.011597941406250012 0.024742270833333337
8 0.625902187890625 0.3192440409722222 0.02319588046875003 0.030927840277777778
8 0.581056798046875 0.24501722152777777 0.009278350781249944 0.026804129166666652
8 0.7028351687500001 0.3151203270833334 0.018556703124999973 0.018556704166666667
9 0.330541290625 0.311134075 0.011597939062500017 0.02268041666666668
9 0.390850580078125 0.4235052263888889 0.025515467968750018 0.02474226944444445
9 0.42274491640625006 0.42556708541666666 0.015077323437499946 0.016494848611111165
9 0.5584408140624999 0.43484543819444443 0.01739691093750002 0.014432993055555541
9 0.559600606640625 0.44927843125000005 0.01739691015625002 0.01855670416666671
9 0.5607604023437499 0.4668042020833333 0.01739691093750002 0.02061855972222225
9 0.66862124375 0.40804130694444446 0.026675262500000053 0.030927841666666702
9 0.6692011398437501 0.43381450694444446 0.013917528125 0.024742272222222222
9 0.6709408328124999 0.46164956041666666 0.012757734374999963 0.01855670416666671
2 0.12167025859375 0.49620534930555554 0.0515365546875 0.07105266527777777
