2 0.068703187981793 0.4854635583333334 0.10961676778641397 0.12695363888888894
2 0.42122679257812495 0.47831124236111106 0.008046357031250029 0.023245031944444446
2 0.43178763632812506 0.48009931874999995 0.011063739843749953 0.03397350972222226
2 0.45140063320312496 0.47562912291666665 0.030173839843750015 0.06794701805555556
2 0.45492091484374997 0.4961920361111111 0.01709850937499997 0.05900661944444449
2 0.46749334804687503 0.4979801159722222 0.026150661718750003 0.06258277916666673
2 0.48509475507812494 0.49887415347222225 0.03520281328125004 0.07867549305555552
2 0.5147656968750001 0.5015562722222222 0.06638244687499997 0.10549668611111115
2 0.5720959921875 0.5221191847222222 0.09454469843749998 0.14662251111111116
2 0.6862536871093751 0.5560926930555556 0.22228061953124997 0.24675495833333333
2 0.86560088515625 0.6079469979166666 0.2651554921875 0.49350991527777777
