2 0.38409279140625 0.48258050069444447 0.030145331250000008 0.05103970972222219
2 0.361124919921875 0.48130451111111117 0.027274347656249986 0.0740075861111111
2 0.34282239687500005 0.49534043125 0.0337340609375 0.09697545694444448
2 0.297963272265625 0.5132043326388889 0.07608107265625001 0.1837429736111111
2 0.141494646484375 0.548932132638889 0.28279191796875 0.3317581458333334
2 0.42751642265625006 0.4908744569444445 0.029427582812499953 0.04721173611111114
2 0.4562262636718749 0.4947024354166667 0.019379142968749985 0.03700379305555551
2 0.46950456406249996 0.4915124534722222 0.02440336406250001 0.048487729166666646
2 0.48673046757812505 0.4908744576388889 0.030145330468749964 0.0548676930555556
2 0.5107749574218751 0.5017203965277778 0.043782503906250006 0.06379964305555556
2 0.5445090218749999 0.525964261111111 0.058137424999999965 0.10718339999999994
2 0.59941659296875 0.5297922402777778 0.10335542187499999 0.13780723055555555
2 0.6934413125 0.5495701291666667 0.16077510156250002 0.22585073888888887
4 0.87201651640625 0.5476561375 0.25408207968749996 0.5588848722222223
9 0.11350255546874999 0.2222779534722222 0.034451810937499994 0.040831770833333336
9 0.21614023046875 0.34668726041666664 0.021532379687499992 0.03700379305555555
9 0.21614023046875 0.28862958541666667 0.051677710937499996 0.08166354305555557
8 0.382657299609375 0.4232468298611112 0.01004844453125 0.019139893055555586
8 0.43756486757812496 0.4289887986111111 0.009330697656249942 0.017863900000000005
8 0.48816595976562505 0.4372827506944445 0.008612952343750013 0.011483931944444473
