8 0.39654677187500004 0.4967792305555556 0.004132651562499978 0.018367341666666686
8 0.452337576171875 0.5013710673611111 0.006198978906249941 0.016530609722222225
8 0.5313745507812501 0.4067792500000001 0.007232142187500035 0.018367341666666686
2 0.40861598554687506 0.5262243784722223 0.012397957031250063 0.01469387361111111
2 0.424630012109375 0.5409182527777777 0.015497444531249993 0.03306121666666668
2 0.44942592539062504 0.54183661875 0.042359685156250035 0.04959182638888882
2 0.469572604296875 0.5537753930555556 0.02686223828125005 0.0771428388888889
2 0.51244887109375 0.5473468222222222 0.09401783593749995 0.1230612
2 0.5325955499999999 0.5712243694444444 0.05372447812500001 0.11571426111111106
2 0.565140185546875 0.5960202833333332 0.09608416328124995 0.17999996111111116
2 0.38950246875 0.5390815173611111 0.015497446874999987 0.022040809722222183
2 0.376071349609375 0.5399998847222223 0.015497446093749988 0.02020407499999995
2 0.36315681015625 0.5418366194444444 0.014464282812499984 0.031224483333333334
2 0.35024227148437503 0.54642845625 0.01343111953124998 0.029387751388888876
2 0.341460387109375 0.54918355625 0.020663261718750013 0.03857141805555552
2 0.310982076953125 0.5427549881944445 0.04442601015625001 0.058775498611111095
2 0.741811067578125 0.6162243604166666 0.3285458492187501 0.44448970138888877
2 0.161690016796875 0.6226529298611111 0.32338003359375 0.6263263958333333
2 0.8588872335937501 0.6665101722222223 0.2799871859375 0.6557141444444444
