0 0.8154267628906251 0.6048141125 0.03606788984374996 0.14557130555555553
0 0.783745508203125 0.6065471041666667 0.035093082031250056 0.15596925555555557
0 0.646785005859375 0.5675547909722223 0.012672502343750036 0.07451864583333329
0 0.636549523046875 0.55888983125 0.017546539843750077 0.08145060972222219
0 0.58634691953125 0.55109136875 0.01657173437499999 0.055455734722222164
0 0.573187013671875 0.5528243611111111 0.011697694531249959 0.048523769444444455
0 0.054101835546875 0.5250964923611111 0.04386635390625 0.18369712083333337
0 0.380662463671875 0.5337614520833334 0.014622117968750015 0.045057784722222195
2 0.49179055859375004 0.5389604270833332 0.018521350000000058 0.02426188472222219
2 0.508362291796875 0.5450258986111111 0.016571733593750082 0.03292684444444447
2 0.525421429296875 0.55109136875 0.029244236718749938 0.04159180138888882
2 0.462546323046875 0.5328949555555555 0.014622117968750015 0.01906290833333328
2 0.427940644140625 0.5363609395833333 0.025345003906249986 0.03985880972222217
