8 0.470176064453125 0.30398415902777776 0.011865225781250021 0.04921871527777778
8 0.621128108984375 0.47039029444444447 0.018457017968750034 0.021093736111111146
8 0.754282314453125 0.42117157708333336 0.036914036718750064 0.04453121805555556
8 0.373935895703125 0.23953107847222224 0.017138658593750033 0.06562495416666667
8 0.23880415351562503 0.4574996784722222 0.02109373671874999 0.02343748472222226
8 0.07137262734375001 0.38484347916666667 0.010546868750000004 0.028124980555555526
8 0.48204129062500006 0.30749978194444444 0.009228509374999926 0.04687496944444444
8 0.3897561984375 0.24539044930555556 0.014501943749999979 0.04921871527777775
9 0.60464862890625 0.44695281041666673 0.02241209375000004 0.02109373472222218
9 0.616513854296875 0.42468720069444443 0.014501942968750025 0.01874998750000003
9 0.814267625 0.38953097500000006 0.048779264062500084 0.08906243888888893
2 0.361411490625 0.5336715013888889 0.02109373593749999 0.04921871666666667
2 0.716709098046875 0.6403120527777778 0.16215809140625 0.20156236111111114
2 0.327793349609375 0.5407027465277778 0.05141598046875 0.05859370972222225
2 0.47413113906250004 0.6473432993055556 0.2781736375 0.4078122236111112
2 0.872612496484375 0.7068149488808442 0.25376898828125005 0.5080055366505773
