2 0.167590233984375 0.4628866743055556 0.02899485078124999 0.03505155138888891
2 0.24239694726562497 0.47422688125 0.032474232031250015 0.05360825416666665
2 0.22403354257812502 0.4652234458333333 0.010438146093750022 0.024604811111111187
2 0.26176551249999996 0.46721657083333334 0.008118557812500038 0.020618561111111135
9 0.13163661835937499 0.3793815055555555 0.012757733593749987 0.024742272222222222
9 0.2916881921875 0.38247429027777774 0.024355674999999976 0.02268041666666668
9 0.16990982109375002 0.3463918097222222 0.010438145312500003 0.020618561111111135
9 0.22963921445312502 0.35567016180555555 0.009278352343750029 0.022680415277777755
9 0.198324774609375 0.36391758611111114 0.07422681484375002 0.039175263888888916
9 0.32242273359375 0.41649491527777777 0.009278351562500032 0.024742272222222222
