8 0.07726789804687499 0.1228023375 0.014240500781249998 0.05907170833333334
8 0.665400570703125 0.14474325555555556 0.011392399218749993 0.05232065277777777
8 0.054568986718750004 0.20381496250000003 0.012513545312500002 0.0354430222222222
8 0.67092298046875 0.21394154166666668 0.02433595312499994 0.03206750000000002
9 0.676792971484375 0.07132556527777777 0.03417720078124997 0.013502105555555557
9 0.656381587890625 0.09579812916666665 0.04651896953124997 0.03544302222222222
2 0.490822586328125 0.3668071638888889 0.020886067968750054 0.020253158333333313
2 0.5093352367187499 0.36258775763888895 0.025632901562499998 0.03544302361111112
2 0.540189655078125 0.3440223638888889 0.04367086796875004 0.06582275833333331
2 0.287183426953125 0.37777762430555556 0.014240500781250009 0.015189868055555502
2 0.269145460546875 0.3752459798611111 0.019936700781250004 0.020253156944444427
2 0.254904959765625 0.3659632826388889 0.01234176640625 0.03544302361111116
2 0.21550624218749997 0.3409281326388889 0.07405060312500003 0.08776367916666664
2 0.4053795828125 0.3459914201388889 0.13860753906250003 0.1957805125
2 0.6090187410156249 0.3282699104166667 0.10158223828124999 0.15021090972222223
2 0.8297650414062498 0.5207210430555554 0.33797454687500006 0.46582259722222213
8 0.068076730859375 0.20765610763888892 0.006591791406249992 0.03749997638888891
8 0.68770521171875 0.2099998548611111 0.009228509375000016 0.04218747083333333
