2 0.11051481367187499 0.4240614430555556 0.21934041015625 0.3021561416666667
2 0.25641691484375 0.4384498138888888 0.085241296875 0.12843946111111115
2 0.48658574726562503 0.4800309340277778 0.01819173984375002 0.03418892083333331
2 0.506596661328125 0.4698666611111111 0.023909144531249992 0.04897331944444443
2 0.527906985546875 0.4469200611111111 0.024948672656250004 0.0887063888888889
2 0.39018684531250003 0.4950001493055555 0.00987551562500002 0.008316223611111125
2 0.395800290234375 0.4834498236111111 0.020270796093749953 0.013305952777777779
2 0.61215205703125 0.39502064375 0.148132740625 0.19404522916666664
2 0.40957403632812495 0.4666325743055556 0.009355752343750013 0.01663244861111113
2 0.42126872656250003 0.4398358520833333 0.008835987500000008 0.012936348611111172
2 0.42360766445312503 0.4929672840277778 0.009355752343750013 0.012012323611111084
3 0.398139228125 0.46265926527777784 0.010395279687500026 0.022731019444444438
2 0.40801474453125 0.4143327590277778 0.005197640625000055 0.009240248611111133
2 0.40619557031250003 0.4249590451388889 0.005717404687499972 0.012012323611111084
9 0.6116322929687501 0.2864477180555556 0.021830087499999973 0.024948672222222256
