9 0.405636506640625 0.21494621180555554 0.02106126328125 0.03744224583333333
9 0.40622154296875 0.26278908333333334 0.024571473437499946 0.06240374166666665
2 0.897065977734375 0.3688754430555556 0.016380982031250112 0.02080124722222223
2 0.9333381515625 0.3605549444444444 0.00936056093750004 0.02080124722222223
2 0.953229344140625 0.3584748194444445 0.018721122656249988 0.024961497222222205
2 0.9824811 0.3584748194444445 0.023401403125000008 0.024961497222222205
2 0.91461702890625 0.35847481875000003 0.023401403125000008 0.033281995833333355
2 0.9549844499999999 0.3865565034722222 0.0269116140625 0.031201870833333346
2 0.8988210816406251 0.39695712638888886 0.029251753906249966 0.04368261944444443
2 0.985991309375 0.3979972020833333 0.02574154375000006 0.054083243055555626
2 0.8221814859375 0.4073577506944444 0.06318378906250004 0.07280436527777781
2 0.615664101171875 0.4125580625 0.20944256015625004 0.20801247499999995
2 0.988916484765625 0.4437599451388889 0.019891192968750103 0.08736524027777774
