9 0.9665219792968749 0.11697694166666667 0.05751366328124998 0.06412069444444445
9 0.9665219792968749 0.20276003194444445 0.03606788984375005 0.0866495861111111
9 0.8914617753906249 0.3301349243055556 0.024370196093749998 0.02946085972222221
9 0.91242014375 0.30067406527777774 0.03509308281250014 0.015596927777777797
9 0.901697257421875 0.28507713888888886 0.01754654140625007 0.01906290833333336
9 0.9553116890624999 0.3699937326388889 0.056538854687500084 0.05372274305555559
9 0.21884436132812501 0.1940950722222222 0.018521349218750018 0.04505778333333335
9 0.11502732578125001 0.19756105694444445 0.085783090625 0.02772786666666664
9 0.48155507578125006 0.3552633041666667 0.009748078124999981 0.013863933333333339
9 0.476193633203125 0.33360090694444444 0.00877327109374999 0.008664958333333316
9 0.520059986328125 0.32233646111111114 0.00877327109375008 0.02079590000000001
9 0.745728001953125 0.24695132083333335 0.013647310156250026 0.029460858333333364
8 0.286106102734375 0.20189353541666663 0.016571733593750037 0.039858809722222215
8 0.717458574609375 0.25648277569444444 0.011697694531249959 0.04852376805555557
8 0.9533620734374999 0.29287560277777774 0.011697693750000049 0.03812581944444445
8 0.8856129281249998 0.3847241631944444 0.012672501562500039 0.027727868055555563
8 0.5741618210937499 0.2972080805555556 0.007798462500000003 0.022528891666666696
8 0.699424629296875 0.26254824722222225 0.01852134921875006 0.04679077777777777
3 0.028756832031250002 0.4419128895833333 0.057513664062500004 0.045057784722222195
2 0.532732487890625 0.6004816326388889 0.33630870703125004 0.434980923611111
2 0.9660345753906249 0.777246788888889 0.06628693359374989 0.3102055194444446
2 0.82127561015625 0.5857512034722223 0.2563744640624999 0.2495508097222222
2 0.733055500390625 0.48437118749999997 0.1442715617187499 0.17156618055555556
2 0.8393095550781251 0.44797836180555556 0.0643373179687499 0.039858809722222256
2 0.32119918554687504 0.4722402458333333 0.05361443203124998 0.06412069444444445
2 0.21738214960937502 0.42284998124999995 0.021445772656249983 0.038125818055555524
2 0.39430977382812504 0.45317733611111116 0.02047096484375004 0.036392825
3 0.34167015 0.3951221131944444 0.039967121875 0.04852376805555557
3 0.380175059765625 0.40292057569444445 0.03119385078125001 0.03985880972222217
2 0.371889193359375 0.44884485763888887 0.024370196093749998 0.02426188472222227
2 0.352393036328125 0.44364588125 0.018521349218749972 0.02772786527777779
2 0.33435909179687495 0.43324793125 0.021445772656249983 0.013863931944444453
2 0.15694406328125 0.4193839979166667 0.03704269843750001 0.0415918013888889
2 0.288055718359375 0.40898604652777776 0.03021904296875002 0.02772786527777771
2 0.267584753515625 0.3985880972222222 0.012672502343749992 0.017329916666666632
2 0.256861866796875 0.3916561298611111 0.010722885156249973 0.013863934722222224
2 0.200810416015625 0.4003210895833334 0.019496157031250027 0.02426188472222219
2 0.22323099648437497 0.3925226256944444 0.019496157031250006 0.02252889305555554
