9 0.261216247265625 0.29156229999999994 0.03955075390625003 0.018749988888888878
9 0.220347133984375 0.27187481319444445 0.013183583593750025 0.02343748472222222
9 0.220347134375 0.2988279194444444 0.018457018750000033 0.011718741666666688
9 0.29022013359375 0.2871091777777778 0.015820301562499983 0.021093736111111108
8 0.31395058515625 0.2871091784722222 0.007910149999999972 0.049218718055555555
8 0.266489681640625 0.3492185104166667 0.010546867968750017 0.04218747083333333
8 0.5143410730468749 0.33164039791666666 0.010546867968750017 0.035156226388888906
2 0.40359896171875 0.3914059805555556 0.015820301562500028 0.028124980555555526
2 0.385801121875 0.3808591131944444 0.03295896250000001 0.03515622638888887
2 0.299448642578125 0.4230465840277778 0.03955075390624998 0.09609368472222223
2 0.16531029765625 0.4315236958333333 0.08106978750000002 0.12132693333333333
2 0.069961171484375 0.43053091388888887 0.13692308515625 0.15793730833333336
2 0.2434184078125 0.4160153388888889 0.09624016875 0.1382811555555555
2 0.37393589609375 0.4031247229166667 0.061962848437500016 0.07031245138888885
2 0.418760083984375 0.42070283611111114 0.03295896171874997 0.06796870277777774
2 0.50840846015625 0.3902341069444445 0.027685528125000046 0.03984372222222221
2 0.463584272265625 0.4324215791666666 0.08041986640624996 0.1429686527777778
2 0.613877138671875 0.39960910138888894 0.06459956640625002 0.05390621111111113
2 0.35547887773437503 0.4722653020833333 0.13579092265625006 0.19921861249999995
2 0.544004138671875 0.47929654513888886 0.13579092265624998 0.1804686263888889
2 0.9019384632812499 0.4910152875 0.1924803375 0.28359355555555554
2 0.774057691796875 0.5859370972222222 0.43505829609374996 0.41249971666666657
9 0.9460510144531249 0.12477540416666666 0.10040520859375004 0.10051351944444444
2 0.9655471714843749 0.4523108402777778 0.0653121257812499 0.08664958611111118
2 0.0180339453125 0.4774392201388889 0.034118274999999997 0.11611044583333331
