9 0.37822544453124995 0.4011875833333333 0.021445773437499982 0.046790777777777806
2 0.21104589882812502 0.4809052027777778 0.03021904296875002 0.03985880833333329
2 0.18277647109375 0.48003870763888884 0.03801750624999998 0.04505778472222228
2 0.147683389453125 0.4861041798611111 0.055564047656250004 0.05718872916666666
2 0.0965059765625 0.48610417986111115 0.0428915453125 0.053722743055555515
2 0.0375301015625 0.48350469166666665 0.071160971875 0.07278565277777777
2 0.25734927148437503 0.509499567361111 0.07798462734374997 0.09704753749999995
2 0.36945217421875 0.5120990555555556 0.07798462812499998 0.09878053055555557
2 0.663356739453125 0.509499567361111 0.04971520078124998 0.055455734722222164
2 0.9372777441406249 0.5103660618055555 0.07895943671874991 0.03985880972222217
2 0.885612928515625 0.5043005916666666 0.04971520078124989 0.03812581944444449
2 0.7916925507459805 0.5658217986111111 0.20636210319553872 0.31713748611111114
2 0.562640278324638 0.5326964229001041 0.206306962100724 0.185033048577986
