9 0.56782556953125 0.39512211250000007 0.014622117187500016 0.027727866666666597
9 0.5658759546875001 0.42025049444444446 0.012672501562499949 0.019062911111111053
9 0.568312975 0.43584741805555555 0.013647309375000027 0.012130941666666692
8 0.49861421367187503 0.3821246763888889 0.004874038281250037 0.019062911111111133
2 0.8570155703125 0.6481389041666666 0.2849628390625 0.38819014722222217
2 0.702836455859375 0.5675547902777778 0.15596925546875004 0.19236208055555556
2 0.6253392339843751 0.5467588888888888 0.07116097265625002 0.1334403638888889
2 0.597069805078125 0.5276959805555556 0.04581596953124993 0.08838257777777775
2 0.575624033203125 0.5181645263888888 0.04971520078124998 0.06585368611111109
2 0.522009601953125 0.4713737486111111 0.014622116406250019 0.02426188611111115
2 0.46059670624999993 0.44971135277777774 0.010722885937499971 0.012130941666666692
7 0.36262851757812503 0.4999681145833334 0.019496157031250006 0.06065470972222226
