9 0.5517085330638776 0.2634147423611111 0.05166481562499996 0.051989751388888866
9 0.48175291905536566 0.26471834065574573 0.06178677577831646 0.04798329371073527
9 0.13700411099295487 0.3292878102677021 0.02437019609375004 0.05025676249999999
9 0.13892102061933245 0.2755456840277778 0.031193852343749984 0.05198975138888891
9 0.13713276914255362 0.23594875112713004 0.03446280859760722 0.020272150523517656
8 0.45133603242187503 0.3838576659722222 0.005848847656250022 0.015596926388888871
8 0.5239592171874999 0.38299117152777773 0.004874039062500035 0.020795901388888892
9 0.43183987539062496 0.41245203055555557 0.02534500234374999 0.031193852777777743
2 0.2938827607144601 0.4462647512399244 0.03606789140625 0.024261883333333303
2 0.26352010706409035 0.4503826547695351 0.031837828190680685 0.02923396175083792
2 0.20665926406250001 0.4393134013888889 0.07408539843749999 0.06065471111111115
2 0.115514730078125 0.4549103284722221 0.09260674609375 0.06412069583333332
2 0.023904632895707274 0.45423283077483745 0.04780926579141455 0.07059766365634686
2 0.3666428834332417 0.4728708847060811 0.09567421753682366 0.12422616723024246
2 0.43430960170174726 0.4636334321919954 0.015596924218750008 0.05545573472222224
2 0.476284052382959 0.48754753653650157 0.0926567557714284 0.14841925670426548
2 0.5325317434528183 0.4535740786083628 0.016039417598647177 0.02678835999450339
2 0.5767267621005852 0.4629533208928219 0.038273349201170336 0.06118253315438141
0 0.8889778249999999 0.45924280625 0.021539629687500117 0.1005135208333334
2 0.8650694568137052 0.43033323324703066 0.017556420070124368 0.028830435938505792
2 0.8773000080011701 0.4275556597979824 0.015233034366912257 0.022724563355203346
2 0.9235755825869425 0.4231341380040138 0.014512413611385177 0.021364214896916423
2 0.9663530553225517 0.4283735154484273 0.03250650654239688 0.028376989230187947
9 0.46555637423791857 0.2329104108975606 0.021427165146920935 0.01769612457289895
9 0.9428075753906249 0.31898415555555554 0.029003886718749962 0.03515622500000003
2 0.042245286044677824 0.4455103278110621 0.020928858980713488 0.05315265772879619
