8 0.5202736859375 0.18796861319444444 0.009228509375000016 0.046874968055555556
8 0.09642143828125001 0.08953118194444444 0.015820301562499993 0.0562499611111111
9 0.06478083593750002 0.054374955555555556 0.07382807500000002 0.05624996111111111
9 0.083897033203125 0.2489060729166667 0.027685527343749995 0.05624996249999998
9 0.2401225125 0.2196092166666667 0.015820301562499983 0.04453121944444444
9 0.28230998281249997 0.2559373166666667 0.013183584374999979 0.023437483333333335
9 0.518955328125 0.2231248409722222 0.01977537812500003 0.018749987499999992
9 0.519614507421875 0.24656232361111113 0.021093736718750034 0.03281247777777779
9 0.51895532734375 0.2852341729166667 0.027685526562499962 0.039843720833333325
9 0.661338042578125 0.2770310527777778 0.032958961718750054 0.06093745833333332
9 0.6488136375 0.22781233541666665 0.026367170312500042 0.02343748194444445
9 0.6712257308593751 0.20906234861111114 0.013183585156250021 0.023437483333333335
9 0.661997221875 0.1739061236111111 0.031640603125000055 0.056249961111111094
9 0.663315580078125 0.11648428819444444 0.02373045234375004 0.05859370972222223
9 0.08230904191752739 0.196496507937881 0.027996272761063735 0.04578945944920644
9 0.8938983257635298 0.2920097586063285 0.012923612464559753 0.029957411657101456
2 0.020157316387965887 0.3298831941594825 0.038074930955046674 0.04578945944920644
2 0.04087455823115305 0.33312512200877853 0.03023597458194883 0.05125068012866814
2 0.06343474925975306 0.3392285462985897 0.03647600763703227 0.042696517505633164
