8 0.303896346875 0.1914955875 0.008773270312499993 0.010397955555555585
8 0.308282981640625 0.2183569576388889 0.007798463281250001 0.019062912499999977
8 0.9401114761718748 0.29500923055555556 0.031862636718750004 0.10926267777777778
8 0.9453498019531249 0.4236963847222222 0.0286814523437501 0.05584536944444444
8 0.73086218203125 0.47743922222222224 0.005848846875000024 0.013863933333333339
8 0.591952065625 0.4367139131944444 0.011697696874999951 0.02252889305555554
8 0.408688188671875 0.2720797048611111 0.007798463281250001 0.019062912500000015
8 0.8512509511718751 0.06931966875000001 0.018521349218749882 0.03985880694444444
9 0.49252166328125 0.3275354326388889 0.04679077500000002 0.02252889027777777
9 0.33362798632812496 0.23828636180555557 0.015596925781250003 0.02772786250000002
2 0.022910209270136227 0.5413815591509015 0.03347406225264335 0.03268901106620135
2 0.47157826835937494 0.6109369190411569 0.23294913046875002 0.32406945138888893
9 0.9223284669218206 0.1631462419156171 0.014982123625392063 0.04289099881785494
