2 0.822190175 0.7239489173611111 0.35373476249999997 0.34748159305555554
2 0.65555827734375 0.623010525 0.14524637031249998 0.19929404722222221
2 0.576598840625 0.6048141118055556 0.07116097187499992 0.11437745138888888
2 0.54832941328125 0.5892171868055556 0.053614431250000025 0.09011557083333335
2 0.5234718132812499 0.57708624375 0.04094192968749999 0.06931966805555557
2 0.5057221902544567 0.5580467089099165 0.025927348204021074 0.052036498375388616
2 0.2786660376261468 0.5506294526321993 0.060438087499999994 0.05892171805555554
2 0.31468847689977825 0.5522121961354836 0.015380644966772472 0.03736663051064571
2 0.36072929955880584 0.5410066991542463 0.041824020009956754 0.04221836219738135
9 0.605355672265625 0.4618422951388889 0.011697694531249959 0.03639282638888888
9 0.554665664453125 0.4921696506944444 0.017546541406249984 0.034659834722222234
9 0.629238464453125 0.5034340965277778 0.010722886718749968 0.039858809722222256
2 0.3297866131557419 0.5467515257616651 0.024692712575258246 0.039508340120413106
