8 0.40980763945312493 0.16921753333333334 0.01788002890625 0.06918285833333335
8 0.678008078125 0.12808177777777777 0.01998356249999995 0.09162054166666667
9 0.778451772265625 0.29916911805555557 0.02103532890625006 0.022437683333333347
9 0.604910311328125 0.2664474951388889 0.07783071484375004 0.03926594583333332
9 0.6064879609375 0.20567876874999996 0.07888248125000005 0.08601112083333334
9 0.6222644578125 0.15799869027777777 0.038915357812499975 0.024307491666666674
9 0.77897765625 0.3786359138888889 0.011569432812500047 0.016828261111111135
9 0.6722233624999999 0.38798494999999994 0.023138862500000013 0.050484786111111096
9 0.6054361945312501 0.40855282638888885 0.009465898437500009 0.024307491666666674
2 0.5865043984375 0.4609074222222222 0.026294159374999994 0.08040170000000002
3 0.5302348953125 0.4281857993055556 0.09676251250000005 0.17950147083333334
2 0.4503313238281249 0.4415860777777778 0.05364008828125 0.10283938333333333
2 0.47978078359375004 0.43628829791666673 0.0178800296875 0.059833823611111114
2 0.35781782620818825 0.4275284986825071 0.04191876008454361 0.09092920569834746
2 0.38497100628316794 0.43119158315372896 0.023245250775419456 0.06037569694854415
2 0.618583274609375 0.4609074222222222 0.027345925781250013 0.061703630555555514
2 0.6527656839843751 0.46184232569444444 0.06415775234375003 0.08975073472222227
2 0.6811633777343751 0.48614981597222223 0.08098601484375001 0.09722996250000003
2 0.422954719140625 0.461842325 0.08414131484374998 0.10096957777777772
2 0.31882984296875005 0.4450140631944444 0.08624484687499998 0.11966764583333335
9 0.30778629570312505 0.3646123604166667 0.011569432031250004 0.03739614027777781
0 0.78002942265625 0.45903761527777776 0.011569432812499957 0.046745175000000055
0 0.797909451171875 0.47119136041666665 0.015776496093750047 0.08227150694444442
0 0.8110565316406252 0.47025645694444446 0.012621197656249982 0.06544324444444448
0 0.8247294953125 0.4758658784722223 0.012621196875000074 0.06544324583333329
2 0.91838332734375 0.5010498402777779 0.16197202968750002 0.09909976944444444
0 0.8705279570312501 0.5244224284722222 0.05574362031250004 0.26925220416666673
9 0.0174497640625 0.13694121180555555 0.034899528125 0.16166574027777775
9 0.8678985406249999 0.2691937736111111 0.02734592812500001 0.03926594444444444
9 0.8705279562499999 0.21683917916666667 0.026294160937499988 0.04674517500000002
