8 0.248032662109375 0.2219529645833333 0.015820302343750026 0.03515622361111114
8 0.67122573046875 0.08484368333333334 0.010546868750000016 0.06093745833333333
8 0.8017432203125001 0.25476544305555554 0.015820301562500028 0.04453121944444444
8 0.8320654644531249 0.23484358125 0.013183585156250111 0.028124981944444412
8 0.679795061328125 0.08484368472222222 0.00922850859374993 0.05624996111111112
9 0.25066937929687494 0.15867175833333333 0.029003886718750004 0.021093733333333337
9 0.824155312890625 0.21609359513888884 0.029003885156249964 0.02812498194444445
8 0.385801122265625 0.010781238888888888 0.017138660156249985 0.021562477777777776
2 0.39985628828125 0.30042855069444446 0.03206540624999996 0.07023247916666667
2 0.075237068359375 0.29226541527777783 0.15047413671875 0.0820311916666667
9 0.075327703125 0.09304680347222222 0.029003885937500008 0.03046872916666666
2 0.122038793359375 0.4891402819444445 0.24407758671875 0.34453101388888896
2 0.9395116789062501 0.3953903465277777 0.11997062031250003 0.38203098750000003
2 0.54664085546875 0.4117965861111111 0.2887205046875 0.5414058805555555
