9 0.6257624050267554 0.5186600946062672 0.04075775849101086 0.020278439789117267
2 0.5268885675781251 0.6512427541666667 0.01768000234375 0.027754263888888887
2 0.576702070703125 0.6567900986111112 0.01638939921875 0.024280597222222235
2 0.5507521859375 0.6604321854166666 0.038241937499999955 0.05341730694444446
2 0.6047006332031251 0.6713584555555555 0.039607721093750034 0.05098925000000002
2 0.48109722851562503 0.6519339770833333 0.03551037109374997 0.05584536250000001
9 0.3675664578125 0.5886309868055556 0.012292053125000013 0.01456835694444444
8 0.28458751220469913 0.33643860683382515 0.02446493809060164 0.04268570022123852
8 0.5847210099109924 0.5210345134598585 0.01579378483575473 0.031128401919717025
2 0.4131245180972384 0.6213783904335567 0.020988805688969502 0.03950834012041319
2 0.4069513399534239 0.6378401988170621 0.016050263173917844 0.04609306347381532
