0 0.070726151171875 0.37826496805555554 0.016378688281249998 0.06617651666666668
0 0.09335389024764451 0.38213344192661036 0.028396619461546934 0.13169446706804383
0 0.12298514533795438 0.3970308459180709 0.02098880568896948 0.09312002794725298
0 0.16676481953125002 0.39414733124999995 0.023823545312499993 0.09794124305555552
0 0.18817859653280525 0.3996927042023495 0.019004008690610474 0.09657594251656544
0 0.3007722640625 0.4020885138888889 0.01786765937500001 0.06617651666666664
0 0.32608478164062504 0.3994414534722222 0.020845602343750037 0.07147063749999995
8 0.26354797421875 0.16147069861111113 0.017867659374999966 0.03176472777777778
8 0.238979942578125 0.32691198749999995 0.022334574218750004 0.03441178888888889
8 0.6231346164062501 0.2263236840277778 0.013400743750000022 0.034411787500000006
8 0.80225792734375 0.33352963958333337 0.017867659374999966 0.021176484722222198
8 0.594844155859375 0.32161786666666664 0.010422800781249996 0.03441178888888885
8 0.501783430859375 0.3295590479166667 0.011911772656250008 0.023823545833333327
8 0.635790875 0.3533825944444445 0.011911773437499917 0.01852942500000003
2 0.45160509218749995 0.38647085208333337 0.016378687500000044 0.02647060694444442
2 0.4337374328125 0.3891179125 0.022334573437500005 0.04235296944444447
2 0.5810349636089943 0.3840102139234544 0.03580443323412439 0.05331405840246432
9 0.412742923828125 0.2276472145833333 0.02084560234374999 0.0370588486111111
9 0.444011327734375 0.3030884423611111 0.014889716406250031 0.023823545833333327
9 0.79525974296875 0.17735306180555557 0.010422801562499907 0.03705884861111112
9 0.797493200390625 0.2263236840277778 0.02084560234374999 0.05029415138888886
9 0.639662210546875 0.26735312361111113 0.011911772656250008 0.02117648611111112
2 0.40187344960937504 0.39441203402777775 0.05211400546875002 0.06882357638888889
2 0.526947064453125 0.40500027638888886 0.07891549453125002 0.13764715277777775
2 0.6745041367187501 0.41564764983881475 0.06253680781250007 0.08458767810014815
2 0.02084560234375 0.40764733680555565 0.0416912046875 0.08470594027777775
4 0.9026146042968751 0.3745590791666667 0.19356630859375007 0.4261767611111111
8 0.952495153125 0.08444123333333334 0.016378687499999954 0.060882394444444446
8 0.9807856140625001 0.0884118236111111 0.019356631249999978 0.07411769722222221
2 0.6242472106156962 0.4007901580945832 0.05555860329433102 0.06365232574955455
0 0.7896883848699262 0.4073748814479854 0.013580991916392015 0.06804214131848928
