2 0.11710282421875 0.57095499375 0.2292159265625 0.2670431958333333
2 0.29626548320312496 0.5322723283661471 0.07276696015625003 0.0632277321565947
2 0.42820162265625 0.5180314590277777 0.03621564531249995 0.05059036249999996
2 0.5252215273437499 0.5116787888888888 0.025468437500000007 0.037885022222222155
2 0.5785656923514685 0.50923137465294 0.020988805688969416 0.031142146528102266
2 0.33654719375 0.5176849493055555 0.03586371718749999 0.02956879583333334
2 0.37249580615239447 0.5186688593918862 0.02862514707021111 0.03421625489488373
2 0.3939876658514133 0.5153764977151851 0.019754170060206588 0.027631531541481517
3 0.48788515703125 0.4938913090277778 0.010395279687500026 0.017556473611111144
2 0.806050044140625 0.5329775784722222 0.13721769765624997 0.14784398750000002
8 0.54570024140625 0.45646830069444444 0.005717403124999976 0.011088298611111075
8 0.524649799609375 0.4546202493055555 0.0031185851562500312 0.009240248611111133
8 0.4368096671875 0.4823409958333334 0.005197640624999967 0.011088297222222267
9 0.396787838671875 0.4680186118055556 0.006237167968750024 0.008316226388888895
8 0.4505834207031249 0.4550822631944444 0.004677860156250002 0.013860373611111103
9 0.560253634375 0.4721767229166667 0.004677876562499961 0.011088298611111075
2 0.24583139039986399 0.5412642563004966 0.03456979760536152 0.05926251018061966
