8 0.042912377734375 0.1412371347222222 0.01623711484375 0.06804125
8 0.423324810546875 0.25463921666666667 0.006958761718749961 0.043298977777777775
8 0.04233248046875 0.34845366666666666 0.010438146874999998 0.03711340833333329
8 0.4134665632812499 0.25463921666666667 0.010438146874999976 0.043298977777777775
8 0.43318306210937507 0.2536082888888889 0.008118560156249987 0.037113408333333334
8 0.0579897 0.14226806458333335 0.013917528125 0.06597939305555554
8 0.027835055859375003 0.14226806250000001 0.011597939843749999 0.06185567777777777
8 0.5596006074218749 0.3876289298611111 0.01971649765625001 0.02474227638888888
8 0.023195878125000003 0.38865985763888883 0.0208762890625 0.022680415277777793
9 0.31453613867187497 0.39381449722222217 0.016701044531249966 0.008247422222222254
9 0.22384024257812501 0.3721650104166666 0.009278350781250033 0.010309279166666683
9 0.50103101171875 0.38865986041666667 0.009278353125000027 0.014432995833333311
9 0.55554132890625 0.3381443861111111 0.016237115624999986 0.012371136111111111
9 0.6929769179687499 0.32061860833333333 0.019716498437500007 0.02268041666666664
8 0.678363507421875 0.3731959388888889 0.03363402890625 0.03711340833333329
8 0.37681708203125003 0.39793820902777777 0.00347938124999998 0.016494845833333393
2 0.2748908820121175 0.44947214340295005 0.009031833289182644 0.026931683753483544
2 0.26883770382274896 0.4494975572460658 0.013219778369956182 0.028891881158798247
2 0.25984215227312263 0.44997489967583654 0.01989886532926106 0.0339702715738954
2 0.24719878761401856 0.45354502335560737 0.030479973665537185 0.032863099488992575
2 0.22731962499999997 0.46082481597222225 0.013917526562500004 0.035051551388888824
2 0.216881479296875 0.4597938902777778 0.01855670390624997 0.037113408333333334
2 0.199484568359375 0.45876296388888893 0.03247423046875002 0.05154639999999999
2 0.17283789877663022 0.4639176013888889 0.03943299609374999 0.06185567500000001
2 0.13279641328125 0.47574254505863023 0.063788671875 0.06488700956170482
2 0.3509878576940543 0.43529330475077427 0.009550099814603285 0.015068859226909757
2 0.34183817074357775 0.44092528676387843 0.012012651119629458 0.02190412102461789
2 0.31256448515625 0.4412371868055555 0.01043814531249998 0.016494845833333313
2 0.32648201328125 0.44639182638888886 0.024355673437499982 0.03505155277777779
2 0.36415393378427285 0.43176709636072474 0.009235584756045778 0.014077175640823864
2 0.36754753862625716 0.44286006477052176 0.012629189598030121 0.018034565011331063
2 0.3908975544958574 0.4365529710054828 0.009184406633285258 0.017615849655701194
2 0.40016257095065066 0.4429363118554247 0.014140020174934653 0.019893095933071613
2 0.41110504814691307 0.4488931400451607 0.008091888378336697 0.026078665377516016
2 0.4172154106082921 0.4499494823604987 0.01283918766550043 0.02597700583838629
2 0.43066428788325933 0.45158482942251493 0.021008683149403674 0.032761437172085156
2 0.2830832039021917 0.4463470282744351 0.014140020174934653 0.02714883873587455
2 0.44965264156292195 0.46092696018814555 0.03280484680584843 0.03619845164783276
