9 0.6509198917968749 0.18804126805555554 0.03827320234375007 0.07422681666666667
9 0.1592868609375 0.16123713958333336 0.03339477187499999 0.016494848611111106
2 0.35911083757695733 0.3529233275212759 0.010747331403914729 0.019935913375885246
2 0.352577377734375 0.35841929375 0.011597939843750016 0.03917526527777777
2 0.341559334765625 0.3635739326388889 0.010438146093749979 0.04948454305555556
2 0.32382475931706267 0.36846941967846997 0.022973154394865736 0.06311725102962053
2 0.3073881737617305 0.363861747690235 0.0277536463990526 0.08641895262073436
2 0.41204870535530996 0.35726436248500304 0.012920361641354105 0.024059623098107448
2 0.4235445468223529 0.36087178879529397 0.015077321875000039 0.02886598333333339
2 0.4381038770714166 0.3625276622585332 0.024918952580333185 0.03914458285039986
2 0.47029646953125004 0.36903921366245723 0.04523196718750002 0.06453881899158113
2 0.512049053515625 0.37903785138888885 0.06146908203125001 0.10103094444444444
3 0.5958800728562583 0.38111939609573664 0.12787544718663685 0.22606225904533003
2 0.27563792851562496 0.3701456541666666 0.08308954765625001 0.11073798055555556
2 0.3866748888752697 0.3532669657157204 0.012524912125539434 0.019248636986996342
2 0.378250723105966 0.35520781641941274 0.0066430116005680604 0.010244623719741124
2 0.81164877265625 0.3325731333333334 0.37535919531249995 0.5689263444444445
9 0.17834953359375 0.20955193541666664 0.0357600578125 0.020567876388888864
2 0.33206987354067125 0.368333740560331 0.014406502105885987 0.05442456351112474
2 0.3661052347658268 0.35264666048947746 0.006843088500295869 0.015366935579611626
2 0.4471418091114353 0.3680135960690892 0.011165039132061594 0.0435396508088998
