2 0.08243483945312499 0.6129145388888888 0.15837235234375 0.3046524583333333
2 0.7175485796875 0.6605616041666666 0.15349935781250004 0.16604280555555562
2 0.6306468261718751 0.6006418097222223 0.11451539296874999 0.10395723611111107
2 0.580292541015625 0.5862033013888889 0.04304479296875004 0.0866310277777778
0 0.6416110679687501 0.62446534375 0.0324866390625 0.14005349861111113
0 0.8093233265625 0.5833156027777778 0.008933824999999906 0.023101608333333305
0 0.709020837109375 0.5695990236111111 0.012994653906249987 0.012994655555555568
2 0.31512037109374996 0.6352942201388888 0.4401939203125 0.7132621458333332
2 0.853180284765625 0.7609092145833333 0.28669456328125 0.3465241208333332
8 0.4629345671875 0.3811765340277778 0.009745990625000011 0.03465241527777773
8 0.23024903515624998 0.38911771111111115 0.007309493750000007 0.030320858333333374
8 0.8097655501148987 0.38697386544209184 0.012784089726850212 0.04090908712592041
8 0.76209791297682 0.41151280924587136 0.014369372672773295 0.04637664901958879
9 0.918559641015625 0.42593589583333336 0.027613639843749916 0.014438502777777825
9 0.923026554296875 0.4439840298611111 0.030050139843750046 0.010106951388888933
9 0.8877880925405854 0.4771901735521087 0.029056460231329063 0.03320372765977303
9 0.90759540234375 0.4663637125 0.010558157812500113 0.014438505555555597
9 0.9186654350368807 0.534124217594764 0.05501569398873869 0.09509319907841685
9 0.05925305703125 0.09425047638888889 0.04210085625 0.022176580555555565
8 0.8596235000496142 0.4874550102745355 0.011931817078393437 0.03691647621546497
