9 0.9923543871093748 0.16550070972222225 0.013647310156249936 0.03639282500000001
2 0.14280934921875 0.5337614513888889 0.1861882984375 0.22182294166666672
2 0.28951793046874996 0.4999681131944445 0.07213578125 0.0953145458333333
2 0.404057851953125 0.4783057173611111 0.07311058828124999 0.13170737083333336
2 0.48058026835937506 0.4774392215277778 0.04289154609375005 0.06758667638888893
2 0.33094726328124996 0.4921696486111112 0.020470964062499996 0.0623877027777778
2 0.35336784374999997 0.4765727243055556 0.02631981250000002 0.05198975138888894
2 0.45815968749999997 0.4679077659722222 0.011697695312500044 0.0415918013888889
2 0.450361225390625 0.46444178263888886 0.007798463281250001 0.034659834722222234
2 0.536144315234375 0.4618422951388889 0.02924423515625003 0.0329268430555555
