9 0.750838332421875 0.029387747916666665 0.043392847656249955 0.05877549583333333
9 0.621176369921875 0.20204077222222222 0.06095661953124996 0.09918364999999998
9 0.62461809765625 0.27367341180555554 0.027210924999999976 0.04040815694444445
2 0.09487880078125 0.4842856048611111 0.10228314062499999 0.08448977638888885
2 0.3399106421875 0.4040815472222222 0.041326521875000036 0.031224483333333334
9 0.294709758984375 0.3503570701388889 0.012397957031250018 0.012857140277777804
9 0.387694432421875 0.32047733819444446 0.02066326015625002 0.017514576388888908
9 0.387878927734375 0.34386290138888886 0.022729586718750028 0.01285714166666665
9 0.3899452546875 0.33100576041666663 0.022729587500000027 0.012857140277777804
9 0.535104663671875 0.2933527069444445 0.015497446093749988 0.06612243611111109
2 0.5229517281353563 0.37632934048340905 0.018987855391810093 0.01931041804521693
2 0.47777372737553225 0.37318047843721064 0.012440319049806626 0.011640064608006245
2 0.4273108245610274 0.38291282677429955 0.013843572280363236 0.01545549714984094
2 0.4247129914241293 0.39883489727274707 0.022967760359361388 0.03249962750657195
2 0.59045268046875 0.4277270755151234 0.1260458921875 0.1097400204746913
2 0.25669181484375 0.4585276055555555 0.11960091562500001 0.08632651388888893
2 0.4804946125000001 0.4787316833333334 0.13534435937499997 0.21122444722222228
2 0.9332749734375 0.39575884236111114 0.052691315625 0.02571427638888887
2 0.800513522265625 0.3930037458333333 0.03306121640625008 0.023877547222222184
2 0.7886321484375001 0.4040241486111111 0.040293359375000115 0.01653061111111111
2 0.26465141944331855 0.40460865287882747 0.019642609026010494 0.01862410337280988
