2 0.049469619140625 0.4700206680555556 0.03482418984375 0.051745394444444454
2 0.32137008632812497 0.39409661944444446 0.008835988281250007 0.026796722222222197
2 0.384261538671875 0.40703296805555556 0.04210088359375001 0.047125269444444486
2 0.3660438015625 0.38023624722222216 0.022869615624999985 0.03603697222222221
2 0.33844600352616067 0.39070027130906104 0.03429026015505676 0.053268925951455354
2 0.43729478828125 0.4033368680555556 0.0654902640625 0.06930186666666671
0 0.695704121484375 0.3649898340277778 0.010395280468750023 0.05451746805555556
0 0.47532418320312503 0.3759626326388889 0.00623716796874998 0.03210986527777785
0 0.48078170351562494 0.37677115208333334 0.006237166406250072 0.036036970833333334
2 0.18828451093749998 0.4915812472222222 0.25676341874999997 0.3899385083333333
8 0.178279054296875 0.1954312673611111 0.01039528046875 0.04527722083333333
8 0.197510322265625 0.26750520694444446 0.008316224218750024 0.03973306944444444
8 0.18394448203125 0.20513352708333332 0.011954571874999997 0.05913759305555555
8 0.775124086328125 0.18388095625000003 0.011954571093749955 0.04620124583333332
8 0.790457125 0.16401441944444445 0.014553392187499981 0.0877823638888889
8 0.9162552265624999 0.08408626458333332 0.06234125468750005 0.13121153472222222
9 0.62501621796875 0.2635781034722222 0.010915045312500028 0.007392198611111114
9 0.7804256546875 0.23400930555555555 0.02754749375000003 0.04989734722222224
9 0.7849735886718749 0.2437115673611111 0.02286961640624998 0.05636552083333331
9 0.91149285234375 0.18850107916666667 0.005197639062500059 0.042505144444444434
