9 0.91841794375 0.40007784375 0.01186522656250002 0.021093737499999952
9 0.90259764140625 0.4012497173611111 0.014501943750000024 0.014062490277777723
9 0.88084472734375 0.4153122083333333 0.013183584375000024 0.018749988888888916
9 0.8030615781250001 0.42234345208333335 0.010546868750000105 0.01874998750000003
9 0.819541058984375 0.35437474999999996 0.019775375781249948 0.018749988888888878
9 0.795810606640625 0.36492161666666667 0.011865227343750107 0.025781230555555566
2 0.580258997265625 0.5887495881944445 0.015820302343749936 0.02343748472222226
2 0.605307807421875 0.5875777131944444 0.013183585156250021 0.03046872638888887
2 0.679795060546875 0.5922652104166667 0.011865227343749929 0.03515622638888887
2 0.69231946640625 0.5981245826388889 0.015820301562500028 0.05624996249999994
2 0.7621924640625 0.5946089604166667 0.015820301562500028 0.053906212500000016
2 0.783286200390625 0.5992964569444444 0.03955075390624998 0.06328120555555551
2 0.8248144925781251 0.5922652097222222 0.06459956484375003 0.09609368333333335
2 0.886118161328125 0.5981245805555555 0.10019524453125009 0.10781242500000003
3 0.680454240234375 0.5746870986111111 0.026367169531249957 0.0562499638888889
2 0.6409034859375 0.6133589458333333 0.08437494218749997 0.12421866388888887
2 0.726596786328125 0.6039839513888889 0.06328120703125002 0.09609368333333335
2 0.963242131640625 0.5899214625 0.07250971640625004 0.180468625
