2 0.32589821523437495 0.38226536111111115 0.04851558671874998 0.08203119444444447
9 0.4225338890625 0.3435935201388889 0.006591792187500012 0.018749990277777764
4 0.40012179570312495 0.29437480208333333 0.003955075781250006 0.02812498472222222
4 0.394452849609375 0.28124980625 0.00527343359375001 0.02812497916666668
8 0.133022369921875 0.31523415833333335 0.00659179296875001 0.030468727777777756
8 0.18733874179687499 0.27351544097222225 0.009228510156250013 0.03984372638888887
2 0.176132694140625 0.40945284583333336 0.010546867968750017 0.011718741666666609
9 0.67961378984375 0.4000778555555556 0.01713865937500003 0.030468730555555525
9 0.6585200558593749 0.39445286250000006 0.009228510156250013 0.035156222222222214
9 0.88817023515625 0.4331959451388889 0.016237115624999986 0.07216496250000001
8 0.44626434257812503 0.3499216347222222 0.003955077343750002 0.021093738888888918
8 0.22623031171875 0.33937476666666666 0.005273434375000008 0.04218747500000002
9 0.003955075781249999 0.5053121486111111 0.007910151562499999 0.08906243888888889
9 0.002636716796875 0.44320281736111106 0.00527343359375 0.02578123194444441
