8 0.363732874609375 0.23718733055555555 0.016450967968749987 0.08906243611111112
8 0.528183837109375 0.4317184465277778 0.011865225781249933 0.05156246250000002
8 0.6707294561528616 0.3407722091049843 0.012191034180723204 0.06654485709885738
8 0.963901310546875 0.3883591006944444 0.015820300781249942 0.05859370972222225
8 0.947421829296875 0.38015598333333334 0.011865225781249933 0.056249961111111094
8 0.685068494921875 0.34031225972222223 0.011865225781249933 0.07031245277777778
8 0.251328558203125 0.3625778687500001 0.014501942968750025 0.05859370972222225
8 0.26121624648437497 0.37078098819444444 0.010546867968749974 0.05624996249999998
8 0.4530374046875 0.43992156458333337 0.011865225000000024 0.04921871527777778
9 0.4530374046875 0.48530855095253683 0.014501943750000024 0.01811777134951803
9 0.5868507882812499 0.52664025625 0.03955075468749998 0.03515622638888887
9 0.65126908359375 0.5599884416666667 0.01054686718750002 0.021093736111111067
9 0.678295432421875 0.5916290444444444 0.006591791406250014 0.018749986111111148
2 0.7330073085937501 0.60937458125 0.01054686718750002 0.023437484722222183
3 0.764647912109375 0.5999995881944444 0.018457019531250028 0.042187473611111095
3 0.746190893359375 0.5980464402777778 0.02109373515624995 0.04453121944444444
2 0.7214383304138509 0.60976518125 0.017138658593750123 0.02578123194444449
2 0.7728663015070036 0.6166683421569631 0.018700616761158174 0.021058482648947715
3 0.48411292968749997 0.5968048854166667 0.026555371874999966 0.03545187083333335
2 0.20584519179687502 0.6883588944444444 0.41132784140625 0.6210933222222222
2 0.356797236328125 0.60046833125 0.01977537734374999 0.02812497916666672
8 0.3772317921875 0.23601545555555556 0.015820301562500028 0.0632812055555556
