8 0.390686209375 0.21746233055555556 0.014345882812499999 0.045906824999999984
8 0.51071342890625 0.2514673868055555 0.015302275000000077 0.05270783472222224
9 0.2564725109375 0.25192078819444447 0.020084235937500017 0.04250631805555554
9 0.6232489289062499 0.22811725069444444 0.01912784375000003 0.04590682361111113
9 0.787907803125 0.15358950416666667 0.03729929531249994 0.030604549999999994
8 0.80273188359375 0.2762910763888889 0.021040628125000092 0.035705308333333366
8 0.01004211796875 0.3063288833333333 0.0200842359375 0.039105813888888875
2 0.47303158242187493 0.3910581368055555 0.009563921093749973 0.017002526388888918
2 0.49550679999999997 0.3825568750000001 0.012433099999999975 0.020403033333333317
2 0.4600246421875 0.4026198645833333 0.021040628125000006 0.03060455138888882
2 0.41077044570312504 0.40687049583333335 0.03347372734374998 0.03570530833333328
2 0.5298412730468749 0.39411859861111115 0.030604549218749978 0.04080606666666671
9 0.63791358984375 0.29890443680555556 0.01912784375000003 0.023803540277777795
