2 0.9539573574218749 0.5231725701388888 0.09009532265624998 0.26999994861111115
2 0.8050855640625001 0.45224038055555554 0.08408896718750007 0.04271185555555558
2 0.23398706583913792 0.4582437244924139 0.012870760156250017 0.016779658333333378
2 0.21002741249999998 0.4560539375 0.011154657812500001 0.01983050555555555
2 0.277793908984375 0.45228804861111105 0.019735166406249994 0.015254236111111099
9 0.3417186859375 0.42940669722222224 0.017161015624999987 0.015254236111111178
9 0.33007243124999996 0.4202541583333333 0.018877115625000006 0.03203389166666671
2 0.71847444921875 0.4438982201388889 0.049766940625 0.0549152458333334
2 0.6197986191406251 0.45228804999999994 0.06177964921874999 0.05338982222222223
2 0.58933782109375 0.45686432152777773 0.059205498437500025 0.047288126388888845
2 0.5863346425781251 0.43855923888888887 0.03088982421875004 0.013728811111111048
2 0.56617045234375 0.45991516875 0.05577329531249999 0.03813559027777779
2 0.563167274609375 0.43855923750000003 0.020593216406250024 0.016779658333333378
2 0.53570965234375 0.44008466180555555 0.042902532812500026 0.019830506944444437
2 0.5387128296875 0.45686432083333334 0.04547668593749998 0.03203389444444448
2 0.51597448671875 0.4393219479166667 0.027457621875000005 0.021355929166666638
2 0.5271291449218751 0.4576270326388889 0.054915241406250016 0.02745762083333337
2 0.49366516914062497 0.4416100868055556 0.030889825781249946 0.019830506944444437
2 0.496239321875 0.4591524548611111 0.03432202812499998 0.024406776388888888
2 0.4715574032435397 0.45221180230211083 0.025749351285730526 0.0360732677101028
2 0.45290776171875 0.45533889791666665 0.01801906406249998 0.02288135138888892
9 0.748935248046875 0.30584740208333333 0.028315672656249992 0.1510169208333333
9 0.93508024140625 0.4118166597222222 0.011154659374999909 0.032033891666666627
9 0.8651491113281249 0.32334209861111113 0.013728810156249872 0.047288127777777765
9 0.033268971875 0.3912234423611111 0.02488346875 0.012203387499999963
2 0.24317156367187504 0.45076262638888887 0.012012708593750032 0.013728808333333358
