8 0.701347917578125 0.5196231069444445 0.010029489843750027 0.02801889166666669
8 0.7531215836808739 0.49392229680049315 0.007550782986747784 0.017372024156541953
0 0.416940233203125 0.5361797284722222 0.011462274218750058 0.030566062499999998
2 0.6119394440848112 0.5430637809364215 0.017095076873744387 0.01833888322863607
2 0.747197014453125 0.5374533118055556 0.01719341015625 0.022924545833333334
2 0.7723779045917756 0.5505543339435122 0.019599373962806598 0.027702074487499416
2 0.724272466015625 0.5502925487880753 0.01719341015625 0.028225644798373
2 0.7032302336057455 0.549487121545463 0.023064761807235268 0.03358177578714311
2 0.28154211679687496 0.5336325534722223 0.14900956953124997 0.10698123194444441
2 0.570964545703125 0.5463684180555556 0.04011796015625002 0.05094344166666668
2 0.6679287155510606 0.5540177549042075 0.040999847085499044 0.061973274105107064
2 0.7502998237719667 0.5548432518397887 0.031046775893566546 0.03223270645735504
