8 0.3741438281295039 0.31580550529348494 0.011544501571507881 0.026687789400328774
8 0.640853369140625 0.273970775 0.011911772656250008 0.05029415277777779
8 0.027545974609375003 0.40235321597222223 0.01637868828125 0.02647060694444442
8 0.6296861050781251 0.273970775 0.013400744531250019 0.04500003055555556
8 0.8709448215481806 0.3798522447380785 0.008726696221361685 0.02382163392060145
8 0.047647091015625004 0.4063238069444444 0.020845602343750002 0.029117666666666667
2 0.453987455859375 0.5082356409722222 0.031268403906249985 0.0370588486111111
2 0.4279304527343751 0.5082356409722222 0.017867658593749967 0.0370588486111111
2 0.40336242109375 0.5069121111111111 0.04318017656249999 0.045000030555555605
2 0.37953887539062503 0.5055885805555556 0.02829046015625001 0.04235296944444447
2 0.8683682578124999 0.5254415347222222 0.14591921718749995 0.15088245555555552
3 0.680739867347003 0.44459406241930677 0.1587486814718428 0.22212884706083563
3 0.8974032039062501 0.4698532618055556 0.16229790468749988 0.14029421250000004
2 0.10061556223908821 0.5081435360838886 0.03873916602328131 0.05750939403022765
2 0.35199290078125 0.5055885805555556 0.04466914843750001 0.047647091666666655
2 0.5157797773437499 0.5175003527777778 0.09827212656249999 0.1191177277777778
0 0.183143507421875 0.5055885805555556 0.014889716406249986 0.0741176972222222
2 0.9498149999999999 0.5479415506944444 0.0997610968750001 0.1641177597222222
