8 0.443342625 0.38922995069444444 0.009748076562499985 0.010397948611111159
8 0.48915859492187497 0.42735577013888887 0.005848847656250022 0.013863937499999994
8 0.576891299609375 0.4048268770833333 0.005848846093750026 0.013863934722222224
2 0.4645450502329867 0.46646443787662456 0.01325812859097324 0.02310821741991565
2 0.44782671835937504 0.46998735277777776 0.015596925781250003 0.02079590555555555
2 0.594827758984375 0.4802120166666667 0.03704269765625003 0.06412069444444445
2 0.5675331375000001 0.4819450083333333 0.02144577187500003 0.0259948777777778
2 0.5485243875 0.4732800527777778 0.006823656250000009 0.015596930555555527
2 0.529515634765625 0.47587953819444445 0.03899231328125001 0.05545573750000001
2 0.666573621875 0.5070733902777778 0.08578308906250003 0.10397950277777782
2 0.3621178699165057 0.48075151931420007 0.024777454526030952 0.040058124525139266
2 0.318185205078125 0.4992227381944444 0.09359738203125004 0.09174418194444445
2 0.282109398046875 0.4845444972222222 0.040941928906249994 0.051989755555555524
2 0.20480713164062497 0.4854109916666666 0.07895943671874998 0.0814506083333333
2 0.12289268448230609 0.5058414407493227 0.12295957833961216 0.09458364260975627
2 0.01472418650007463 0.4916542248038968 0.02944837300014926 0.13206288849668266
7 0.417705161328125 0.4854109798611111 0.02047096484374995 0.015596926388888871
8 0.5608069558593749 0.42787567361111106 0.004874039843749944 0.01906290833333336
2 0.049294022257218885 0.5127306499466181 0.05249494319611966 0.10356725920535265
2 0.3783476905841153 0.4768804448370729 0.025607289363960818 0.04552406998037479
0 0.7688818697019615 0.4844173096647967 0.011116364381233267 0.06060477173768604
