9 0.14318214375 0.28953947638888894 0.0769366765625 0.16697368333333334
9 0.393975730078125 0.31973684375 0.016986019531249986 0.04263157916666667
9 0.61529357578125 0.27532894930555557 0.013988489062499988 0.014210526388888903
9 0.600305912109375 0.27621710625 0.009991775781249945 0.01953947361111111
9 0.7751619984375 0.2771052638888889 0.017985196875000043 0.0319736861111111
2 0.537357721484375 0.3303947388888889 0.01598684140624993 0.028421052777777768
2 0.52286964609375 0.3348355284722222 0.010990954687500044 0.0337500013888889
2 0.5008877375 0.34105263333333335 0.03297286249999996 0.049736841666666684
2 0.61279563203125 0.3499342111111111 0.03896792812500003 0.060394736111111055
2 0.38648189765624996 0.3463815819444444 0.0439638171875 0.0319736861111111
2 0.36150245625000005 0.3339473694444444 0.0399671046875 0.056842105555555536
2 0.322034940625 0.34638158055555557 0.05895147968750001 0.06749999999999995
2 0.260085926953125 0.36325658055555554 0.10491365234375002 0.10480263055555557
2 0.11137820039062499 0.41664456180555554 0.21448370859374996 0.1867101763888889
2 0.4564243324218751 0.35792763333333333 0.07194078984374999 0.12967105277777777
2 0.566333873046875 0.36503289583333337 0.07194078984374999 0.10480263055555557
2 0.714212162109375 0.3863486875 0.09592105234375001 0.10125
2 0.836111833203125 0.5009210555555555 0.32773026484375006 0.34105263333333335
