0 0.55259909609375 0.30306135833333336 0.007748726562499986 0.018367352777777807
0 0.5728318859375 0.32066340833333334 0.013775517187499985 0.05357145277777779
0 0.578858673828125 0.3244899423611111 0.010331635156249953 0.05510206805555554
0 0.565513641796875 0.32219402152777776 0.01808036484375002 0.053571451388888906
0 0.590051282421875 0.3405613777777778 0.017219396093750026 0.06275513055555557
0 0.621046192578125 0.35510220000000003 0.013775516406249988 0.11632658333333332
0 0.610714555078125 0.3650511840277778 0.018941335156250006 0.11785719583333333
0 0.76281921953125 0.38367363819444444 0.013775517187499985 0.18367355138888888
0 0.8282529226562498 0.36709200138888887 0.015497456249999963 0.13928577777777776
0 0.816629831640625 0.3770409854166667 0.03357782109375007 0.18673477916666667
0 0.83987601484375 0.36556138958333334 0.028412004687499957 0.14846945416666668
0 0.8945475957031249 0.3977042618055555 0.0396046101562499 0.23112255416666672
0 0.793814131640625 0.3778062930555556 0.05854594453124999 0.26173481111111113
0 0.9612727523437499 0.4260205986111111 0.07490437031249986 0.4224491694444445
0 0.689541123046875 0.3950097402777778 0.04304848828125003 0.19132661666666673
0 0.638743907421875 0.3766423833333333 0.04132654921875005 0.2341837777777778
2 0.571588263671875 0.3804689173611111 0.07576534140625002 0.1622449708333333
2 0.909471053515625 0.36286686736111107 0.12053576953124985 0.12704087083333332
2 0.7639671628906249 0.35904033472222224 0.22729602109375008 0.17448987222222223
2 0.273940834375 0.3913267020833333 0.54788166875 0.7826534041666666
8 0.9714491941406249 0.17020725694444444 0.030165155468749916 0.055958549999999996
8 0.024263277734374998 0.12007772291666667 0.011803757031250004 0.06761658194444443
