9 0.07965916992187501 0.25600333472222225 0.013765105468749993 0.019373111111111087
2 0.263623265625 0.3349508854166667 0.015485743750000003 0.0275302125
2 0.280829645703125 0.33851961597222224 0.021221203906249996 0.034667673611111144
2 0.29230056640625 0.3390294354166667 0.013191559375000005 0.03772658194444448
2 0.300043437890625 0.34157852916666664 0.012618013281249984 0.055060419444444425
2 0.30663921796875 0.34463744166666666 0.018927018750000003 0.07137461666666667
2 0.5091583265624999 0.37369710763888886 0.055060420312500025 0.1315332236111111
2 0.843593033984375 0.4404833569444444 0.2621105398437501 0.19984893055555555
2 0.21716603554687497 0.32220541874999997 0.03842758515624998 0.05302114583333335
2 0.209709937890625 0.33138215555555556 0.026956664843750013 0.050981869444444425
2 0.038793219140625 0.3043617631944444 0.07742871484375 0.06627642916666668
2 0.0476831828125 0.3548338152777778 0.0952086421875 0.14478851111111116
2 0.146906646484375 0.3369901618055555 0.11700339140625 0.12337612638888887
2 0.6060302585937499 0.37063819583333335 0.12445949062499997 0.1356117722222222
2 0.40150373359374997 0.440993175 0.2196681328125 0.37216764999999996
2 0.914805929296875 0.6280966388888888 0.16862253515625003 0.26102717499999994
2 0.09375790189623508 0.3228987367022577 0.04755639453307009 0.0780412628234996
