0 0.06679265976562501 0.4446679513888889 0.03359002578125 0.11729850000000003
9 0.274331030078125 0.39881490138888886 0.021593586718750002 0.02985779999999999
2 0.2776632073440358 0.44612634360372677 0.03511196722073735 0.0775807275734386
2 0.258135837890625 0.4499997006944444 0.03958824609375 0.07677720138888888
2 0.22814474453124997 0.45853050138888896 0.07077898125000001 0.08104259999999996
2 0.17416077421875 0.47452575069444447 0.10916758125 0.10023689861111112
2 0.316318559375 0.4499997020833334 0.052784324999999965 0.08104260138888884
2 0.34255062261174263 0.44512419493720395 0.012679436474434924 0.026081074855837095
2 0.42738104656025155 0.45439075563840137 0.020584822808003 0.05570150849902483
2 0.4456990504718501 0.45236847110963563 0.01203838876139569 0.02586024252447948
2 0.4545132041492973 0.4523173961859377 0.012467664548594737 0.02596239237187537
2 0.4672391497042443 0.4603429886935348 0.014102148151841121 0.02774585737356369
2 0.47935478556884237 0.45962587438629104 0.017960450199234847 0.03274701599142773
2 0.4934329519057514 0.46381328813924544 0.02792568193650293 0.04042337350071313
2 0.5214405797622979 0.47129638314431016 0.034108768157287715 0.04685876351084251
2 0.5503473153120252 0.48536386888804467 0.03478966874999996 0.051184799999999975
2 0.5841405212279002 0.484470841140024 0.05718234661662933 0.07223033256837388
2 0.6197998298654627 0.5030902144133029 0.07013245067127398 0.0724443510572693
2 0.39489522578124997 0.45639780138888886 0.05638325624999996 0.08530800000000001
0 0.7067367910679634 0.49421018010943557 0.018648814007128235 0.08128709465656275
2 0.8471609203125 0.5598337513888889 0.2027397937499999 0.1770141
2 0.9146916740722606 0.5124045608057763 0.07336073279978095 0.07639165841310426
2 0.3491411406148225 0.44345114610119446 0.009530391102771586 0.029427172527856035
2 0.29271119329578044 0.4282916935868444 0.014044786888294913 0.022293312521103083
2 0.46149943572118196 0.4572729998642784 0.011536789229670852 0.02675197502532372
2 0.9669349506058775 0.5160161452707144 0.05602647648141499 0.07470196864188705
