2 0.013647309765624999 0.5939443706139409 0.027294619531249998 0.10917847916666672
2 0.13111165546875 0.6037583034180235 0.227130228125 0.22317730683604703
2 0.31486293437499996 0.5346279479166667 0.03509308281250001 0.039858809722222256
2 0.39252378932702847 0.5305309698136768 0.03736642160258814 0.05852308058160334
2 0.6833403 0.5233635013888889 0.1364730984375 0.10397950277777782
2 0.790081758984375 0.5172980298611112 0.07700981953125004 0.053722743055555515
2 0.518597773828125 0.5276959805555556 0.12087617265624999 0.08491659444444445
2 0.9006087334356365 0.5571709196315853 0.19713861750372655 0.25472162462571846
9 0.4523566471030026 0.4416412641178275 0.01373892233100511 0.029846312434010733
2 0.35327273006141136 0.5296550350375379 0.020755751067682127 0.027757757290756045
2 0.42501622070312506 0.5112325590277778 0.013647310156250026 0.017329918055555518
2 0.42102361033357083 0.5181846935253533 0.013158590008686133 0.015053905048112961
2 0.4308650679687499 0.5146985423611111 0.007798462500000003 0.017329918055555598
2 0.44369070601657484 0.5201709518424754 0.013934377461895586 0.02717631259977785
