2 0.5394789968611077 0.5836313348115708 0.019630104659715375 0.03567481406758609
2 0.5542354156249999 0.5886753041666667 0.018721120312499995 0.0416025
2 0.5704626724044614 0.5939304414128737 0.03393203437499999 0.05408324166666666
2 0.5992790806387929 0.606788146245499 0.06138976376409442 0.08133218654778002
2 0.5159001992901293 0.5855551159722222 0.017551053906250048 0.014560873611111053
2 0.506262541015625 0.5824349277777778 0.016380982031249935 0.016640997222222214
2 0.4670651890625 0.5793147402777779 0.012870770312500035 0.03120187222222223
2 0.45711959531250007 0.5772346152777778 0.009360562499999947 0.03120186944444438
2 0.443078753125 0.5741144298611112 0.028081684374999936 0.04992299305555561
2 0.42552769999999995 0.5824349277777778 0.028081684375000027 0.04992299444444441
2 0.32958194453124995 0.6063563604166666 0.05148308593749999 0.09360560694444449
2 0.28336417421875 0.6188371125000001 0.07605456093749999 0.11856711111111108
2 0.18566331484375 0.6385982944444445 0.14040842031249998 0.17057022777777778
2 0.073921615234375 0.690601413888889 0.14625877421875 0.26625596666666657
2 0.396275943359375 0.5917954881944444 0.04446266328124997 0.05616336805555551
2 0.67241250390625 0.6469187930555556 0.13338799999999998 0.15392923055555557
2 0.4815581106733907 0.5782665327951722 0.02276634925372134 0.03217081167747075
9 0.111948897265625 0.3671420180555556 0.023401407031249998 0.04368261944444443
9 0.109608755078125 0.4160249458333333 0.023401403906249996 0.05408324166666666
2 0.5710037205259125 0.602016188246245 0.02371127223816929 0.048175283277550246
