8 0.29791149960937496 0.36282145208333333 0.01775518515625003 0.038848951388888865
8 0.492535645703125 0.37374771875 0.010926267968750025 0.03642089305555554
8 0.482975159765625 0.37253368749999993 0.010926266406250029 0.043705072222222204
8 0.269230046875 0.48665248680555556 0.012292050000000021 0.029136715277777763
8 0.08894662812500001 0.47815427777777775 0.012292051562500007 0.026708652777777786
8 0.606578565625 0.4453754743055556 0.01502361875 0.029136715277777763
9 0.377126940234375 0.34461100555555557 0.03414458671874998 0.0752698444444444
9 0.382590075390625 0.48301039652777783 0.020486750781250018 0.031564773611111166
9 0.38327296523437504 0.5157892013888888 0.019120967968750024 0.02913671388888888
9 0.5942865140625001 0.4101686111111111 0.01775518437499999 0.05098925000000002
9 0.658478337890625 0.3506811541666667 0.02048675234374997 0.024280597222222235
9 0.637991584765625 0.37253368749999993 0.017755185156249985 0.01942447499999997
9 0.09236108750000001 0.4429474152777778 0.032778803125 0.024280597222222235
8 0.661209903125 0.3980283131944445 0.02048675156249997 0.04127700972222222
9 0.280037325183992 0.46979777920568255 0.017517205055483976 0.014851777855809524
2 0.51643685546875 0.5048629319444444 0.012292051562499929 0.026708655555555558
2 0.52053420625 0.5060769618055556 0.012292051562500017 0.03399283194444449
2 0.52872890703125 0.5097190506944445 0.012292051562500017 0.04127700972222222
2 0.5348749328125001 0.5097190506944445 0.016389401562499996 0.036420893055555584
2 0.551264334765625 0.5121471125 0.035510369531249975 0.05098925000000002
2 0.5942865140625 0.5267154666666667 0.05053398906250006 0.09955043888888887
2 0.64072315234375 0.5352136749999999 0.09150749375 0.14568356944444447
2 0.732913536328125 0.5497820319444445 0.18028341953124993 0.2330937138888889
2 0.4189506371675213 0.5215252661320942 0.016724002460042707 0.03311829036820887
2 0.39215056015625 0.5230733777777778 0.028681453125000013 0.04856118888888885
2 0.36267655288943496 0.5326579073336292 0.027096346403869865 0.04830577300059191
2 0.33165621037946375 0.5396803007777767 0.0470026707589275 0.062350559888886894
2 0.22825654257812503 0.5424978548611111 0.03687615390625001 0.0534173125
2 0.18455147187499998 0.5485680027777778 0.055997121874999986 0.06555760833333335
2 0.13905382031250002 0.5484523902777778 0.0513875828125 0.07018250000000002
2 0.08741014140625 0.5592630486111111 0.079215440625 0.10197850000000004
2 0.8735892339843749 0.6280002479166666 0.25130415859375 0.3957737013888888
2 0.4296826961849424 0.5188898692355289 0.015273705741020738 0.02902589290247622
