9 0.34622345039062496 0.3180507888888889 0.042044483593749994 0.04423728055555556
9 0.389984036328125 0.2966948597222222 0.016302963281250006 0.010677961111111106
9 0.38440670624999995 0.3165253631944444 0.0308898234375 0.028983045833333342
9 0.42902534296874995 0.31652536388888886 0.05834744687500004 0.05033896944444444
9 0.5731778582031251 0.3172880756944444 0.01716101328124999 0.012203387500000003
3 0.3745391234375 0.3973728069444445 0.02145126875000001 0.04423728055555556
2 0.40156772109374994 0.41796602361111107 0.032605926562499964 0.054915244444444435
2 0.4127223796875 0.4301694104166666 0.04461863437499995 0.06711863472222225
2 0.458628091796875 0.44237279583333333 0.07121820703125001 0.09762710000000002
2 0.488659866015625 0.39508467013888887 0.03518007890624997 0.012203387499999963
4 0.5701746796875 0.4019490756944445 0.10039193124999998 0.16016945694444445
2 0.5246979933593751 0.4652541493055556 0.13299785703125 0.15559319027777774
2 0.32916968046874995 0.4574091138888889 0.10983048749999998 0.17084742499999994
2 0.763098183984375 0.45664639930555556 0.20078386015625008 0.16322030694444445
