9 0.574876116796875 0.5639946208333334 0.02775122578125 0.020182711111111078
4 0.33583714414062504 0.6346341027777778 0.30400206953125003 0.16594672777777772
2 0.544543542621072 0.6717161170451733 0.026081257557310077 0.03885839638822285
2 0.711230287109375 0.7718017875 0.20813419609374995 0.23995000000000002
2 0.13854588671875 0.7650742104166666 0.2737280046875 0.3789864430555555
2 0.8714305453125 0.8132884652777778 0.25606813437499987 0.36777382499999994
2 0.40311905742187504 0.7950244243055556 0.34876336484375003 0.40749154305555557
8 0.36915713749999995 0.48778925416666663 0.012870771874999987 0.0228813722222222
8 0.249809981640625 0.5553933041666667 0.017551053906249958 0.02080124722222223
8 0.4475031120177329 0.4935087442869903 0.012305297472965826 0.02183960524064735
8 0.733256153125 0.4378662576388889 0.01872112187499999 0.031201870833333346
