2 0.57562973346899 0.40996950750196154 0.010857399750480301 0.019459978892811827
2 0.52572879765625 0.4097371604598503 0.020084235937500063 0.028904297222222257
2 0.42916903515625 0.42965388541666666 0.10329035624999997 0.1132368208333334
9 0.5537510765625 0.3691248888888889 0.007651137500000083 0.008501263888888862
9 0.55327288046875 0.38442716319444453 0.008607529687500027 0.011901768055555569
9 0.599657902734375 0.3869775423611111 0.009563921093750061 0.017002526388888838
9 0.578521629296875 0.2955039381944444 0.048776000781249974 0.06460960694444443
9 0.53070201875 0.3048553298611111 0.04303764843749995 0.059508848611111116
2 0.5436512380645588 0.40728584992222455 0.011970302489494867 0.021280537759101985
2 0.5548733966484602 0.40551247177563265 0.01645916592305543 0.02837405034546939
