2 0.346421160546875 0.6225298027777778 0.07003460078124997 0.08003954444444443
2 0.430962930078125 0.6240416541666666 0.05502718828124999 0.05816206111111113
2 0.5063751898437501 0.6109685333333333 0.030264953125000014 0.04268775833333333
2 0.9074485935029728 0.561934452836228 0.051192142640235264 0.062008535468995436
2 0.9671469241387474 0.5794247086654325 0.026850970010180043 0.03592210461914726
8 0.674083050390625 0.5709487604166666 0.013006425781249931 0.01600790694444443
9 0.57203263046875 0.2721344548611111 0.0410202671875 0.026679851388888863
9 0.382939204296875 0.36195661458333334 0.14307068828125002 0.13873521250000004
9 0.533933657214709 0.3557652166683125 0.129224143383082 0.14400337221893053
2 0.13793460275667385 0.6332106626114323 0.045377963308984116 0.060183824353361594
