9 0.28805571875 0.44624536875000004 0.012672503125000035 0.012130940277777806
9 0.295854180859375 0.47830571805555555 0.022420580468750017 0.017329916666666632
9 0.8943861988281251 0.33446740416666665 0.022420580468750017 0.03465983611111112
9 0.90120985390625 0.36132877499999994 0.03801750468749994 0.022528891666666655
9 0.8919491789062501 0.38819014513888894 0.017546540624999985 0.020795901388888892
9 0.8846381203125 0.4150515194444444 0.041916737500000065 0.0329268416666667
9 0.9933291949218749 0.32320295625 0.00974807890624998 0.06412069305555555
9 0.072135780078125 0.3535303118055556 0.03314346796875001 0.1178434375
8 0.052639623828124996 0.3968551041666667 0.015596925781249993 0.055455733333333354
8 0.868066386328125 0.49043666041666667 0.01462211640624993 0.0415918013888889
8 0.28659350625 0.5103660625 0.011697693750000005 0.02599487500000003
8 0.011697694140625001 0.4575098159722223 0.01169769453125 0.034659834722222234
8 0.026319811718749996 0.4575098159722223 0.019496157812499998 0.034659834722222234
8 0.279769851953125 0.5060335826388889 0.011697694531250002 0.020795901388888892
8 0.905360830617591 0.4900919817320269 0.027294619531249963 0.04436843013072046
8 0.38309948359375 0.3881901479166667 0.00584884687499998 0.034659834722222234
8 0.5078420815825266 0.4260295543679351 0.007698465012392663 0.03262951163357152
8 0.38748611875 0.38905664236111115 0.006823654687500014 0.03985880972222217
8 0.4983648698377231 0.5068544258838563 0.0053727259495538245 0.015505618434379424
8 0.5166481578125 0.5077665756944444 0.007798464062499999 0.020795901388888892
2 0.49276536562499995 0.5502248722222222 0.008773271874999988 0.015596927777777757
2 0.4830680859914539 0.5619548846535382 0.020155752645652125 0.0333321025099084
2 0.456210071875 0.550224873611111 0.019496156249999962 0.012130944444444462
2 0.46357864345266897 0.5675333274807165 0.016357347035361337 0.025796574797381074
2 0.4377747992963288 0.5604848291632332 0.019076703133343552 0.029029497606859186
3 0.42303334299391004 0.5414726999686283 0.009177348120785389 0.054982562856637114
3 0.40064602460937504 0.5398269229166666 0.05069000859374997 0.09184856250000001
3 0.38294688356649137 0.5549243265019568 0.04589397167366882 0.08964239480108149
0 0.3571191741820465 0.5647700518223308 0.007798464062499999 0.046790776388888844
0 0.347818484958622 0.545249432518954 0.005473016792243923 0.016043995593463638
0 0.274408408203125 0.5554238486111112 0.008773269531250039 0.022528894444444506
0 0.2661225421875 0.5606228229166667 0.00584884687499998 0.032926843055555585
0 0.276845428125 0.5684212854166666 0.01754654218749998 0.03465983194444446
0 0.252475232421875 0.5710207736111111 0.011697692968750006 0.06065471111111115
0 0.259298887890625 0.5831517152777778 0.007798464843749997 0.0745186444444444
0 0.21055849453124997 0.5796857326388889 0.011697693750000005 0.08491659583333333
0 0.13901432163118893 0.587143571658279 0.017546541406249984 0.09184856527777778
0 0.049668162859125245 0.5434141809171702 0.018810477133936555 0.04010136183434033
0 0.034118275390624994 0.5432929048611111 0.02144577265625 0.03985880972222217
0 0.015596925781250002 0.5320284597222221 0.0194961578125 0.04852376666666668
0 0.01169769453125 0.5363609395833333 0.0233953890625 0.04332479305555555
0 0.12929655166726803 0.5812442224346485 0.02658883458453607 0.09843152264707476
0 0.15607520285485826 0.593160039576695 0.017166832125402532 0.11202058709521963
0 0.20422224296875 0.5857512027777777 0.01462211562500002 0.0831836027777778
0 0.23054205546875 0.5779527388888889 0.01657173125 0.07105266111111111
0 0.2505256171875 0.5892171854166667 0.007798462500000003 0.07625163194444448
0 0.27635802421875 0.5857512020833333 0.012672501562500039 0.0693196652777778
0 0.8622687601001564 0.6497049469024492 0.019756441089475985 0.10638539709526593
0 0.7874887581929763 0.62459314308725 0.016826097924284335 0.09093160442290195
0 0.8436961910156249 0.5909501791666667 0.006823653906249838 0.017329916666666632
0 0.8318161344802135 0.6198975690379893 0.0162070095854272 0.0821566630759786
0 0.8491568436815408 0.6514516862722036 0.02554342330058148 0.11546844181798824
0 0.813477147265625 0.6446729222222222 0.020470964843749863 0.14557130555555553
0 0.963597556640625 0.6724007909722223 0.030219042968749932 0.15943524027777783
2 0.49149009539528254 0.5760220063304426 0.027076895331251016 0.04141143857439415
0 0.5078079891638551 0.567931198161157 0.0059190182467616205 0.02911878129832917
2 0.32237630186988325 0.6127220565273865 0.0828385629193495 0.12614396830706048
2 0.6380117343749999 0.61781155 0.295366778125 0.5250964944444445
2 0.07749722382812499 0.6753010229166666 0.15499444765624998 0.25414829027777774
2 0.4479380193440294 0.583712907262577 0.03609551681305882 0.05137914230293185
2 0.94020216796875 0.6282095013888889 0.11405251874999997 0.1126444638888889
2 0.951412458203125 0.6429399284722221 0.09163193828124996 0.11437745416666666
2 0.4552914550785937 0.5493482925453705 0.015277603817093154 0.012674752796403272
3 0.46004448737724485 0.5396913380338252 0.01188258074662798 0.01508899142428951
0 0.9942863735606661 0.6724071129533554 0.011427252878667638 0.1601309161559682
9 0.9899171298129404 0.3718628934516687 0.020165740374119067 0.025095143576681602
