9 0.6844919488281249 0.21656242430555556 0.01054687109375001 0.039374987499999986
9 0.85113251484375 0.2793749020833333 0.010546871875000008 0.03749998749999999
9 0.867480164453125 0.29343739722222223 0.013710932031250067 0.03562498888888888
2 0.4531071390220787 0.3823986712073201 0.015230849844409455 0.015333328525751236
2 0.4297850054687499 0.3868809317686612 0.03269530000000005 0.04679784409287804
2 0.4212836720250709 0.3971868603973473 0.024130129987641878 0.04115970412802794
2 0.40547999350402186 0.39793226022909417 0.017835265133043787 0.050150506569299425
2 0.39965787311071754 0.4037395036875986 0.014318617160974111 0.050514993486308175
2 0.5353062206843997 0.4011223857220642 0.011706561681299554 0.03778076866635058
3 0.5146873203125001 0.3784820048611111 0.016874993750000032 0.03749998750000003
2 0.3713943113033816 0.4021760775334054 0.054842580419263195 0.07610242173347746
2 0.48266437968750003 0.40349985277777783 0.05800779218749996 0.09374996666666667
4 0.5644426422356836 0.3811767422399812 0.0671403842688199 0.12558795096658668
2 0.45082587267125723 0.3934344218610131 0.011370666569008847 0.026204005261913306
