2 0.064893159765625 0.5193301826388889 0.12978631953125 0.09428920694444448
2 0.2213543125 0.5205318847222222 0.09297193125 0.0848602861111111
2 0.17518033359375002 0.5169267090277778 0.033070553125 0.05324566805555549
2 0.34646083671875 0.5174813520833333 0.034942470312499994 0.03882496805555557
2 0.384523170703125 0.5147081395833333 0.041182197656249954 0.039934251388888876
2 0.59355402265625 0.50527921875 0.011231507812500041 0.01442070138888888
2 0.605409503515625 0.5041699347222222 0.009983563281249986 0.014420702777777766
2 0.57109100625 0.5080524305555555 0.009983564062500071 0.014420699999999995
8 0.571870971484375 0.46911652777777785 0.005615753906250021 0.014420699999999995
8 0.59277405703125 0.4718897409722222 0.004991781249999949 0.013311418055555574
9 0.64653971640625 0.4753285291666666 0.006863699999999984 0.014420699999999995
9 0.666194855859375 0.4298478534722222 0.01622328984374999 0.032169256944444495
9 0.6674428011718749 0.46978210625000005 0.017471235156250042 0.036606398611111104
