8 0.6879151206511694 0.45733969239966943 0.005197041959087123 0.008007294277704583
8 0.625878463872376 0.45158829929827965 0.00496577359190784 0.00950712209049003
9 0.629052090234375 0.40079553472222224 0.017931846093750002 0.015246399999999957
9 0.62866226796875 0.41859693721179037 0.014033618749999999 0.023562615277777768
9 0.6393083128851339 0.4220483128028283 0.009428647453810423 0.012902522837093658
9 0.6413515093772191 0.4527806758541374 0.010701014058061986 0.022062132263830452
9 0.8327241058992924 0.3970169470481572 0.016011034823504033 0.009220911100195886
9 0.8406751783409547 0.4090285221805768 0.015379902120864663 0.011067480809479472
9 0.831917805784095 0.42519765244703317 0.010339485132145576 0.022707744232575305
9 0.7694961792968751 0.44798677291666666 0.010135391406249994 0.0180184736111111
9 0.7272394048082622 0.4424426284722222 0.006236450350904477 0.0180184736111111
9 0.7289413280711747 0.45285575560475066 0.0069902373923493855 0.008351927876168001
9 0.6599559875 0.45907506527777775 0.02027078124999999 0.020790547222222244
9 0.7671819236935032 0.4152805301241221 0.02572830234375001 0.01574835033377053
9 0.9454176238281249 0.40224757152777785 0.017152200781250036 0.05959956527777774
0 0.9672476968750001 0.49758709861111106 0.017152200000000128 0.07761804166666661
7 0.964518938671875 0.5154075513888888 0.01325397421875003 0.04712523888888885
0 0.8513075208987239 0.48866733816048163 0.01303244973640325 0.047106234654296406
0 0.538776798828125 0.50600229375 0.040541564843750065 0.1621662597222222
2 0.693689574609375 0.48164765833333334 0.009355746093750028 0.022176583333333295
2 0.7018324987608141 0.48226360335255847 0.01091503671874996 0.030492801388888876
2 0.6505921451665204 0.4845578504534218 0.013599763770540818 0.016908675906843643
3 0.6582313848320142 0.47675471544796216 0.014813264062500053 0.022176580555555523
2 0.514760934765625 0.48996387638888894 0.01715220078124995 0.03880901944444438
2 0.5747563912740871 0.48552071835801913 0.017825994134145696 0.024490062188139206
2 0.612216620703125 0.4837267125 0.02260971953124997 0.023562619444444502
2 0.718638230078125 0.48234067638888894 0.029626528906250015 0.051283347222222234
2 0.789257438853369 0.4947457053458324 0.06097862565328906 0.08718169680277583
0 0.8339948655339129 0.48494506332908904 0.008368123255325877 0.046789868324844656
2 0.823792926953125 0.48818182986111114 0.01715220078124986 0.04296712916666665
2 0.9192994996093751 0.48055863055555553 0.09121852265624994 0.06375767777777779
2 0.97894238046875 0.49580502847222224 0.031185820312499855 0.04158109027777775
2 0.9921963527343749 0.4913499243055556 0.01403361796875 0.05128334861111112
2 0.42393223515624995 0.5003591500000001 0.08342206718749998 0.09563651388888883
2 0.9174478300781249 0.5093683861111111 0.09823533203124998 0.10811084166666668
2 0.164037412109375 0.5926691736111112 0.32807482421875 0.32156045
8 0.49452912421874995 0.03603694652777778 0.02105042812500004 0.07207389305555556
2 0.6260694551643725 0.4831655262416932 0.008403616847843942 0.014260683135735124
