8 0.25839647810373517 0.37875974355592035 0.005613701519970338 0.018572112111840747
8 0.293558378125 0.3934539493055556 0.005995067187499981 0.01953947361111111
8 0.35450821328125 0.35348684444444445 0.005995065624999985 0.01776315833333331
8 0.4039920566896399 0.36702665213286606 0.004729308182769287 0.012288116987708344
8 0.4027187814096635 0.39321974360666534 0.0043655152456332225 0.00776091599223684
8 0.11520516953125 0.11546052569444445 0.018984375000000008 0.06394736527777778
8 0.311543575390625 0.05861842083333334 0.01798519609375 0.08526315833333334
8 0.679740534375 0.3215131597222222 0.022981085937500013 0.03907894722222222
8 0.29205961132812497 0.07282894861111111 0.014987664843750003 0.06750000277777778
9 0.008892675 0.19184210694444445 0.01778535 0.05684210555555556
9 0.64776685 0.2167105277777778 0.01698602031249994 0.028421052777777768
9 0.6562598601562499 0.23980263333333332 0.0439638171875 0.028421052777777768
9 0.5215760878751604 0.36923142069545617 0.015485271315732074 0.03892224383147528
9 0.454925566015625 0.35615131944444445 0.010990953906249957 0.012434213888888873
9 0.29361824561624433 0.36074180553817004 0.010111511544988705 0.014509922187451193
9 0.146179676171875 0.35970394861111116 0.020982730468749988 0.047960525
3 0.4151041930236773 0.4250680907257814 0.012336056359854552 0.02426035367378508
3 0.3820215884762791 0.4220802449205493 0.013018536770152878 0.02635558728813076
2 0.42892080679710354 0.4306429078339813 0.015989021406706973 0.02475209344574046
2 0.36157201781386555 0.42846571874838374 0.01753838438137003 0.029106471616935577
9 0.010128031249999999 0.2557339638888889 0.020256062499999998 0.026644736111111123
