8 0.399643886328125 0.4188278347222223 0.007910150781250014 0.03984372222222221
8 0.2659758071698787 0.39736628653975115 0.012155837777257438 0.04379559530172451
8 0.5235134128906249 0.5114058965277778 0.01570796328124997 0.01874998750000003
8 0.25462445507812503 0.39187472847222216 0.007910150781250014 0.04218747083333333
8 0.153770032421875 0.4223434597222223 0.011865227343749996 0.042187472222222216
8 0.5927834019531251 0.49148403472222224 0.014501942968750025 0.025781233333333296
8 0.577622280078125 0.4492965652777777 0.010546867968749929 0.04453121944444444
9 0.5229104023437501 0.47156216944444446 0.01713865937499994 0.014062488888888917
9 0.516977790234375 0.4610153013888889 0.015820302343750026 0.016406238888888917
9 0.51895532734375 0.4317184458333333 0.02504880937499996 0.028124980555555526
9 0.7233008898437501 0.44109343958333336 0.01713865937500003 0.05156246527777779
9 0.6474952785156249 0.43523406875000004 0.02373045234375004 0.053906212500000016
9 0.383164405859375 0.5008590236111111 0.011865227343750017 0.016406238888888917
9 0.352842161328125 0.49734340138888894 0.04086911328124998 0.023437483333333297
9 0.32054237812499997 0.4938277784722222 0.015820301562500028 0.02109373472222218
2 0.299448642578125 0.5453902430555555 0.013183585156250021 0.016406238888888917
2 0.28230998281249997 0.5453902430555555 0.015820301562499983 0.021093736111111146
2 0.26385296406250003 0.5477339916666667 0.018457018749999988 0.021093736111111146
2 0.24605512499999999 0.5442183708333334 0.01186522656250002 0.028124983333333298
2 0.13926808867187498 0.5489058652777777 0.022412094531250017 0.032812477777777835
2 0.107627485546875 0.56296835625 0.05405269765625 0.05156246527777779
2 0.368662462109375 0.5500777395833333 0.014501942968749982 0.02578123194444449
2 0.69954532890625 0.5767489423611112 0.025741520312500033 0.056813770833333326
2 0.0631872046875 0.5581657944444445 0.0401012984375 0.04710509722222219
2 0.346909547265625 0.5489058666666666 0.013183583593750025 0.014062488888888917
2 0.385141943359375 0.5489058652777777 0.021093735156249994 0.028124980555555606
4 0.40293978242187495 0.5407027465277778 0.022412094531250037 0.03515622638888887
3 0.4374235824035385 0.5350988280476229 0.04128207261957702 0.08019835053969022
3 0.561142798828125 0.5653121041666667 0.11733390390625002 0.08437494166666666
2 0.1962140953125 0.5724746034722222 0.11257365312500003 0.1408874125
2 0.0198660125 0.5547652375 0.039732025 0.06328120833333328
2 0.049142909765625 0.5307996875 0.03260592578125 0.010677963888888876
