2 0.455157296484375 0.554353245138889 0.016380983593749933 0.031201876388888886
2 0.5429125574218749 0.5533131819444445 0.018721122656249988 0.04992299444444449
2 0.5651438902343751 0.5668339923611111 0.04446266640624996 0.06448386527777786
2 0.6850760824218749 0.5803548020833333 0.026911613281250003 0.06240374027777781
2 0.43105386015625 0.5564333701388888 0.028081684375000027 0.056163370833333365
2 0.414087844140625 0.5689141166666667 0.022231335156249976 0.08112486388888887
2 0.2426725546875 0.54915293125 0.06786407031250001 0.024961498611111133
3 0.31182370078125 0.5262715583333334 0.05031301718750001 0.058243491666666675
2 0.365061891015625 0.5709942395833333 0.09594575234374995 0.16016960416666667
2 0.497279820703125 0.5512330569444444 0.07488449296875004 0.15392923055555557
2 0.624817469921875 0.5803548020833333 0.09360561328124994 0.12480748194444449
9 0.7504829992187501 0.5865951756944444 0.12168730000000005 0.12064723472222218
2 0.9014220484375001 0.5605936173611111 0.19657178749999993 0.1185671097222222
2 0.90025198046875 0.6741684395833333 0.1989119296875 0.2724963375
9 0.51763903515625 0.3952237006944444 0.1333879984375 0.1289677347222222
9 0.734687051171875 0.5002699979166667 0.02691161796874999 0.014560873611111053
9 0.7101155765625 0.5013100597222223 0.019891192187500017 0.016640997222222214
