8 0.73354290390625 0.33966637847222225 0.034118275000000066 0.1178434375
8 0.2496150255590921 0.1047460501142687 0.028018665424297717 0.10295158364848894
8 0.436226510546875 0.3717267256944444 0.010722885156249973 0.04332479305555555
8 0.511286715234375 0.4523108409722222 0.010722886718750057 0.04505778472222228
8 0.511286715234375 0.4878371708333333 0.010722886718750057 0.015596925000000065
8 0.628751060546875 0.44451237916666664 0.011697694531249959 0.046790777777777806
8 0.612666731640625 0.4471118638888889 0.01852134921875006 0.055455736111111126
8 0.20081041640625 0.45577682291666666 0.007798462500000003 0.03812581805555561
8 0.19191353473401107 0.4508360349011413 0.010722886718749968 0.045159681250608784
9 0.101380016015625 0.42284998124999995 0.023395388281250006 0.013863934722222224
9 0.10284222812499999 0.4696407576388889 0.014622118750000001 0.02426188472222227
9 0.09778638834087153 0.48911197260884415 0.00953714597022991 0.014680545217688253
9 0.054101835546875 0.21402447847222222 0.10430443984375 0.046790776388888886
9 0.19983560859375 0.08318360277777777 0.031193851562500007 0.05198975277777777
9 0.4827082344033258 0.41418502291666665 0.04129863130665159 0.01732991527777775
9 0.753039061328125 0.4488448569444444 0.03021904296875002 0.07971761944444451
2 0.04570700667357863 0.527539675410658 0.028528518026615136 0.024658086598630686
2 0.01743976162923042 0.5260775949747708 0.02470975984443246 0.027582247470405243
2 0.19311519014451034 0.5186825223351964 0.021910648231290387 0.018365908559281743
2 0.17030950416225327 0.5154096656899114 0.021445772656250008 0.013824599003799499
2 0.19087197235121262 0.5264027036214903 0.023625328106372634 0.018940134542103394
2 0.1638973215076066 0.5278851444740487 0.024218332346956604 0.017207144264325555
2 0.14535830523486815 0.5197212856855985 0.023877662787006003 0.027375404704530284
2 0.13060988645010255 0.52083833233304 0.013876981467474825 0.026373202836986406
2 0.20422224375 0.5493583777777777 0.07116097343750001 0.05892171944444442
2 0.4183719821243409 0.5165325063246738 0.01595575799868181 0.023651607708627075
2 0.37956810991888573 0.5182654979913406 0.010940669491926736 0.023037761002440742
2 0.36861941982654634 0.5227467583339079 0.012783964016977744 0.02833592345304123
2 0.35778494722587084 0.5203007332048988 0.0176074772642417 0.03893224696535324
2 0.35305565607900435 0.5540706682016694 0.02385740585243421 0.08832997868484042
2 0.45385298196071683 0.5148491083833074 0.015584139847818878 0.03129660853208038
2 0.62046519375 0.5043005930555555 0.057513662499999986 0.02772786944444445
2 0.597069805859375 0.5415599159722222 0.06141289453124994 0.046790776388888844
2 0.901209853515625 0.5120990548611111 0.03606788984374987 0.03639282638888896
2 0.875864849609375 0.5120990548611111 0.02047096484375004 0.0329268430555555
2 0.8412591718750001 0.5086330715277777 0.04484116093749986 0.029460859722222288
2 0.80031724140625 0.5025676006944445 0.02924423593750003 0.02426188472222219
2 0.4359385212656074 0.5251927848518056 0.023337341314559355 0.03342634861226009
2 0.3964719679861739 0.5293671211468354 0.031680066351537264 0.04932083735295028
2 0.4927021151994316 0.5556006044664892 0.07024283872393129 0.08527010615520064
2 0.2948540484255331 0.5878359220033496 0.12983249661637047 0.1762409172609931
4 0.2781512928885788 0.5038654662030985 0.0716040237197522 0.058101530527658936
2 0.772535217578125 0.7469194347222223 0.44548718671874993 0.49216965000000007
0 0.2337369621099447 0.4986388525012154 0.011277581051219121 0.04268503795730254
2 0.4670596550127257 0.5165932465920057 0.012433533108969108 0.020677990546816006
