2 0.47960546015625 0.5675547909722223 0.09358155312500002 0.11611044583333331
2 0.7856951234375 0.5762197486111111 0.14037232968750005 0.13344036111111104
2 0.5881638919057914 0.5302380464748163 0.039701835374082874 0.04795332962930148
2 0.5234718140625001 0.5198975173611111 0.02924423593749994 0.05545573750000001
2 0.4581115219913999 0.5190292718219142 0.0389129478139413 0.04678727419938377
2 0.453511705806026 0.49601987511381107 0.014622117187500016 0.012130941666666692
9 0.554665664453125 0.4592428076388889 0.02144577265625003 0.017329918055555598
3 0.5081793188203187 0.4722926633887127 0.027903481390637364 0.043219953778130184
2 0.4813266329031262 0.48935979826623155 0.014592355430228032 0.0212252442621498
2 0.4804422477255367 0.5003654804762352 0.012823585075048882 0.0133640426835758
2 0.49680337351094384 0.4980071200026629 0.02255182202853421 0.0243697248935794
