9 0.8305362859375001 0.34226586527777775 0.027294621875000046 0.08145061111111111
9 0.7012130460163994 0.399069026221047 0.015274301124506184 0.03389152263417843
9 0.39479717656249996 0.3933891215277778 0.013647307812499987 0.038125818055555524
2 0.38309948242187497 0.5172980298611112 0.10138001328124999 0.12650839583333334
2 0.5133351925215932 0.5236441251955134 0.0955562484695716 0.13777451818856434
2 0.5964238645186442 0.5098981020098085 0.0737683212247882 0.09111101225415115
2 0.88999956328125 0.5623558124999999 0.2164073421874999 0.19236207777777778
2 0.7695503709801207 0.5245103671177435 0.11893910688825668 0.1582629870132646
2 0.6831196383715646 0.5058182712758443 0.08006138102921012 0.10925315191709402
2 0.6416861045137281 0.5071498333339078 0.02575850283303067 0.06095584176661472
2 0.4353647947756749 0.5040899601098237 0.03411075541104545 0.08989268123195941
2 0.4527081625437154 0.502312055912947 0.009852144417971064 0.043536098650639427
9 0.627119030954409 0.42636697204267043 0.016232097846318183 0.024363899640896452
