9 0.216741445703125 0.32918365069444444 0.03586369140625001 0.08177614861111111
9 0.893473730078125 0.23839826458333332 0.05301589296875005 0.0970225486111111
9 0.8887958578125001 0.32363950694444443 0.01871149062500006 0.03465091111111111
9 0.43465235937499996 0.4241271444444444 0.013253973437500033 0.013860363888888828
2 0.0038982269531250002 0.5973816986111111 0.0077964539062500005 0.08316218611111105
2 0.019971595703125004 0.5232287493055556 0.039580650781250004 0.11226895138888887
2 0.788611412890625 0.7096506499999999 0.4217882101562499 0.5433262777777779
2 0.10921811722179246 0.5006033526315229 0.03400299915522144 0.06912511043392766
2 0.13487866875 0.5225357326388889 0.07484596718749999 0.09147840416666671
2 0.19070987508732476 0.5107776578449367 0.04405294870784571 0.05720430957951742
3 0.402243935790071 0.5080549528888003 0.06163541538109189 0.1086900760286354
2 0.41866962734374996 0.5273868618055556 0.05613447499999995 0.11504102361111114
3 0.6494446937499999 0.5260008229166667 0.16528484375000002 0.1982032069444445
2 0.5145660230468749 0.5301589326388889 0.22453790234374998 0.31740234027777775
2 0.30211262734375 0.5474843881944444 0.15047157968749997 0.23839826527777777
8 0.39060238945312503 0.3998715090277778 0.004677872656250015 0.012474329166666662
8 0.35590816523437496 0.3943273625 0.007016810156249997 0.015246402777777807
2 0.3664333796875 0.48649878472222224 0.015592909374999974 0.030492802777777762
3 0.307959967578125 0.4158109263888889 0.06237163984374998 0.049897311111111106
