9 0.817336476171875 0.23008204652777778 0.028067239843749904 0.03880902361111112
9 0.785760833203125 0.17325455208333335 0.019491133593750033 0.04712523749999998
9 0.7970656933593749 0.3409649625 0.018711489843749974 0.011088291666666687
9 0.50209169453125 0.46328267500000003 0.007796451562500017 0.019404508333333344
2 0.46726753828125 0.5308519513888889 0.009355746875000025 0.011088291666666725
2 0.47623345937499995 0.5260008222222222 0.007016807812499959 0.018018469444444445
2 0.482080803125 0.5266938409722222 0.007796457812500002 0.02217658472222218
2 0.498063533984375 0.5260008229166666 0.02884688359375005 0.03742298472222221
2 0.5327577609375 0.5169915861111112 0.04521944062499994 0.07207388888888885
2 0.54211350546875 0.5273868583333333 0.04833802031249999 0.05959956388888885
2 0.5768077296875 0.5398611881944444 0.0319654671875 0.09840858749999996
2 0.41918940820312506 0.5336240243055557 0.007796457031250004 0.030492798611111108
2 0.4121725984375001 0.5350100576388889 0.009355748437500023 0.030492798611111108
2 0.40398632109375 0.53916816875 0.021050428124999954 0.033264876388888906
2 0.391901815625 0.5440192965277778 0.017152201562499948 0.040195054166666626
2 0.38488500625 0.54609835 0.014033620312499995 0.04712523888888885
2 0.3642244 0.5426332597222222 0.042880501562500006 0.0595995666666667
2 0.34629255625 0.5571866444444444 0.0537955421875 0.06652974999999996
2 0.250852351953125 0.5762369347222221 0.11655983046875 0.14251529444444447
3 0.090292687109375 0.6008468138888889 0.18058537421875 0.2730491777777778
2 0.666986714453125 0.5165757708333334 0.17542023515624994 0.21483564444444447
2 0.44367675390625 0.5317528777777778 0.038475509374999994 0.06417349166666671
2 0.18521349062499998 0.6030811201388889 0.03899231406249999 0.10397950138888892
8 0.46808038359375 0.47137375 0.008773271874999988 0.01386393611111111
