8 0.428167053515625 0.3752531166666666 0.010706192968750017 0.024471297222222275
8 0.49877478046874996 0.3654329097222222 0.012741142187500021 0.021145083333333363
8 0.55370558359375 0.3602984340277778 0.014529832812499954 0.027190331944444462
8 0.656179141015625 0.3732864173611112 0.011470921093749985 0.02447129861111116
9 0.664208785546875 0.32774261111111114 0.019882928906250007 0.03126888055555557
9 0.45467330039062503 0.38008399861111114 0.04588368359375004 0.01631419722222221
2 0.5496699262410384 0.4716462754373853 0.01648493529457671 0.025618889763659385
2 0.595909623513266 0.4790922738606348 0.019415009959289888 0.03208307703774125
2 0.629881008203125 0.47560420347222226 0.029059666406249997 0.025830815277777773
2 0.76332605234375 0.4810422701388889 0.05888406093750005 0.04486404583333328
2 0.718589462109375 0.48580057916666675 0.06270769921875008 0.04894259444444447
2 0.369909889453125 0.4882606569444445 0.07188443671874997 0.06525679444444445
2 0.42710936995711624 0.4799753505691422 0.042060042187500014 0.028549845833333306
2 0.19486661835937502 0.5036583895833333 0.10247356015625002 0.09244712361111114
2 0.035420819921875 0.5036583916666667 0.04817786640625 0.03262839444444449
2 0.009871948046874999 0.5022988729166666 0.019743896093749998 0.04350452916666667
2 0.47069011523437504 0.48194860902777775 0.021412385156250036 0.020392745833333316
8 0.275459746484375 0.27794136597222224 0.011911772656250008 0.04764709027777777
2 0.5186757804453134 0.4667783419643718 0.037624149876862134 0.035354756709686325
