2 0.12257631289062498 0.5006694298611111 0.12556598046874998 0.0659055319444445
2 0.04125739296875 0.49960643819444445 0.0825147859375 0.06803151527777784
2 0.180575837109375 0.49641745972222223 0.040659460156250014 0.05314962222222227
2 0.20927663281250003 0.4953544673611111 0.052618125 0.05527560694444449
2 0.25232782578124996 0.4985434458333333 0.11241144843749998 0.04889765000000005
2 0.303989253125 0.49854344444444443 0.023917329687500023 0.03188977222222225
2 0.33627764804687504 0.49216549236111107 0.05740158984375001 0.04039371250000004
2 0.3721536421875 0.5027954159722222 0.019133862499999977 0.02338583472222224
2 0.386504040625 0.5038584069444444 0.021525596875000018 0.021259847222222246
2 0.402050305078125 0.5038584069444444 0.016742132031249968 0.021259847222222246
2 0.41341103671874996 0.5027954145833333 0.013154531250000013 0.019133862500000022
2 0.4217821011718749 0.5059843909722223 0.008371064843750008 0.01700787916666668
2 0.44211183125 0.5112993534722222 0.015546264062500014 0.031889770833333365
2 0.5164947222656251 0.5187403034722222 0.01793799609375002 0.0297637902777778
2 0.53443271953125 0.5304332187499999 0.037071860937500034 0.05314962083333331
2 0.593030176953125 0.5272442402777778 0.02032972890625002 0.04251969722222218
2 0.744028282421875 0.5332678868055556 0.07773132265624998 0.09992128749999994
2 0.632972144921875 0.5334096166666668 0.046638791406250046 0.04889764999999997
2 0.5713850230468751 0.5280946548611111 0.03826772734375004 0.04677166527777775
2 0.47810743828125 0.5567954486111111 0.0884941203125 0.12968507777777774
2 0.8450440910156249 0.6331182923611111 0.30733768359375 0.31889772638888897
9 0.266080291015625 0.44220484583333336 0.013154532031249966 0.025511819444444465
9 0.16323577421875 0.3964961722222223 0.06098919062500001 0.06590552777777776
9 0.5795169015624999 0.39862215763888886 0.021525598437499925 0.019133862500000022
9 0.556197503515625 0.41456704305555553 0.06577265546874997 0.03401575555555559
9 0.494012448046875 0.4857875361111111 0.015546264843750013 0.014881894444444457
9 0.5233111765625 0.49216548958333334 0.009566931250000011 0.019133862500000022
9 0.51613597578125 0.4964174611111111 0.009566931250000011 0.014881894444444457
