9 0.254782779296875 0.5865951777777778 0.03627217578124999 0.060323619444444414
9 0.19042891874999998 0.5470728055555556 0.022231332812499983 0.014560869444444475
9 0.19744933984375 0.5793147402777777 0.019891192187499972 0.03328199444444443
9 0.34780335781250005 0.6125967347222223 0.007020418750000035 0.016640997222222214
9 0.736851687109375 0.5158709354166666 0.022231332031249985 0.01456087361111113
9 0.73392651171875 0.5335519937500001 0.016380981250000027 0.0166409986111111
9 0.832797440625 0.5512330562500001 0.02223133281250007 0.02704162083333333
8 0.32323188359375 0.48050881458333333 0.011700701562500004 0.043682618055555546
8 0.493477092578125 0.5252314965277778 0.00819049140625001 0.033281995833333314
8 0.48528660156250003 0.5262715597222223 0.01053062968750007 0.04368261944444443
9 0.07342190234375 0.48778925069444445 0.015210912499999996 0.020801245833333346
2 0.32849719843749997 0.64691879375 0.008190490624999968 0.022881373611111085
2 0.34019790117187504 0.6458787326388888 0.017551052343750005 0.0166409986111111
2 0.35072853203125 0.6583594798611111 0.015210912499999996 0.020801245833333346
2 0.34546321679687503 0.6739604159722222 0.025741544531250014 0.031201870833333346
2 0.39109595390624996 0.6729203548611111 0.030421824999999948 0.04160249583333334
2 0.4431640753906249 0.6885212895833334 0.050313017968750005 0.06864411527777786
2 0.46539540781250005 0.6739604159722222 0.01053062968750007 0.03536212083333328
2 0.48060632031250006 0.6781206666666667 0.019891192187500017 0.03120187222222223
2 0.5010825492187501 0.6812408527777778 0.030421824999999993 0.04160249166666661
2 0.719300634375 0.796687775 0.35921154062500005 0.38898332777777767
2 0.895981230078125 0.7665259659722222 0.04563273828124999 0.10816648749999998
2 0.291054954296875 0.6396383576388889 0.008190489843750015 0.020801245833333346
2 0.281694392578125 0.6510790430555556 0.017551052343750005 0.03120187222222223
2 0.309776076953125 0.6573194166666667 0.033932035156249984 0.07280436666666669
2 0.0441701484375 0.6729203541666666 0.040952454687499994 0.08736523888888893
2 0.01374832421875 0.6729203541666666 0.0269116140625 0.0915254861111111
2 0.13894583203125 0.7093225368055556 0.183701015625 0.2184130986111112
9 0.49684102695312493 0.6550907013888889 0.01638098359375002 0.01872112222222218
9 0.43073206171875 0.6311692680555555 0.010530629687499982 0.016640999999999986
