2 0.42527703965595515 0.3840104970726336 0.0110231230619104 0.021771255256378276
2 0.19722649374999998 0.4424998451388889 0.09070309218749999 0.07124997638888889
2 0.3194126269952199 0.41368861325714334 0.017873333955047598 0.031731893589755186
2 0.31920495848696007 0.3820050160060759 0.01616190334774359 0.029563137609624354
2 0.41818344726562506 0.3871873645833334 0.015820307031250015 0.022499995833333328
2 0.4023631402343749 0.4040623583333333 0.02425780234374999 0.0318749888888889
2 0.4753618820696316 0.3461267073962185 0.013248057614209774 0.020107974433162014
2 0.49859157814792104 0.34863164121939416 0.01160155859374994 0.015098106786810641
2 0.4732790871322961 0.4653222051463515 0.03480467656249999 0.05062498055555551
2 0.5799268413732793 0.4912092981242378 0.0692174385356334 0.08991890735958666
2 0.134472609375 0.48562483055555555 0.16136713125 0.1349999527777778
2 0.4432440296645789 0.33937488125000004 0.015820307031250015 0.018749993055555532
2 0.49171258639688825 0.32893691482782506 0.00949218437499999 0.011249995833333335
2 0.4525420460433461 0.3307895410581177 0.00951356423674552 0.013163895353146455
2 0.48432977585001336 0.313936921077825 0.007382808593750045 0.014999997222222245
2 0.33827420955058685 0.38418351741045237 0.03402828198117649 0.03150766850108937
2 0.4510011029793164 0.3375954078522875 0.004030544116737556 0.01298730882059884
2 0.45742478266536696 0.3288625622660228 0.00529008915321807 0.011643794115019545
2 0.4958409062780218 0.3438651431449903 0.011083996321028255 0.017465691172529357
