9 0.169030196875 0.48774882638888895 0.017659871875 0.017940188888888917
2 0.3408767011627941 0.570222182517521 0.018704643611490646 0.03064117520620305
2 0.3283101919623989 0.568244606187379 0.012242533131714861 0.03459632786648699
2 0.3189771143094099 0.5675112266094842 0.014813056743819742 0.033943497663412835
2 0.30010350745276465 0.5657986038103112 0.029907159184251332 0.0394883326206225
2 0.28313513996540485 0.5646158734897433 0.008999519498365683 0.034435230505734736
2 0.271508140767867 0.5635560788103112 0.023311500285733987 0.04397338262062252
2 0.25481399904054497 0.5579497697825335 0.022720116831089942 0.055186000676178064
2 0.235254712890625 0.5595095715277777 0.021444132031249997 0.05382055972222217
2 0.22027170040319205 0.5611674924936868 0.017287900708234317 0.052989733971599326
2 0.2055898926264658 0.5632188529057898 0.025228387500000005 0.07176074583333339
2 0.1936278765625 0.5628733597222222 0.026489809375000006 0.07848832222222223
2 0.162723099609375 0.5617520972222222 0.05550245234375002 0.09867102777777777
2 0.11857342265625 0.5628733555555556 0.0706394859375 0.11436868611111113
9 0.36770374921875 0.5393268625 0.018921292187499984 0.031395327777777815
1 0.3531974265625 0.5617520979166667 0.012614193749999992 0.03588037638888887
6 0.351305296484375 0.586419854861111 0.01387561328125 0.04036542083333335
2 0.36999905261923327 0.5746798746564447 0.026034736488466503 0.02914435368437967
2 0.40053185645246747 0.5774372623409216 0.023390310525686252 0.04270588254520149
2 0.42526308260558415 0.5818799239912729 0.040694923023668214 0.05819583687143472
2 0.4559449204562386 0.5852204033069879 0.047886715648116064 0.0875478973406923
2 0.4985148724108083 0.589743610165493 0.08078144416071406 0.1113551186860734
2 0.051718193359375 0.5729647152777777 0.10343638671875 0.15249158888888883
2 0.589598890625 0.6007223104166667 0.12212834374999995 0.17267429583333332
2 0.9826650824218749 0.7655477756944445 0.03229945390625009 0.3139532652777778
2 0.3880835641745007 0.5786541047043146 0.0053652105646244674 0.01801650955034388
