9 0.30118253986063126 0.3211999274264224 0.048529673662115955 0.03932458622122788
9 0.40741031710628234 0.3434879436195565 0.033891344044780204 0.021800482022852563
9 0.4876281305468774 0.4019668607158939 0.08116380328125494 0.08744316309845451
9 0.41049561171875004 0.4038148833333333 0.050316435937499994 0.09789025555555557
9 0.3210652384155581 0.399955861394484 0.09778202774554723 0.11716449351977257
9 0.31698298906250005 0.5152072402777778 0.0189873328125 0.033755258333333336
9 0.34024247421875 0.5160511229166667 0.012341767187499996 0.01856539305555553
9 0.3744196765625 0.5109878340277777 0.03322783437500001 0.03544302361111112
9 0.401951310546875 0.5126755965277777 0.014240500781249965 0.02531644583333327
9 0.43945129570312497 0.5126755951388888 0.02658226640625001 0.021940915277777782
2 0.4308592015904814 0.5686656691994416 0.011085835993462911 0.02726548006554989
2 0.37420284862053743 0.5676005890001288 0.01903076406635167 0.03188636966692415
2 0.3251603082427138 0.5649071792447753 0.01614366023542768 0.02987508071177282
2 0.30591945500515416 0.5662882312352754 0.012529253969183118 0.025886131914995128
2 0.2909107334814711 0.5642920536913857 0.02577322366205772 0.04214693516054911
2 0.44003146718749997 0.5733962291666667 0.01993670000000005 0.031266136111111106
2 0.4020568 0.5670883777777778 0.042721501562499986 0.07088604722222223
2 0.343670747265625 0.5679322597222222 0.030379733593749993 0.04556960277777777
2 0.25727837734375003 0.5645567340277777 0.047468334374999976 0.05907170416666669
3 0.2195670427191359 0.5400875275108572 0.0386781544207687 0.029841089812824684
2 0.23529130931160452 0.5456606833446794 0.013144765883329867 0.01752635451110649
2 0.36368887001948824 0.5696965680924132 0.011583720187331314 0.029114637712219685
