8 0.24961836171875001 0.5520154125 0.007651137499999993 0.03400505555555561
8 0.41491482148437503 0.5460645270833333 0.008607530468750024 0.03910581249999999
8 0.263326659375 0.5528655381944445 0.011476706249999991 0.03570530694444448
8 0.42400054765624995 0.5460645263888889 0.007651137499999993 0.035705308333333366
8 0.772446110546875 0.5086589652777778 0.026778983593749927 0.04590682500000006
9 0.784624174609375 0.38850775833333334 0.05738353203125 0.15132249722222224
0 0.162586672265625 0.6805261743055556 0.011476705468749992 0.07481112083333327
0 0.15350094609375 0.6754254166666667 0.018171451562499996 0.08161213333333342
0 0.24818377187499996 0.6567226347222223 0.006694745312500005 0.03740556111111112
0 0.241489026953125 0.6575727625 0.006694744531249963 0.04250631944444447
0 0.23527247812500002 0.6592730159722222 0.005738353125000017 0.03910581249999999
0 0.272093576953125 0.6473712444444445 0.006694744531250007 0.01870278055555556
0 0.264442440234375 0.6499216256944444 0.006694744531250007 0.02040303194444443
0 0.296959773828125 0.6422704888888889 0.006694744531250007 0.02210328611111107
3 0.45890886171874995 0.6415620666666667 0.15015357499999998 0.1326197166666666
2 0.27671615039062497 0.6922862902777779 0.14537161328125 0.07991188055555566
2 0.5564608660156249 0.6744336368055557 0.12146180703124995 0.07821162916666671
2 0.09436402734375002 0.8015128819444445 0.18745287031250002 0.38564476944444437
2 0.895023692578125 0.6316439076388889 0.20944988984374993 0.7328089486111111
8 0.045109829687500005 0.5857370847222222 0.014345882812500006 0.025503791666666664
8 0.045588025390624995 0.6069902430555555 0.013389491406250004 0.010201516666666618
9 0.416508798828125 0.5836117673611111 0.018171452343749995 0.010201515277777812
9 0.062643688671875 0.5041249493055555 0.008607530468750003 0.01700252916666661
0 0.19062209884135126 0.6766577721109773 0.015937601223259268 0.08127244600398897
0 0.3722268706748058 0.6606269685413833 0.014259958989231958 0.061140739195661334
0 0.28960299064896156 0.6438505462011103 0.006710568936109151 0.017149231725612345
0 0.28415065338837286 0.6442233555864496 0.005871747819095496 0.01640361295493354
