0 0.2202402296491499 0.5272975896640374 0.04665808898579984 0.23315710155029687
0 0.6601302361503085 0.5022658171673064 0.015967573863117313 0.05485216766794612
0 0.6672309654903877 0.49973911632004253 0.010529292438512439 0.038762665507805535
0 0.6455361596109757 0.4952560711431475 0.008225194221951514 0.016570792286295148
1 0.4703447855468751 0.5346279479166667 0.03021904296875002 0.11611044583333331
7 0.468395169921875 0.5562903444444445 0.01852134921875006 0.09358155277777777
7 0.279769851953125 0.5328949555555555 0.025345003906249986 0.08491659444444445
2 0.45431031280379364 0.5002302104193815 0.007898175607587366 0.019587104172096224
2 0.44499991486504487 0.49763072291938143 0.008773537542589693 0.024786079172096246
2 0.4359905123921298 0.5069682900997495 0.008389670251757764 0.043500501101720504
2 0.42556862113921384 0.5084975728878958 0.02134659322759207 0.0673156791091247
2 0.40569964683650656 0.5201916311208554 0.040052916419678695 0.09300135527430357
2 0.3951948837585924 0.5332479999741874 0.02162814492551739 0.09493078478541009
2 0.491103173181288 0.5066958279756751 0.02501133944757461 0.047550696252090636
2 0.49664550016670433 0.5148846153064135 0.01524116206507502 0.05103632336986795
2 0.5127091650637843 0.522459725143449 0.02912051286256956 0.0686019654498624
2 0.5400962719723277 0.5274844569415944 0.04668532636784475 0.10528944721652209
2 0.5820076969306458 0.544397133958998 0.0896666522612942 0.12988527488540313
2 0.34410716953125 0.5302954680555555 0.10138001562500003 0.15250327222222218
2 0.6202686401196278 0.577306882699362 0.12684699077413314 0.15987651539872397
9 0.63996135078125 0.39772160069444445 0.012672501562500039 0.04332479305555555
8 0.5790358605468751 0.4557768236111111 0.007798463281250001 0.017329916666666632
8 0.559539703515625 0.4583763118055556 0.007798463281250001 0.029460859722222288
8 0.45182343671874997 0.45057784861111116 0.004874039062500035 0.02079590000000001
2 0.5170822279354884 0.5290106465591282 0.019717148824994802 0.07419490076368412
