9 0.223716390625 0.24948973958333331 0.02314716562500001 0.036122434722222214
9 0.5623850796875 0.3786733840277778 0.00826530468750004 0.027551015277777757
2 0.47805661783306397 0.42236216209792193 0.009462452494928452 0.021867351973621555
2 0.468613238671875 0.42428562569444445 0.020663261718750013 0.025714279166666642
2 0.45414895546875 0.42704072500000007 0.02272958593750003 0.04224489166666664
2 0.4309027875 0.4316325611111111 0.036160707812500005 0.06612243333333336
2 0.412822433203125 0.43897949722222224 0.04132652109374994 0.06612243611111104
2 0.5238136640625 0.4141835847222222 0.008265303125000045 0.022040811111111145
2 0.538277946484375 0.4215305229166667 0.020663261718750013 0.029387748611111104
2 0.5425683480935364 0.42752862565535676 0.011005628891058184 0.031208468833184986
2 0.5646236046875 0.4316325611111111 0.02169642343750002 0.05693876388888886
2 0.5721152439219164 0.43180361838998554 0.022255709081596197 0.06505027054120684
2 0.137410685546875 0.4077550152777778 0.11984691328125 0.06061223333333332
2 0.086650094921875 0.5611223305555556 0.17330018984375 0.37653053333333336
2 0.894202615234375 0.5051019326388888 0.21076526015625002 0.5620406986111112
6 0.784687333203125 0.601530486111111 0.020663261718750013 0.07897957500000001
2 0.36350119335937503 0.44571419166666665 0.10021681484375003 0.13102038055555557
2 0.6176593031250001 0.44051011180555555 0.07955355468750006 0.09367344861111111
2 0.4933852502214169 0.41635133608346564 0.022729586718749938 0.020431293787524632
2 0.512793252734375 0.4175509319444444 0.01859693359375001 0.02938774999999999
2 0.5568641465199777 0.42432150451203154 0.031297061626975875 0.052459836631883326
2 0.5903967125488803 0.43385965662691944 0.03696033944519046 0.07259593554109106
