2 0.470948866796875 0.5127567631944444 0.028305735156249946 0.039910001388888915
2 0.55391395390625 0.5327117645833334 0.081012965625 0.09717217916666662
2 0.6646967437500001 0.5344469819444444 0.15226533281250001 0.20128522777777777
2 0.329908223046875 0.5283737215277777 0.019521196093750026 0.036439565277777794
2 0.30550672734375 0.528373720138889 0.0370902734375 0.0399100041666666
2 0.27329675273437504 0.5257708951388889 0.03513815390624999 0.05205652361111106
2 0.25182343554687503 0.5344469833333333 0.04880299296874999 0.05899739444444441
2 0.20790074453125001 0.5431230694444446 0.06051570937499999 0.08676087222222222
2 0.169834409765625 0.5509315472222222 0.09370174453125002 0.08502565833333328
2 0.1259117171875 0.5639456805555555 0.09565386249999999 0.07982000277777783
2 0.090285534375 0.5830330715277777 0.10443840156249999 0.10411304861111109
2 0.048802991015625005 0.5925767673611111 0.09760598203125001 0.12667087638888883
2 0.016104987109375 0.6151345930555555 0.03220997421875 0.11278913611111108
2 0.8442917523437501 0.5266385041666666 0.3103870265625 0.3140743611111111
