2 0.6472559960937501 0.7914874611111112 0.18604115625000003 0.23921434166666675
2 0.34732191914062505 0.6604396048611111 0.08854749140625003 0.12688760972222224
2 0.08178790507812499 0.5637145986111111 0.07137427890624999 0.07072265555555558
2 0.20523030703125 0.5897153631944444 0.0374422453125 0.0395223708333333
2 0.426373569140625 0.6614796666666667 0.03510210546875001 0.04992299444444441
2 0.1186451140625 0.56267374375 0.0210612625 0.04784287083333333
2 0.178318693359375 0.5782746784722222 0.030421824218749994 0.03744224305555556
4 0.24091744726562503 0.5772346173611111 0.04095245546875002 0.0728043680555555
2 0.27075423671875 0.5980358638888889 0.014040842187500013 0.01872112222222218
2 0.408237480859375 0.6562793555555555 0.024571472656249992 0.04368261944444443
2 0.29415564023437496 0.6073964236111111 0.007020421093750029 0.016640997222222214
2 0.3029311671875 0.6094765479166666 0.008190493750000005 0.0166409986111111
2 0.310536621875 0.6115566749999999 0.007020420312499986 0.016640997222222214
2 0.316972008203125 0.6146768597222222 0.01053063203125002 0.018721119444444413
2 0.261978710546875 0.6032361763888888 0.008190491406249967 0.02080124722222223
0 0.142631552734375 0.5553933027777778 0.008190489843750015 0.02080124444444446
9 0.3323100715242642 0.5010551728146211 0.05941927882647162 0.06605420951813114
9 0.4000469898437499 0.5293917472222223 0.08307498124999997 0.0728043666666666
9 0.452115112890625 0.5481128687500001 0.032761964843749956 0.05616336805555551
9 0.283625008203125 0.56475386875 0.018721122656249988 0.031201873611111115
9 0.404727270703125 0.6021961131944444 0.017551052343750005 0.022881376388888854
9 0.30936655234375 0.5865951770833334 0.009360560937499995 0.02496149583333336
8 0.309366553125 0.5512330583333334 0.0070204234374999785 0.02080125
8 0.342128516796875 0.5657939284722223 0.007020421093750029 0.0166409986111111
8 0.354414253515625 0.5824349284722222 0.005850350781250002 0.0166409986111111
9 0.552741145703125 0.6302777944444445 0.03510210234375002 0.07904473888888891
2 0.038054826953124996 0.538212254861111 0.05469185390625 0.052354595833333344
2 0.01692388125 0.5269934125 0.0338477625 0.04113575277777773
2 0.090643148828125 0.5218089465277778 0.033656525781250016 0.01682826250000002
