2 0.102354823828125 0.624743517361111 0.20470964765625 0.29634158472222216
2 0.309988894921875 0.5450258979166667 0.10722886328125 0.12304241249999998
2 0.9166539285156251 0.6459955608625847 0.16669214296875 0.2709274019414788
2 0.5049396219513644 0.5057394008184166 0.048718707965228966 0.06873130163683316
3 0.4390034168379616 0.49236415968236824 0.08490250787356142 0.16490789691728805
6 0.610002796287274 0.4964322651610393 0.03030719372882542 0.06128613427602837
2 0.35660223914914974 0.5210218591730478 0.03739756232670053 0.07156835167942899
3 0.34996962345639976 0.4761411329909144 0.06642497200165405 0.09382400915910946
2 0.8763666312640114 0.46731341341365834 0.05461799534052254 0.08437231206157224
2 0.8451584023437502 0.5172980305555555 0.0409419296874999 0.06758667777777774
