2 0.544273476953125 0.4924618819444444 0.017295953906250005 0.023427322222222262
2 0.53603730859375 0.4924618826388889 0.018943187500000035 0.014642076388888923
2 0.53397826640625 0.49319398680555554 0.014825103125000006 0.021963115277777785
2 0.522035822265625 0.49172977986111116 0.025532122656250066 0.01903470138888892
2 0.5159625660870042 0.49703916401578546 0.018943187500000035 0.024891531944444503
2 0.48826753242187504 0.4946581951388888 0.040357225781249985 0.036605193055555596
2 0.49032657382812495 0.5005150256944444 0.032944674218749984 0.03074836250000001
2 0.48425331725887927 0.5027113361111112 0.03623914140625004 0.029284152777777767
2 0.467265301953125 0.5041755451388888 0.04118084296875004 0.035140987500000005
2 0.4457473936786208 0.5085681673611111 0.03376829140625004 0.040997815277777745
2 0.4696322823504957 0.5122286875000001 0.02717935625000001 0.02196311666666667
2 0.41935826328125003 0.5107644784722223 0.050240628125000034 0.07174617916666663
2 0.39094348203124996 0.5122286881944444 0.041180842187499955 0.06881776527777778
2 0.362940509375 0.5188176229166667 0.06918381562500002 0.08492404861111116
2 0.326289546484375 0.5385844256944444 0.11942444296875002 0.1098155819444444
2 0.260262924609375 0.5546907124999999 0.13672039609375003 0.14495656666666662
2 0.17304504169397256 0.5706157983768086 0.16489437557544515 0.1748544911980618
4 0.6050289687499999 0.4827493076388889 0.023061271874999976 0.07174617916666663
2 0.58608578125 0.49080245069444445 0.019766804687500007 0.029284154166666652
2 0.6593876812499999 0.4951950743055556 0.1120118921875 0.0937092958333333
2 0.7312070296875 0.5032482166666666 0.10542295781250006 0.10688716666666673
2 0.7987436121093751 0.5134976708333333 0.16307613671875004 0.15081339722222223
2 0.885058698046875 0.5274076437499999 0.19602081015624995 0.20498908194444448
2 0.10089306406250001 0.6318056368055556 0.20178612812500002 0.2899131291666666
2 0.97475054296875 0.5359000298611111 0.04859339375000005 0.22402378194444444
2 0.6755835128714441 0.49428547537912926 0.0847954008380806 0.09924982734395087
