2 0.4084248431469636 0.6419678747825632 0.04938388182100253 0.09593469678734863
2 0.41425833029714043 0.6502280545751836 0.032476962259516726 0.08989422772437179
2 0.24952829108638674 0.6393841620112007 0.02396057133800942 0.031236185514979947
2 0.2122758466601486 0.6706055252218293 0.08012565177652367 0.09105884852013651
2 0.089647519921875 0.7073496833333334 0.17929503984375 0.29801913611111114
2 0.8041891407431793 0.7659113449709642 0.3910201194127674 0.46108474339140487
9 0.26024735507812496 0.5723495618055556 0.027222902343749977 0.028018893055555574
9 0.22750412023663466 0.5707920919971551 0.021070156401730645 0.014715264549865657
9 0.45253426770952226 0.5086044951711386 0.01814943741069559 0.03662041753976158
9 0.4611719234079656 0.5278903339458764 0.02314389337361993 0.05044819260160614
9 0.6727746051092263 0.5503419151999224 0.018855452281547523 0.045135727622067
8 0.4544377428938621 0.5774875776086016 0.017097184524775953 0.02810623577275864
8 0.34325318263097354 0.5557344028772454 0.010220812863052898 0.015719835783396027
8 0.24443159268513687 0.5692273985104255 0.009919221307773674 0.016680219243073207
2 0.323289865625 0.6844251333333334 0.15903905781250005 0.2521700361111111
4 0.4866757067169159 0.612420452452836 0.05794043040675616 0.05605279762542052
2 0.4516203407608372 0.6555844709088166 0.0835116275992915 0.11062106662389802
