8 0.01949615703125 0.36392826319444443 0.011697693750000002 0.05545573750000001
8 0.631188080078125 0.3751927090277778 0.010722886718750057 0.03639282638888888
8 0.13598569453125 0.4800387083333334 0.006823654687500014 0.017329916666666712
8 0.1267250203125 0.4817717 0.007798464062499999 0.02079590000000001
9 0.8012920496093751 0.41071903958333333 0.02144577265625003 0.031193851388888857
9 0.804703876953125 0.43324793125 0.016571733593750082 0.017329918055555518
9 0.8125023394531251 0.44451237708333335 0.016571733593749905 0.025994873611111066
2 0.170591373046875 0.5848847083333333 0.06823654921875 0.08838258055555552
2 0.6384991390625 0.54069341875 0.044841160937500034 0.06238770138888883
2 0.9172941828125 0.5285624763888889 0.14232194531250003 0.14557130555555559
2 0.7642493511718751 0.5476253854166667 0.12087617265625009 0.13170737083333328
2 0.9879677519531249 0.4999681131944445 0.02242058046874984 0.053722743055555515
2 0.391872754296875 0.5554238479166667 0.017546541406249984 0.039858809722222256
2 0.478630651953125 0.54849188125 0.015596924218750008 0.02946085972222221
2 0.5259088328124999 0.5224970055555556 0.010722885937499971 0.008664958333333316
2 0.514698542578125 0.5441594020833334 0.011697694531249959 0.034659834722222234
2 0.5892713429687501 0.5320284604166667 0.010722885937499971 0.031193851388888857
2 0.604868268359375 0.5363609395833333 0.02047096484375004 0.04332479305555555
2 0.41575554609375 0.5554238479166667 0.03801750624999998 0.046790776388888844
2 0.364578134375 0.55888983125 0.03899231406250001 0.04332479305555563
2 0.45669747617187506 0.5528243604166666 0.030219044531250017 0.038125818055555524
9 0.522984409375 0.4791722118055555 0.006823654687500014 0.032926843055555585
9 0.57221220546875 0.5467588895833333 0.009748078124999981 0.019062909722222247
2 0.524934025 0.5432929062499999 0.010722885937499971 0.02946085972222221
2 0.577086244921875 0.5242299972222223 0.011697694531250047 0.015596924999999985
8 0.9475132261718748 0.30154056041666666 0.00974807890624998 0.04852376805555557
