2 0.590733554296875 0.43584741875 0.14622117734374998 0.20276003194444442
2 0.726865018511918 0.4671968290978232 0.12365657352935111 0.11455951669728046
2 0.48447949921875005 0.40898604652777776 0.07408539687499997 0.12824138749999997
2 0.34703159453125 0.4471118652777778 0.14622117812500007 0.23222089444444444
2 0.050202604296874995 0.40985254374999996 0.09650597578125 0.16810019861111106
2 0.1194139625 0.41245203125 0.09065713125000001 0.11091147083333336
2 0.18131425937499998 0.39940923317638977 0.062387701562499995 0.09175783857500189
2 0.25734927070312497 0.40552006597222223 0.09748078359374998 0.1629012208333333
2 0.42742873440233103 0.40992056072689453 0.011924921796733923 0.01845815792863566
4 0.5155274924334275 0.3858895932945426 0.05049396245625193 0.12139059031904603
0 0.8238101472656251 0.4419128895833333 0.024370196093749998 0.09704753472222226
0 0.803241665625 0.4375804118055555 0.021445773437499937 0.11264446249999993
0 0.9738330382812499 0.46097579930555554 0.033143467187499984 0.1386393347222222
0 0.8794716503906251 0.4361940256944444 0.023785333593749947 0.13413357638888887
2 0.44673372839044506 0.4060035829923452 0.013181779679027183 0.03429406095356661
2 0.43805304421157343 0.4077182860400234 0.009323697821750887 0.02972151949309113
