2 0.47469984881090577 0.5357925354501334 0.01574832801526007 0.021741440732373798
8 0.49393284342255483 0.4934230156173192 0.004996812836575337 0.01268470826498292
2 0.4392820453124999 0.5382369186830653 0.0131960828125 0.014928899999999995
2 0.4231029092322414 0.541455094254099 0.015595368750000027 0.020270358340304995
2 0.4100544724017974 0.5433426138554209 0.010777851017349604 0.027444247155286344
2 0.39932650609943837 0.5430974334567428 0.016220976396290963 0.03231417915969262
2 0.38930903021700286 0.5480529938664366 0.015316103327454122 0.03225709355616754
2 0.3775241993615501 0.5466843778642334 0.021641203410600163 0.042658575172911384
2 0.3717161166400821 0.550978320665996 0.013549298421811028 0.038450260776436415
2 0.34916173785458743 0.5491764294699616 0.03988229616582513 0.05190807838436769
2 0.30732123125 0.5616109916666667 0.029991093749999996 0.05545020277777771
2 0.2851278234375 0.5616109916666667 0.038388599999999995 0.05971560277777775
2 0.25333726328125 0.5669427416666666 0.044386820312500005 0.07890990277777779
4 0.11917085859375001 0.4827010895833333 0.23834171718750002 0.5033172013888888
2 0.5043064238834604 0.533665459249485 0.008884739954420694 0.02088613794341446
2 0.5077353305072212 0.5344580860490443 0.008185698716813317 0.022585562749583152
2 0.5256212968095386 0.5355815216525693 0.01983631058851696 0.03566719076720825
2 0.5437378117078037 0.5384900104675507 0.026866631624867042 0.04955828356897085
2 0.5466252417216424 0.5421794212649069 0.019708070431725132 0.04217946197425838
2 0.5660954701144749 0.541472422870635 0.03742831613726958 0.0545423867804271
2 0.5830860339330308 0.5539495188838539 0.025499039946438273 0.06571965721215214
2 0.6187900482900679 0.5469300488948695 0.0728878578218473 0.09727688201832091
2 0.6383020712379948 0.5626907669708 0.05703638758381446 0.10629934995576017
2 0.74279191484375 0.5424166902777778 0.18114620781250004 0.21327000000000007
2 0.8848919500000001 0.6266583409722222 0.23021609999999998 0.26232210138888884
2 0.5139837500690977 0.5339807698048891 0.009854035215862478 0.024635088039656396
2 0.5270711405901651 0.5386340642123797 0.016320745826272364 0.029562105647587582
