2 0.89646634765625 0.6692600347222222 0.20449316249999994 0.3188977277777777
2 0.5056965231863855 0.5487110807869515 0.016432138560270905 0.028051786573903018
2 0.4750344284076828 0.5520373569481041 0.012940552915435522 0.022599526384972615
2 0.4506014165229109 0.5487236556646568 0.013869909608321861 0.02322546828499341
3 0.4740332118764911 0.5257111040255602 0.019669136252982257 0.04164385249556493
2 0.4947487410863447 0.5611081988762139 0.033601552485189236 0.0464680671968722
2 0.4553400322823326 0.5543236286094123 0.017895964589945378 0.027629320129354873
9 0.5422840109375 0.5112993534722222 0.03061104375000001 0.05740159027777783
9 0.478545898046875 0.4613387090277778 0.09447345078125 0.0340157569444444
9 0.24140560976562497 0.5241360479166667 0.009951488281250009 0.019052420833333313
9 0.41329295429687496 0.5341482541666666 0.008420489843750012 0.0068044361111111425
