8 0.65484461484375 0.08135590763888888 0.026599571875000016 0.0854237125
8 0.6342513984375 0.08516946805555556 0.021451265625000014 0.08694913055555556
8 0.170045976953125 0.3864405958333333 0.01630296015625001 0.03355931388888891
8 0.7835522167968749 0.35211856736111113 0.026599571093750017 0.03813558750000002
9 0.17733940937499998 0.3040677319444444 0.02574152031250001 0.027457622222222217
9 0.19964872734375 0.3155084076388889 0.013728810937500002 0.019830506944444437
9 0.18935211875 0.35593212777777783 0.03603812500000001 0.02135592777777779
9 0.75823972109375 0.31703382916666667 0.037754229687500016 0.02288134999999999
8 0.48085160390625 0.40088128055555555 0.006864406250000066 0.015254236111111178
2 0.5252660627390271 0.4608487936175498 0.007485705165554179 0.0101045372350997
2 0.5176025679790494 0.4674334031750596 0.006690518218559571 0.015744523998188716
2 0.5009299921875 0.46113550694444444 0.012012709374999986 0.010677963888888876
2 0.5087547718062366 0.4613174172388653 0.008580507031249952 0.010677963888888956
2 0.4885860002209377 0.4673913922685506 0.0067845820566803106 0.014037192870434485
2 0.48247732138345095 0.46698556493986654 0.009429397454402012 0.01932722987973321
2 0.41811538915558133 0.48066028834789465 0.01627753924866262 0.046676676695789295
2 0.3988219609375 0.4809660118055556 0.030889825000000037 0.053389820833333344
2 0.3850275263345231 0.4886995753763462 0.028166178770620977 0.05817249558880775
2 0.600378074609375 0.4557965222222222 0.012870760156249971 0.04576270277777784
2 0.613248835546875 0.4702880472222222 0.031747875781250025 0.06864405833333333
2 0.6424225578125 0.4718134694444444 0.05920549687500003 0.08084744166666663
2 0.5635247878906251 0.47898296041666666 0.07465041171874995 0.11745760416666669
2 0.45154917265625 0.47211855486111115 0.05834744687499995 0.09152540416666663
2 0.25966772661933096 0.5227049826532324 0.22373699230116198 0.2689694319731315
2 0.669065021484375 0.48737278680555557 0.08408896640625 0.09152540416666663
2 0.3698128232105419 0.4863816534222282 0.016372295814015957 0.06893598237480394
2 0.4943714268185908 0.4683641725286615 0.009320633269955535 0.012091632350212617
2 0.51313864786215 0.46724457694067884 0.01158781433562046 0.01612217646695026
