8 0.4181009050781251 0.4924839144532138 0.010546867968750017 0.02378146276023906
9 0.106127856640625 0.44280102083333334 0.01977537734375 0.05390621111111105
0 0.8617285292968748 0.5324996270833334 0.059326130468750016 0.22499984583333332
0 0.9526952636718751 0.5617964805555555 0.06459956484375003 0.19921861388888892
0 0.361411491015625 0.5629683569444445 0.010546867968749974 0.04687496944444444
0 0.354160519140625 0.5664839798611111 0.00659179296875001 0.03984372638888887
0 0.4108499332031251 0.5582808597222222 0.011865225781250021 0.028124983333333374
2 0.42403351874999995 0.5653121041666667 0.02768552812499996 0.0515624638888889
2 0.4550149421875 0.5653121027777778 0.050097621875 0.08437494166666666
2 0.39371127265625 0.564140229861111 0.0250488109375 0.03515622638888887
2 0.4846780078125 0.6039839527777777 0.11206047031250002 0.14296865555555555
2 0.30723126722083116 0.5518694553181457 0.07314281443328086 0.11981483839544373
2 0.27967326601562503 0.59812458125 0.06591792421874998 0.07031245138888885
2 0.007341607421875 0.7739057104166667 0.01468321484375 0.18749987083333342
2 0.37677683600936424 0.566147764448816 0.012476709783959405 0.021547079753885454
