2 0.381846047265625 0.564678262673634 0.01977537734374999 0.03408016076384304
2 0.40155253939342106 0.5639998198743938 0.022715426469318744 0.032461167787568
2 0.4339774808494532 0.5616362521963423 0.0468151480034412 0.07460900187590924
2 0.342954471484375 0.5664839784722222 0.01582030234374998 0.053906212500000016
2 0.31592812460937497 0.5699996013888889 0.05141598046875 0.07031245277777781
2 0.6471447722428281 0.5410240112078724 0.016512696244410298 0.028900933875752027
2 0.6822373875579212 0.5479752035098212 0.017575907477184228 0.031181062987580076
2 0.699121969804193 0.5450409013908116 0.03074673891483446 0.03476339649536157
2 0.7202155758581056 0.5439265042716849 0.029444855193613152 0.03584905536849606
2 0.7502919553046052 0.5425094142241424 0.026482755161572325 0.030681287907748673
2 0.4892982717135461 0.5746480305240633 0.07401150293614016 0.10773429160368211
2 0.151701858984375 0.5910933368055555 0.30340371796875 0.3421872652777778
3 0.9006201050781251 0.47742153888888894 0.19775377109375009 0.29765604444444443
9 0.5738211676013172 0.502912110265321 0.0134915117651345 0.029887406641753086
9 0.5632126973633541 0.5026691739378237 0.009488280860462429 0.020026542320091937
8 0.51961450703125 0.49031215486111107 0.005273434375000008 0.02343748194444441
2 0.7879392259338159 0.5362401712608976 0.039451532864252584 0.0532505337380098
