1 0.520856346484375 0.5356317194444444 0.04036738984374999 0.10816640555555558
7 0.521148863671875 0.5746340298611111 0.03159187109374999 0.06968412638888889
8 0.53287254375 0.4605244215277778 0.002925173437500028 0.01144067638888894
9 0.181433860546875 0.5106702493055555 0.012285727343749997 0.03536209305555557
9 0.0132364 0.49558935625 0.019891178125 0.05304314027777776
9 0.9011518527343749 0.20266343472222223 0.024571455468749902 0.024961477777777772
9 0.9397641394531249 0.1938229111111111 0.03627214765625002 0.02808166388888888
9 0.9400566566406251 0.2208645125 0.03451704453124993 0.032241908333333354
9 0.91724030546875 0.1433799236111111 0.04153745937499984 0.0728043111111111
9 0.654852266796875 0.06232940763888888 0.21178254140624997 0.12465881527777777
2 0.48214168593750006 0.4992295722222222 0.008775520312499997 0.012480738888888886
2 0.47259199945148184 0.5095203982085456 0.009567323902963753 0.020581651972646695
2 0.4829605940502269 0.5121221541937524 0.005743872250600112 0.015378140002232973
2 0.508175727734375 0.5033898180555556 0.00585034609374997 0.012480738888888886
2 0.5630870470694678 0.5192007850730043 0.01350328650046686 0.038660583079009804
2 0.602016349157741 0.5326836839511763 0.045021302977701794 0.066908223457908
2 0.64737218671875 0.5345916659722222 0.07780960781249995 0.13936825416666668
2 0.424724708203125 0.5167620354166667 0.015795935156249996 0.037442218055555546
2 0.41741177500000004 0.5178020972222221 0.016380970312499965 0.037442216666666736
2 0.40454101289062494 0.5198822201388889 0.03159187109374999 0.04368258749999999
2 0.383479765625 0.5271626513888888 0.028081662499999993 0.04368258611111118
2 0.367683830078125 0.5313228979166666 0.032761939843749976 0.04576270972222226
2 0.34428244414062503 0.5339230520833333 0.042122494531249985 0.05720338750000001
2 0.31444567734374995 0.5391233590277779 0.052653118750000026 0.05720338750000001
4 0.54123018515625 0.49870954097222225 0.022816351562499993 0.04680277083333332
2 0.257195847265625 0.5464780944444445 0.09594568203125 0.07904468055555557
2 0.4520124015625 0.5209965854166667 0.04680277187499993 0.06968412638888889
2 0.492737845941595 0.5112969576010515 0.015934217254120763 0.02324967803181934
2 0.728775576171875 0.5527184638888889 0.15737431953125008 0.18721108611111115
2 0.06186218945312501 0.5938008965277778 0.12372437890625002 0.1424884375
2 0.5776030800574696 0.5220270597786052 0.0330830519261438 0.04621124713493098
