2 0.12512653437500001 0.3881854979166667 0.074050603125 0.05400841805555561
2 0.17734170312500003 0.3940926673611111 0.051265801562500025 0.04556960138888889
2 0.21768978828125 0.39746819305555553 0.04272150156250001 0.04219407499999998
2 0.249968255859375 0.4025314819444445 0.029430367968749982 0.04219407500000006
2 0.276550523828125 0.4067508902777778 0.029430367968750027 0.040506313888888854
2 0.1621518359375 0.4641348326388889 0.07974680312500002 0.03713078472222217
2 0.214367005078125 0.4489449666666666 0.03417720234374999 0.04725736666666659
2 0.27664546640625 0.4540082548611111 0.028481001562500018 0.04050631249999997
2 0.329999871875 0.4616031881944445 0.03987340156250001 0.0286919708333333
2 0.374145423828125 0.45653989930555555 0.03322783515625001 0.028691970833333375
2 0.41971502578125 0.45147660972222226 0.03702530156249999 0.03544302222222224
2 0.587278248828125 0.44725720277777775 0.007594933593749964 0.013502105555555567
2 0.587278248828125 0.45485213611111114 0.007594933593749964 0.018565391666666643
2 0.5815820484375 0.45822766319444447 0.009493667187500065 0.01518986805555558
2 0.5766428660295171 0.45914689577522055 0.009108967996534023 0.01702833321710781
2 0.599620016015625 0.45738378125 0.007594933593749964 0.020253156944444427
2 0.60674026640625 0.44219391319444445 0.006645567187500046 0.013502104166666603
2 0.614809883203125 0.4362867430555555 0.007594933593749964 0.015189866666666694
2 0.5991453328125 0.4354428618055555 0.006645567187499956 0.013502104166666681
2 0.5021588310606017 0.4584259470137022 0.009381355871203301 0.012702640647997674
2 0.49102691374568064 0.45738378055555556 0.016139234375000023 0.016877630555555592
2 0.47975099298640284 0.4568611163077394 0.008236548472805616 0.015832302059923285
2 0.47230993515624997 0.4584624293362711 0.010443032812500076 0.01518986805555558
2 0.5134732257426532 0.4557310776812705 0.012166010350622258 0.014247319251429818
2 0.5234192176245092 0.45416624766975217 0.007413950578795969 0.009686859151603973
2 0.45983926380296014 0.4578425341200722 0.0161580241425038 0.014830731450615373
2 0.6867718968750001 0.46582259583333335 0.028481001562500018 0.04388183888888888
2 0.652033426722522 0.447931334175566 0.006947724689876278 0.0102929254664834
2 0.6466296408526182 0.4434710664734232 0.006947724689876278 0.009606730435384491
2 0.618892177734375 0.44725720277777775 0.008544300781250059 0.013502105555555567
2 0.6216584873852102 0.46230587472312173 0.013659744665461826 0.01997076611291004
2 0.596107376953125 0.46075930624999994 0.010443033593749984 0.016877629166666706
2 0.5965820597656251 0.44050615069444443 0.0075949335937500525 0.010126579166666656
2 0.5660111119738722 0.46010261137301006 0.015232552115938169 0.023768287159748998
2 0.5429746839100957 0.45935391621809474 0.034269829686552636 0.05218109789959829
2 0.61338583359375 0.44050615069444443 0.008544301562499967 0.013502104166666681
2 0.607214949609375 0.44641332083333335 0.0075949335937500525 0.011814341666666669
9 0.54493648828125 0.4126580604166667 0.015189867187500017 0.01856539305555553
9 0.56249977265625 0.41265806111111114 0.025632901562499998 0.02194091944444444
9 0.9226895226562501 0.4025314826388888 0.048417701562499894 0.03881854861111115
9 0.9226895234375 0.4345989805555555 0.044620235937500044 0.032067497222222206
9 0.8923097882812498 0.37721503680555557 0.09398730312500003 0.062447231944444445
3 0.17819613437499998 0.41012641527777777 0.22917712968749998 0.14514761944444438
