2 0.6156142419970575 0.39940757172068464 0.021011612119114797 0.03664957955248056
2 0.5771051558238656 0.3923086185770944 0.014147672764133822 0.030964318621559763
2 0.5372004831495991 0.4033066626133947 0.012471538174198304 0.03169185022678944
2 0.5244331431507582 0.39762575769393715 0.01563765505151622 0.014649135468416969
2 0.50764531796875 0.3959646770833333 0.015546264062500014 0.01700787916666668
2 0.39104833671875 0.40127963888888885 0.05500985781250005 0.027637802777777803
2 0.25232782578124996 0.4012796381944445 0.07653545468750003 0.057401590277777755
2 0.140514311328125 0.4044686159722223 0.13752464453125002 0.07653545416666666
2 0.599129103125 0.4129725548611111 0.043051192187499955 0.05527560416666672
2 0.5566758425781251 0.40553160902777785 0.03707186015625004 0.05314962083333331
2 0.467583791015625 0.4299804340277778 0.08849411953125 0.11480318194444439
2 0.305543883984375 0.44061035972222223 0.13991637734375 0.14031499999999997
