9 0.325382679296875 0.3995308722222223 0.016617810156250013 0.019695183333333373
9 0.178196351953125 0.39179347638888884 0.03719224453124999 0.026729177777777755
9 0.873770456640625 0.25819521805555556 0.0292790007812501 0.021197241666666658
9 0.85121771171875 0.3228603347222222 0.03956621718749993 0.026729177777777755
9 0.715505586328125 0.42485325208333335 0.022948407031250007 0.014067990277777812
8 0.360596615625 0.3052753486111111 0.011078542187499974 0.05064475555555556
8 0.63122954296875 0.3313011270833333 0.011078542187499974 0.04361076249999998
8 0.37404912890625 0.3073855465277778 0.009495893749999994 0.037983565277777805
8 0.155643608203125 0.4361076444444445 0.025322378906249998 0.03939036666666666
8 0.32459135703125 0.4783116076388889 0.018200460937499986 0.02250878194444444
8 0.640725434765625 0.33200452638888883 0.00791324453125002 0.03657676944444444
8 0.8812005121093749 0.3910900784722222 0.03622586796874998 0.04220396249999996
8 0.730145086328125 0.4494722305555555 0.012661191406249994 0.023915580555555573
0 0.26998997734375 0.5451345520833333 0.02453105624999998 0.09988271805555553
0 0.21420161015625 0.554278745138889 0.025322379687499997 0.08440792638888889
0 0.18808790625 0.55568554375 0.020574432812499998 0.08440793194444451
2 0.43972905000000007 0.5198121736111111 0.011078540624999977 0.015474783333333322
2 0.41796763007812504 0.5345835618055556 0.035609597656250006 0.045017559722222225
2 0.4527859015624999 0.5388039569444445 0.035609595312500006 0.07878073333333332
2 0.7875161015625001 0.5669399326388889 0.14797765468749988 0.16881585694444443
2 0.05514541523437501 0.5669399347222223 0.09654156796875 0.07315354166666674
2 0.9001499949218751 0.6176616270833333 0.19862241328125005 0.249003398611111
2 0.9662255789062499 0.73442593125 0.06647124531250004 0.36998809583333336
3 0.09062518515625001 0.5297366979166667 0.10999408437500002 0.09003512638888887
9 0.860495429296875 0.27385712916666666 0.014240500781250099 0.03037973611111108
2 0.388596790652466 0.5456865146259356 0.05075018781229361 0.05552157299122721
