4 0.4013667750847607 0.4932762037701615 0.03768532135272271 0.06869232452503884
2 0.2742628257910472 0.5139368673065368 0.019476076224289242 0.03376201548667813
2 0.26027369453125 0.5129655506944445 0.01754654218749998 0.034659834722222234
3 0.20714666718750002 0.476572725 0.09455636093750001 0.10744548888888895
2 0.12916203906249998 0.5259629888888889 0.04386635312499998 0.057188727777777774
2 0.07993424257812501 0.5259629888888889 0.07018616484375 0.0745186444444444
2 0.028269427343749997 0.5337614513888889 0.056538854687499994 0.09011556944444439
2 0.198860800390625 0.5181645256944445 0.08968232265625001 0.10744548749999999
2 0.4390517687454672 0.5302188140332355 0.07096264061593445 0.08996226139980432
2 0.33728351484374997 0.556290345138889 0.1247754046875 0.16290122083333333
2 0.639473947265625 0.47830571805555555 0.30803928046874995 0.5614893194444444
