9 0.766452387109375 0.3305685020833333 0.020393944531249986 0.02559240138888891
8 0.5593978266839791 0.4560066659037181 0.006965837742958225 0.01201392902965842
8 0.501451089453125 0.45853050277777785 0.00959715078124992 0.012796200000000053
2 0.5284056516570313 0.5029424200798973 0.010012626542727877 0.01715271725915449
2 0.476258569921875 0.5011845006944444 0.014395725781250058 0.01706159861111113
2 0.43786997070312506 0.5054499041666667 0.019194302343750014 0.034123202777777806
2 0.41387709492187497 0.5086489506944444 0.028791449218749987 0.031990498611111126
2 0.457664091796875 0.5075826034722222 0.02759180703124997 0.038388601388888964
2 0.5026507328125 0.5150470500000001 0.050385037499999986 0.07037909999999993
2 0.35809366171875 0.515047051388889 0.07317827031249999 0.09597150000000004
2 0.536656234355228 0.5045496073481305 0.010814231422775312 0.015860872753403834
