2 0.451439593359375 0.4432678381944445 0.008371064843750008 0.019133862500000022
2 0.46040859140625 0.44326783888888893 0.011958662500000017 0.023385833333333356
2 0.4699706380662819 0.4464143674231197 0.018197531900905783 0.024141915205377115
2 0.48848009610760756 0.44587110606648656 0.02517591247228488 0.04303023674013799
2 0.44414481875 0.44220484583333336 0.009566931250000011 0.017007877777777795
2 0.4326634649424981 0.4445600133792139 0.010521551759996228 0.017466240647316767
2 0.3635676501121635 0.4494805733293889 0.010827144305781689 0.03136085250895964
2 0.33950650312499997 0.44858280069444445 0.029896660937499986 0.046771668055555514
2 0.191936568359375 0.47196863333333333 0.09447345078125 0.09354333333333334
2 0.31558502568638025 0.45708674027777774 0.0409069064397396 0.04677166666666663
2 0.4216468121351422 0.4456726258055574 0.013362293020284266 0.019691465500003603
2 0.5237227661536522 0.45131139771558393 0.04703129111416837 0.06478628461468322
0 0.5939894182290459 0.4461140869763591 0.015062836979408268 0.06871696771394843
9 0.807090311328125 0.30401583402777776 0.03707186015624995 0.021259848611111132
9 0.646246235546875 0.2657481048611111 0.023917328906249934 0.017007879166666642
9 0.6247206375000001 0.25192920208333336 0.011958662500000017 0.019133862500000022
9 0.241565027734375 0.36970876597222224 0.009566932031250008 0.019133862500000022
2 0.35625571763875163 0.44847181318871754 0.010430741496969497 0.03782882249567605
2 0.5009259194641918 0.449955296423842 0.01752364571490874 0.052663654846921544
