2 0.504847885546875 0.4786705881944444 0.008414130468749993 0.018698070833333306
2 0.4944956860200742 0.4910982849664431 0.01998356249999995 0.028385305027802666
2 0.48328667421875 0.48428000902777774 0.013672964062499914 0.014958456944444422
2 0.47479899957772725 0.48690723405749864 0.01142234446795456 0.023952520892774883
3 0.462225308854317 0.4768912420633839 0.017827955208634005 0.03245110752337889
2 0.450156031640625 0.485267338448493 0.010517664843749941 0.01308865000000002
2 0.4392189697186444 0.48649640109529163 0.01051766484375003 0.016828263888888903
2 0.4294796454049026 0.49363504918278 0.016281409966266213 0.02459326519042067
2 0.40239419529065623 0.4965708244706794 0.029364582108218684 0.0392255321392891
2 0.3651761982354519 0.4967863447225161 0.01802093337128956 0.036231514445032156
2 0.34813468789062496 0.5011082715277778 0.031552992968750006 0.044875368055555497
2 0.538767353515625 0.48381255694444447 0.03365652578124996 0.0617036305555556
2 0.545603834765625 0.4997059166666667 0.024190627343750038 0.04113575277777773
3 0.5964580381298608 0.47642016459596076 0.07962131063472153 0.1179715097474771
2 0.6188252838233708 0.5296980302913432 0.058674451297803645 0.09599402564596413
2 0.731240609765625 0.49596630277777776 0.07993424921874999 0.05609420833333335
2 0.8803285011718749 0.6815446458333334 0.23875097890625002 0.4412744472222223
2 0.17136279999999998 0.5307580770833333 0.0536400875 0.07479227916666666
2 0.10728017578125 0.5319600875 0.094658978125 0.10283938333333333
2 0.035234175390625 0.5366346041666666 0.07046835078125 0.11966764722222223
1 0.5728780570312499 0.5085290687499999 0.03681182500000002 0.14023552361111113
7 0.5758340869581747 0.569503438748684 0.032206220791349424 0.11633931916403478
8 0.32093337578125 0.34778409930555554 0.00841413124999999 0.033656526388888844
8 0.49815601874999993 0.3823755284722222 0.00946589843749992 0.03178671805555556
8 0.507621916796875 0.37957081805555554 0.007362364843750057 0.03365652499999996
8 0.32934750703125 0.35245861666666667 0.010517664062499987 0.02804710555555556
8 0.16579782734374998 0.44594896597222217 0.015776496875 0.028047104166666673
9 0.991329290625 0.07105266527777777 0.014724729687500115 0.08227150833333333
9 0.990277524609375 0.15238926944444445 0.016828263281249888 0.061703630555555555
2 0.3761689675919385 0.49824275020624015 0.014056328029605769 0.030755726287000743
