0 0.3492904856156067 0.42716502638888887 0.016713614981213442 0.07526984166666663
0 0.131968807421875 0.48110092382568714 0.03277880234374999 0.1616428162375145
0 0.0052070390625 0.4283790576388889 0.010414078125 0.07769790416666661
0 0.0629967421875 0.42386285337727125 0.025949885937500007 0.07216195435656864
0 0.041144206640625 0.41502473055555555 0.01775518515625 0.05584536944444444
1 0.382590075 0.42109487777777777 0.020486751562500016 0.07769790555555557
7 0.383272966796875 0.44051935486111105 0.01365783515625001 0.05827342638888895
0 0.62160218359375 0.4077405520833333 0.0314130203125 0.08983820138888884
2 0.7941474921875 0.5393905005221804 0.40928244218749993 0.4092725906223059
2 0.45839105859374996 0.48916031666666665 0.14477305000000001 0.26207088333333334
2 0.555361684375 0.40652652222222224 0.057362906249999936 0.07284178611111117
2 0.5178026390625 0.39438622430555564 0.042339285937499936 0.0388489513888889
2 0.40239393593749995 0.4198808506944444 0.01365783437500001 0.04613313194444449
8 0.289716798828125 0.3482530930555555 0.015023617968749958 0.01942447499999997
8 0.29586282421875004 0.2608429513888889 0.010926267187499982 0.038848952777777786
8 0.356640189453125 0.20101964202306175 0.009560485156249987 0.04546143126834572
8 0.4775120265625 0.14065400694444444 0.010926267187500028 0.06555760555555555
8 0.36604839430579916 0.2037835534722222 0.006524358924098328 0.041277012499999995
8 0.34434813750000004 0.20014146180555556 0.012292051562499972 0.04370507083333332
8 0.463854191796875 0.14429609444444447 0.010926267968750025 0.058273427777777775
8 0.493218536328125 0.14551012430555557 0.012292050781250018 0.060701487500000005
9 0.17499098671875002 0.32728219496307104 0.012292051562499995 0.016331631592808784
9 0.286302340234375 0.28755160625000004 0.024584102343750035 0.01456835694444444
0 0.331373194140625 0.41259667152777774 0.005463135156249965 0.041277012499999995
0 0.340250787109375 0.4065265229166667 0.006828916406249963 0.0534173125
2 0.60011697734375 0.3834373652777778 0.04429685937499998 0.024374991666666623
