0 0.458628091015625 0.48546601041666665 0.009438557031250027 0.04576270416666672
0 0.587335694140625 0.51292363125 0.02316736953124998 0.11288133472222223
0 0.646541191015625 0.5144490541666666 0.02145126796875001 0.11288133333333335
0 0.62122869609375 0.4900422798611111 0.032605925000000015 0.15864403749999997
0 0.12725963671875 0.49954893680555557 0.014908645312500001 0.07251209305555556
2 0.32005290468750003 0.4843219423611111 0.0068644062500000215 0.02593219861111109
2 0.31662070234375 0.48508465416666663 0.008580507812499994 0.024406775000000006
2 0.294740410546875 0.4721185541666667 0.012870761718750012 0.010677963888888876
2 0.27414719375 0.4934744833333334 0.023167368749999983 0.03508474166666665
2 0.347081501953125 0.4934744826388889 0.03861228046875 0.06864405416666668
2 0.398564543359375 0.47364397708333333 0.007722455468750056 0.016779656944444495
2 0.4152965316406251 0.4911863479166667 0.029173724218750065 0.04881355138888889
2 0.573177857421875 0.4904236368055556 0.08580506796874995 0.05644066805555552
2 0.663444799609375 0.4812710972222222 0.06349575078125005 0.05033897499999998
2 0.75487008984375 0.4885168548611111 0.08666311875000003 0.05491524305555555
2 0.708106326953125 0.4648727923611111 0.03603812890625004 0.06559320694444443
2 0.8913001488281249 0.4808897395833333 0.13986226171875007 0.08237286527777772
2 0.971255302734375 0.5171509815690273 0.057489394531249974 0.10372879583333333
2 0.29945968828125 0.4953812618055556 0.03432202656249998 0.04423727916666667
2 0.19692263203125 0.5052965152777777 0.11412074062500002 0.1372881111111111
2 0.368961794140625 0.5091100729166667 0.07379235859374997 0.10220337083333335
2 0.5319914238281249 0.48661007708333337 0.01372881015624996 0.03355931527777779
8 0.4208738605468749 0.18572030416666666 0.01801906328124998 0.06254236111111111
8 0.53692521640625 0.39088975833333334 0.023167368750000073 0.03661016388888893
8 0.40156772109374994 0.18737284305555554 0.018877117187500004 0.06864405555555556
8 0.447044406640625 0.1835592840277778 0.01716101328124999 0.06101693750000001
8 0.502388675 0.3165253638888889 0.014586859375000039 0.09305083055555556
9 0.44035160859375005 0.4271185638888889 0.013728810937500047 0.030508466666666657
9 0.47510266132812495 0.23796605694444442 0.026599571093750017 0.045762702777777796
9 0.5130285000000001 0.3888304486111111 0.011154659374999997 0.016779658333333378
9 0.510883372265625 0.37281350069444447 0.01201271171874998 0.012203387499999963
9 0.655464912890625 0.37891519652777783 0.026599571093750017 0.015254234722222215
9 0.5083092203125 0.40408468541666664 0.01716101406249999 0.010677965277777762
9 0.5169755371093749 0.23415249791666667 0.014586861718750033 0.04423727916666667
2 0.04090751875282711 0.4872604031126517 0.03351893607059843 0.03652242496581337
2 0.09605157486897291 0.47380477286208883 0.02847307472663737 0.026270516203479765
