8 0.50972681796875 0.35320287638888886 0.009228507812500019 0.025781233333333337
8 0.45303740429687506 0.3028122847222222 0.011865225781250021 0.03281247777777775
8 0.576303921484375 0.3274216409722222 0.007910150781250014 0.02578123194444445
8 0.6244240050781251 0.3426560083333334 0.006591791406250014 0.018749988888888878
9 0.8900732371093749 0.30281228402777777 0.026367169531250133 0.05624995972222224
2 0.43128448984375006 0.4258590749999999 0.026367168749999958 0.035156224999999985
2 0.40425814140625 0.42703094861111107 0.03295896250000001 0.04687496666666667
2 0.365366566015625 0.42820282499999995 0.055371055468750006 0.0539062138888889
2 0.31460976484375003 0.44343718749999994 0.072509715625 0.06562495277777781
2 0.21309616328125003 0.4446090618055556 0.14106435625000002 0.1148436708333333
2 0.565097875 0.4317184458333333 0.02241209375000004 0.06562495555555559
2 0.58355489296875 0.4293746965277778 0.022412093749999952 0.028124981944444412
2 0.6771583437500001 0.4375778166666666 0.08569330000000006 0.1289061611111111
4 0.358774773828125 0.39304659861111113 0.05273433828125 0.0632812055555556
4 0.19397996445312501 0.3731247375 0.22412093984375003 0.14531239999999998
4 0.317905662109375 0.38718722708333336 0.03164060390625001 0.07031244861111112
2 0.614536316015625 0.4340621930555555 0.036914036718749973 0.05624996111111113
2 0.49654323398437505 0.48445278472222225 0.14633778984374998 0.20859360555555553
2 0.766147540234375 0.5114058909722222 0.22939437265625004 0.24374983194444438
2 0.073918709375 0.46570279861111114 0.14783741875 0.1429686527777777
9 0.053790273046875 0.051540244444444445 0.10758054609375 0.10308048888888889
