8 0.6047693730468751 0.3579007916666667 0.025829075781249954 0.018367341666666686
8 0.5567272921875001 0.3606558944444444 0.010331629687499965 0.01653061111111111
8 0.39466828398437503 0.33861508333333334 0.020663261718750013 0.01653061111111111
9 0.8911031429687499 0.3260203381944444 0.01963009843750001 0.04591835972222221
9 0.9066005882812501 0.3819095361111111 0.017563770312500004 0.04224488888888887
9 0.62698237890625 0.3534401555555556 0.012397956249999975 0.02938775000000003
9 0.5763573890625 0.3635421923611111 0.012397956249999975 0.020204076388888877
9 0.55982678046875 0.3819095361111111 0.024795912500000038 0.01653061111111111
9 0.90556742578125 0.41313402152777773 0.01963009843750001 0.023877545833333378
8 0.6745816734375 0.4213993243055556 0.009298467187500048 0.01469387361111111
8 0.6632168804687499 0.4204809576388889 0.00723214062499995 0.016530609722222225
8 0.363968584765625 0.4471136041666666 0.008265305468749994 0.018367341666666686
0 0.062063579296875004 0.5238628638888889 0.01549744609375 0.031224480555555562
2 0.078298998828125 0.5949707243055556 0.15659799765625 0.2957142263888889
9 0.023836547265625 0.42192411111111106 0.015497446093750002 0.022040811111111145
0 0.7087498648437499 0.47309028263888886 0.012397956249999975 0.033061218055555563
2 0.42470380937499996 0.49513109444444436 0.011364793750000057 0.014693874999999995
2 0.42522038867187495 0.5061515 0.02479591328124995 0.02938774999999999
2 0.44743339648437497 0.5134984368055555 0.02996172890625006 0.04775509027777779
2 0.60860683203125 0.49145762430555556 0.023762751562500028 0.025714279166666642
2 0.78549911171875 0.46298824236111114 0.051658153124999905 0.023877545833333298
2 0.692514436328125 0.5337025138888889 0.047525499218749975 0.0918367138888889
2 0.3053734765625 0.5474780208333333 0.14051017343749997 0.17816322777777782
3 0.49805838476562503 0.5107433368055556 0.09195151171875002 0.13408160416666665
2 0.5724461246093749 0.4868657881944444 0.04029335859374994 0.03122448472222222
2 0.5388683246093751 0.49145762430555556 0.01653060703125 0.03673468750000002
2 0.7898531648437499 0.5814576048611111 0.22006372812499997 0.22040811805555557
