8 0.284156487109375 0.23048789930555558 0.010722886718749968 0.0415918013888889
8 0.26709734960937503 0.22788841180555555 0.011697694531250002 0.04679077638888892
9 0.2281050359375 0.24175234513888888 0.013647309375000027 0.025994873611111104
9 0.184238682421875 0.2339538826388889 0.017546539843749986 0.024261884722222227
9 0.185700894140625 0.25561627986111113 0.014622116406249996 0.02252889305555554
9 0.183751278515625 0.28767662638888886 0.01852134765625 0.017329916666666674
8 0.18326387500000002 0.31713748541666664 0.011697693749999983 0.045057784722222195
8 0.172053584765625 0.35353031180555555 0.010722886718750014 0.020795901388888892
8 0.490815750390625 0.2686137173611111 0.00877327109374999 0.0311938513888889
9 0.5259088328124999 0.27294619652777774 0.04386635312499996 0.025994876388888876
9 0.011210290234375 0.09098206597222222 0.01852134921875 0.05025675972222222
8 0.011210290234375 0.16376771805555557 0.01852134921875 0.07105266111111111
9 0.007311058984375 0.25648277569444444 0.01267250234375 0.027727868055555563
7 0.195936376953125 0.4349809229166667 0.017546541406249984 0.034659834722222234
1 0.195936376953125 0.4159180145833334 0.017546541406249984 0.051989751388888866
2 0.352393036328125 0.4193839979166667 0.022420580468750017 0.0415918013888889
2 0.5168316920542987 0.37562035025856133 0.03935938098359726 0.042469510593988485
2 0.406007467578125 0.3734597166666666 0.028269427343749952 0.022528891666666655
2 0.3094794489094609 0.43428172254015196 0.07993424296875 0.13902095157345407
2 0.45328564843749997 0.5328949555555555 0.280744659375 0.3136715027777778
4 0.7647367550781249 0.3552633034722222 0.46693295859374995 0.7001286569444444
