2 0.47557459218750003 0.27686435555555555 0.011154659374999997 0.012203386111111117
2 0.47771971757812504 0.28296604791666663 0.010296608593750011 0.012203387500000003
2 0.4764326421874999 0.2867796076388889 0.00943855625000003 0.016779656944444454
2 0.46656506093749994 0.2837287597222222 0.008580507812499949 0.013728811111111128
2 0.466994084765625 0.29822028194444444 0.014586861718750033 0.021355927777777752
2 0.45455234921875 0.28601689375 0.01201270781249999 0.012203387500000003
2 0.45112014765624997 0.3020338409722222 0.013728810937500047 0.022881351388888877
3 0.453265273828125 0.27457621875 0.02230931796875 0.028983045833333342
3 0.42409155195312503 0.2783897770833333 0.04118643359374996 0.06711862916666667
3 0.39620490390625 0.291355875 0.019735165624999995 0.047288125
3 0.32756084882812503 0.26542368055555554 0.09867582890624997 0.10830506944444443
2 0.382047066796875 0.30050841805555556 0.013728810156250004 0.028983044444444456
2 0.09502911328125 0.30279655208333334 0.10725633593749999 0.07016947916666665
2 0.48930340273437506 0.2837287597222222 0.007722455468749967 0.013728811111111128
2 0.493164630859375 0.2875423180555555 0.00858050703125004 0.015254236111111139
2 0.49831293398437493 0.28830503055555556 0.008580503906250047 0.013728811111111128
2 0.5184771257812499 0.29364401180555555 0.011154659374999997 0.021355926388888866
2 0.5043192902343749 0.2844914729166667 0.010296607031250016 0.012203387500000003
3 0.514186873046875 0.27991520000000003 0.015444913281250017 0.03355931388888887
2 0.50144481953125 0.30050841875 0.013728810937499957 0.02135593194444441
3 0.534908796875 0.29898299513888893 0.025741520312499943 0.054915245833333355
2 0.26363607265625 0.39508467013888887 0.207648265625 0.22728809027777777
