2 0.45323339375 0.5649804729166666 0.023917328125000026 0.01700787916666668
2 0.43768712968749995 0.5628544861111111 0.007175200000000004 0.023385833333333356
2 0.429913997265625 0.56179149375 0.013154532031249921 0.0340157569444444
2 0.42154293203125004 0.5607285006944445 0.015546264062499926 0.03188977083333329
2 0.41018220000000005 0.5586025166666666 0.016742131250000014 0.04039371111111107
2 0.39702766953125 0.5586025166666666 0.016742131250000014 0.04039371111111107
2 0.38119026712854287 0.5642386533355395 0.02811852019458576 0.04316204555996776
2 0.3657254393402497 0.570310979758279 0.02588965836799941 0.04255079007211372
2 0.34930225890015576 0.5722479570561124 0.023414989840459956 0.04892874423878032
2 0.3215183468194368 0.5714034609291819 0.04510345926387362 0.06599559963614167
2 0.280430687890625 0.5745053071972134 0.05620572421874996 0.0764512588388711
2 0.227812562890625 0.5894292979166667 0.07294785546874998 0.08078742638888896
2 0.13872051093749999 0.6021852062499999 0.11480318125000002 0.10629924305555558
8 0.4932949203125 0.5043899027777777 0.005979332812500004 0.017007880555555566
8 0.49748045234375005 0.5075788805555556 0.0047834656250000055 0.019133863888888904
2 0.548121590721488 0.5537829927439211 0.018488508424756932 0.03203615186091169
1 0.5381399121093751 0.5479725944444443 0.007175199218750006 0.023385833333333276
7 0.5363461132812499 0.5628544861111111 0.008371065625000007 0.019133861111111136
2 0.50405771796875 0.5734844097222223 0.07055612187499997 0.10417325833333335
2 0.5770055730468749 0.5639174791666667 0.025113196093750022 0.05952757499999998
2 0.603912568359375 0.5681694493055556 0.05500985859374996 0.0807874236111111
2 0.6158712328125 0.5798623645833334 0.057401590624999964 0.07866144027777777
2 0.6595848337344883 0.5944555112395367 0.0823858387810235 0.09934379192351762
9 0.707952951953125 0.4140355465277778 0.014350397656249925 0.019133862500000022
2 0.04464568046875 0.5966930729166666 0.0892913609375 0.1615748486111111
2 0.8654087011718751 0.6519686798611111 0.26548235703125 0.3103937875000001
2 0.97602635 0.7593309118055557 0.04424705937500004 0.2572441652777777
