2 0.038666348046875 0.5984647326388889 0.07733269609375 0.15944886249999998
2 0.10005415859375 0.5711812548611112 0.0861023859375 0.06803151527777776
2 0.1706102796875 0.5609056555555556 0.062185056250000016 0.04464568333333329
2 0.29297467791774434 0.5484928723852172 0.03826772734374995 0.03826772777777789
2 0.324109085025838 0.5603500819489691 0.04869045130167597 0.06276470832428407
2 0.37031998164062496 0.5738325825215104 0.07653545546874999 0.11233516829031243
2 0.4325050375 0.5524718867662429 0.04065945937500004 0.05471624673542321
2 0.4614688756349638 0.5478902373798762 0.022051679394927602 0.032797039629356484
2 0.5012673585937499 0.5350395145833333 0.013154531250000013 0.021259848611111132
2 0.48093763046875004 0.5442498726714878 0.013154531249999924 0.02551181805555566
2 0.524586756640625 0.5715463663801162 0.06696852265625006 0.09427355220467683
2 0.5664420828125 0.5456559915844829 0.02152559687499993 0.03826772777777781
3 0.590359412890625 0.5456649606207536 0.04544292734374995 0.0552756083333333
2 0.6081458509448039 0.5588476017988419 0.039561619352933876 0.040551975493916044
8 0.4504430359375 0.4935828083333333 0.009566931250000011 0.019133863888888904
8 0.5207998496093751 0.5004568368055555 0.008371067968750001 0.017007879166666604
9 0.52917091484375 0.49833085069444444 0.008371064062500011 0.017007879166666604
9 0.555562190234375 0.5091733680555556 0.00614376015625 0.027637802777777803
0 0.9538679406250001 0.5778750200139607 0.04663879218749987 0.14378125669458805
0 0.986156333984375 0.5485040881944444 0.025113194531250115 0.17858272361111105
0 0.9084250148437502 0.5800514283082611 0.01554626562500001 0.07585058717207771
0 0.8906385173760809 0.5765126017152854 0.015243263685338349 0.07727687565279295
0 0.8169412292968751 0.5644489756944444 0.021525596093749932 0.09141734861111112
9 0.3739075796875 0.44787413541666665 0.009566931250000011 0.05102363472222227
9 0.3649385828125 0.4627560284722222 0.008371065624999962 0.02976378749999995
