3 0.3636356984375 0.36245005208333336 0.03333841718750001 0.05509994305555558
3 0.3504466646650736 0.3709061169520174 0.029185960580147264 0.05234912681955378
2 0.32375060346672735 0.37773495150206315 0.04247066943345477 0.048640583559681816
2 0.32944248286690747 0.4083403470025205 0.05067425213102679 0.10516111500136496
2 0.50192839296875 0.4028049083333334 0.06544207812499998 0.09878049722222224
2 0.56675309296875 0.43649293055555555 0.12100610468750003 0.18371751388888885
2 0.7036205430028489 0.44697803125 0.2699328860056978 0.27823914583333337
0 0.195986753125 0.44535471875 0.04329259843750002 0.17265035138888893
0 0.398826251171875 0.38926832638888886 0.012347561718749978 0.061463422222222244
2 0.27903954356163985 0.44363313653122094 0.1123054477456975 0.13390245277777776
2 0.44048620756488466 0.36856622882185275 0.015381669502187023 0.025523337919187837
8 0.2638564484375 0.24237505069444445 0.00911529687499999 0.03694518750000001
8 0.256049321875 0.24475611805555555 0.008968471875000005 0.04609756666666666
8 0.39699326875 0.25175759305555556 0.00868159687500003 0.038149297222222205
8 0.38968651328125004 0.2525467979166667 0.010870939062500007 0.03241064305555557
8 0.11409470011765901 0.37324862903190764 0.01991691117281802 0.029424038619370742
9 0.08412776066503087 0.32814706638659347 0.027164637499999998 0.013170738888888856
0 0.13774422818519505 0.4127082062667545 0.010592995106883519 0.028439703231396704
2 0.09490532965213452 0.4828918907336878 0.18981065930426905 0.2860373679063118
0 0.87404241484375 0.35258114375000005 0.04446266718749996 0.1851311013888889
2 0.868192065625 0.4445226659722222 0.26209572031249995 0.35154107916666666
0 0.5967357847656249 0.34401867588062335 0.01404084140625006 0.02321462696051222
9 0.098870927734375 0.3415247237070698 0.026911613281250003 0.016595217827363246
9 0.09243554296875 0.3078584625 0.011700701562499994 0.012480747222222238
9 0.20768745429687502 0.34946095625 0.019891192968750016 0.012480745833333352
9 0.528286682421875 0.2880972798611111 0.022231335156250066 0.010400623611111114
9 0.5037152078125 0.29017740277777776 0.012870773437499938 0.006240372222222214
2 0.52828668125 0.3109786493055556 0.005850351562500045 0.022881373611111085
2 0.49844989179687504 0.3286597118055556 0.009360563281250034 0.01664100694444445
2 0.3470845819153761 0.3863024607015564 0.014457323486569074 0.036480128080804995
