9 0.667255969921875 0.22528892430555555 0.03801750703125002 0.027727868055555563
9 0.662381931640625 0.2590822638888889 0.012672502343750036 0.036392825
9 0.655558276171875 0.3439988576388889 0.012672502343750036 0.039858809722222215
9 0.703323860546875 0.35006432847222224 0.05751366328124998 0.034659834722222234
8 0.405520063671875 0.2547497840277778 0.011697694531249959 0.06238770138888887
0 0.8831759082031251 0.6030811201388889 0.040941928906249994 0.15943524027777775
0 0.736467327734375 0.6256100118055555 0.02047096484374995 0.10397950416666661
0 0.742316175 0.5926831736111111 0.024370196874999993 0.15596925555555557
0 0.723307421484375 0.6065471034722222 0.02144577265625003 0.11091147083333336
0 0.72135780625 0.5944161618055556 0.027294620312500052 0.13517335416666668
0 0.70527347734375 0.6247435180555556 0.012672501562500039 0.07798462777777779
0 0.692600975390625 0.602214625 0.022420580468750017 0.14730429722222224
0 0.6843151078125 0.6195445423611111 0.03899231406250001 0.1577022486111111
0 0.662869334765625 0.5892171861111112 0.027294619531250053 0.14210531944444446
0 0.655558276171875 0.6082800965277777 0.03411827421874998 0.15596925694444436
8 0.063362508984375 0.11004497430555556 0.025345003906250007 0.08491659305555556
8 0.034605678125 0.09531454652777778 0.0341182734375 0.09358155416666665
0 0.20227262812499996 0.5372274347222222 0.010722885937500015 0.02772786944444437
0 0.186675701953125 0.5588898305555555 0.012672502343749992 0.05372274166666663
0 0.179852048046875 0.5571568395833334 0.012672502343749992 0.06065470972222226
0 0.167666948828125 0.5623558131944445 0.013647308593750008 0.050256756944444446
0 0.1540196390625 0.55109136875 0.015596926562500002 0.04852376805555557
0 0.14573377265625 0.55109136875 0.01267250312499999 0.04159180138888882
0 0.131111655078125 0.54849188125 0.01657173203125002 0.05372274305555559
0 0.11015328671875 0.5476253868055555 0.015596926562500002 0.03812582083333338
0 0.079934243359375 0.5502248729166667 0.023395388281250006 0.05718872638888889
4 0.548329414453125 0.5450258965277778 0.12380059765624996 0.2200899486111111
2 0.456210071875 0.5302954694444444 0.017546540624999985 0.03119384722222228
3 0.41283112265625005 0.5233635013888889 0.08090905156250003 0.1940950722222222
3 0.350443421875 0.5320284604166667 0.036067890625 0.09704753750000003
2 0.280744659375 0.5762197493055555 0.14622117656249997 0.22355593194444448
2 0.454747860546875 0.6247435159722221 0.11600213359375 0.16463421527777777
2 0.021113228437386337 0.5398269229166668 0.04222645687477267 0.38992313750000007
8 0.699831915234375 0.45149005138888887 0.026150660156249915 0.0339735083333333
8 0.677704432421875 0.4505960097222222 0.010057947656250033 0.035761588888888855
