9 0.1836398234375 0.26250017152777777 0.047647092187500004 0.02382354583333337
9 0.165027679296875 0.19058836458333334 0.03424634765624999 0.02647060416666667
8 0.154632233984375 0.3152799375 0.02238928828125002 0.04291241111111109
2 0.285634378515625 0.4804382263888889 0.14443024609375002 0.1914641888888889
3 0.37795061796875 0.44205912361111105 0.058069892187499986 0.12176478888888885
2 0.4077300507812501 0.46191208125000005 0.016378687500000044 0.05558827361111117
2 0.4245380143956353 0.458389903598201 0.013665959327027277 0.03020032090028219
2 0.45388816953125 0.45996822723539926 0.016378687499999954 0.023823544444444403
2 0.4766341966125601 0.46050955296331814 0.026135421350120324 0.023844707857903557
8 0.39879622109375 0.04720590277777777 0.013400743749999977 0.08735299999999999
8 0.36231641601562503 0.04808824027777777 0.02084560234374999 0.08735299999999999
2 0.511213576171875 0.4667650104166667 0.014889714843749947 0.021176484722222236
2 0.5238698355468749 0.4676473715277778 0.010422800781249996 0.031764729166666686
2 0.543970951953125 0.47294149236111105 0.03573531796875003 0.04764709027777777
2 0.8610459143420801 0.5300908908859111 0.14576723649666015 0.11959292066071123
9 0.7958775508794572 0.37632377847222226 0.03221657792858572 0.018529423611111106
2 0.6608350091046853 0.4690969555555556 0.0573204166468706 0.034411788888888926
0 0.7065387451387661 0.4781725972222222 0.01472044340253218 0.06617651388888887
2 0.768659181640625 0.4900002312500001 0.12109366015624996 0.11630239305555558
9 0.794472706640625 0.4040548993055555 0.017867660156249965 0.029117668055555553
1 0.4334542409601658 0.45603047097315336 0.010118627804938907 0.02857024321394519
7 0.43434706106060156 0.4703155925801258 0.0071425608034862975 0.023279457433584998
0 0.6826502633247795 0.4644957282217296 0.010118627804938907 0.043384443398953705
0 0.6171767892928219 0.4666120425338737 0.008928201004357827 0.03491918615037745
