9 0.5304043585937499 0.555221675 0.006316426562500066 0.007486136111111108
9 0.5553191492187499 0.5152956208333332 0.0070182515625000445 0.0074861305555555665
2 0.46559080937499997 0.5836689902777777 0.007018248437499963 0.014972269444444445
2 0.4599762097656249 0.5880359027777777 0.007018250781249957 0.016219958333333295
2 0.45190521953125007 0.5861643680555556 0.013334678125000022 0.02744915833333334
2 0.444185143359375 0.5899074368055556 0.014738327343749979 0.027449162499999995
2 0.439272367578125 0.5924028145833333 0.014738328906249976 0.024953781944444448
2 0.432605028515625 0.5936505034722223 0.014036502343750002 0.027449159722222227
2 0.42032308789062506 0.6011366388888889 0.027371178906250026 0.042421430555555556
2 0.40804114804687497 0.6117419958333333 0.015440152343749958 0.04117374166666671
2 0.39646103359375007 0.6154850631944444 0.023160229687500023 0.053650631944444485
2 0.39217876502753696 0.6202267679166489 0.014296715222088353 0.04535255631845432
2 0.3801324256658808 0.6226588779373099 0.02684130145228867 0.06891441010633083
2 0.3490878375 0.6323288680555555 0.0589533140625 0.08484286111111111
2 0.32873490625 0.65665880625 0.047724109375000004 0.08609055138888892
2 0.26767611875 0.6694991414914079 0.10246647187499999 0.1442110996494825
2 0.177631946484375 0.7340839146070639 0.14527780703124998 0.1845452431030167
2 0.499418780078125 0.5725645465277778 0.00842190234375 0.01871533749999996
2 0.50468246953125 0.5750599249999999 0.007720076562499933 0.021210716666666702
2 0.5153262537982259 0.5802194493770891 0.008438990668043368 0.029034387643067087
2 0.5225372086053801 0.5871994295423775 0.012201122596402136 0.03244591687477817
2 0.5341258683925268 0.5868678921074221 0.01761214602744641 0.04732202865928856
2 0.5445108889858892 0.5919763368560439 0.02416915029957174 0.06237276034355498
2 0.5697495497221577 0.5926786407625325 0.049773657171559994 0.09097345268362081
2 0.5728527534973311 0.6092060985047266 0.03509125624999996 0.08318615838074236
2 0.6033695447268915 0.610737245998604 0.052166666258168085 0.1243422004606301
2 0.6539135581848312 0.6198962561283088 0.11159020000000001 0.16287632785961786
2 0.75333913203125 0.6626423941517441 0.21756579687499994 0.2520332097222223
2 0.8916472519531251 0.6859133305555556 0.21120612578125 0.5213721194444444
2 0.06062749274706075 0.7767424770216864 0.1212549433066215 0.28820880410159766
2 0.47513562539062504 0.5835026520833334 0.011229200781250004 0.01497227083333333
2 0.48425935156250005 0.5841264979166667 0.005614598437500007 0.011229201388888851
