2 0.18530463498080962 0.399873948591116 0.01977930275630131 0.03121165407916217
2 0.16679191152566472 0.40708255035910085 0.028994850000000016 0.0329896944444444
6 0.15406647697822284 0.41867123543626705 0.011407322231185546 0.028318286852675418
0 0.142074765234375 0.39484542638888886 0.008118558593750014 0.024742272222222222
2 0.11419752738520979 0.4125252311534026 0.04993753874143116 0.06631489279900807
9 0.089884035546875 0.40515470694444444 0.008118558593750002 0.024742272222222222
9 0.07770619921875001 0.40618563472222224 0.0069587640625 0.02268041666666668
9 0.04928944841368508 0.40780006542941405 0.00986237337205222 0.017929880140626547
9 0.1681701296875 0.3649485125 0.0069587640625 0.01855670555555559
8 0.176288687890625 0.3694563104336786 0.009278352343750008 0.011077448645135017
8 0.19871764845069043 0.36977761790093616 0.008492607786119178 0.01172006357965011
8 0.3676547 0.15773198472222222 0.013917528125 0.061855680555555535
8 0.382732021484375 0.15773198333333333 0.016237114843750032 0.05773196944444445
8 0.5422036968749999 0.3175258263888889 0.012757732812500056 0.02268041666666668
9 0.5294459640625 0.28350519930555557 0.024355674999999976 0.016494843055555583
9 0.45695883789062497 0.3123711868055556 0.009278350781250033 0.016494848611111123
9 0.738788781640625 0.21958766527777776 0.024355674218749977 0.037113408333333334
9 0.749226927734375 0.15051548888888888 0.028994850781250036 0.026804127777777787
9 0.741108369140625 0.11752579236111112 0.01971649765625001 0.03917526527777778
9 0.728350634765625 0.1845361131944444 0.04755155390625001 0.032989695833333325
8 0.72023207734375 0.2680412826388889 0.017396910937499933 0.04742268750000002
8 0.7532862078125 0.26288664097222225 0.02783505625 0.04536083194444444
2 0.4361483419945282 0.3981729663588425 0.03204111681892048 0.07188528474558488
2 0.92319602890625 0.36597944236111113 0.03827320312499989 0.0618556819444444
2 0.936533658984375 0.3670103708333334 0.044072172656250075 0.07628867222222221
2 0.8652063285156248 0.4536083222222222 0.16817013203125003 0.14226806388888893
2 0.6490752197556764 0.4869185360639052 0.3128034339261473 0.3395652028721895
2 0.46283634426691994 0.40606111666784045 0.06278594790883991 0.07241400277543023
2 0.84548983046875 0.6309279388888889 0.3073454125 0.5134021472222222
2 0.3076247920079092 0.5447618758646612 0.29558346526581836 0.46548620938178875
8 0.011018042968749999 0.07848304861111112 0.022036085937499998 0.07189991944444445
2 0.4145249846247644 0.3788507243633367 0.013374423324595508 0.026989827249634068
2 0.14332321211356994 0.4129093158926368 0.015543248728583902 0.04369781554702649
