9 0.54650163359375 0.15844495 0.03509308281250005 0.048523769444444455
9 0.545039422265625 0.20003674930555554 0.026319811718749975 0.01732991805555556
9 0.49837051210937505 0.31800398125 0.011697694531250047 0.024261881944444456
9 0.55052273125 0.26774722222222225 0.01657173437499999 0.06931966666666665
9 0.22459572851562498 0.34313236180555556 0.015596925781250003 0.010397951388888889
9 0.045231083203125 0.340532875 0.01949615703125 0.05025675833333329
9 0.2890305265625 0.35093082499999995 0.01267250312499999 0.012130941666666652
9 0.29098014375 0.36219526805555546 0.010722885937500015 0.010397947222222193
8 0.21786955312499998 0.36956048680555553 0.01267250312499999 0.020795901388888816
8 0.309501490234375 0.30890577291666665 0.008773269531249994 0.031193848611111127
8 0.45084863007812503 0.31930372569444443 0.008773269531249994 0.020795901388888892
8 0.44548718515624997 0.32017022083333335 0.007798462500000003 0.0259948777777778
8 0.81567046484375 0.29937432013888887 0.028269426562500043 0.07451864583333333
2 0.21786955429687502 0.3773589479166667 0.12575021171874998 0.05892171805555554
2 0.21484764882812502 0.42804895625000006 0.04289154453124999 0.051989751388888866
8 0.40064602460937504 0.37207331666666665 0.007798463281250045 0.01906290833333328
2 0.382027203125 0.40032108888888884 0.039967121874999956 0.06585368611111109
2 0.348883737890625 0.4193839979166667 0.061412894531249984 0.07625163472222217
2 0.27847644957743395 0.4367139131944444 0.11166067415486784 0.11784343750000004
2 0.48460281666265537 0.5362273494249875 0.25681604113781076 0.3688600599610862
0 0.671057729296875 0.4176510055555555 0.03704269765624994 0.1490372888888889
7 0.9455636105468749 0.6221440298611111 0.10722886328124996 0.49563563472222216
0 0.183751278125 0.42342765 0.010722885937499992 0.04505778611111108
0 0.179852048046875 0.41996166875 0.010722886718750014 0.055455734722222164
0 0.172540990234375 0.42169465972222225 0.011697694531250002 0.05892171666666665
0 0.026222331249999998 0.4323814388888889 0.0165717328125 0.08145061111111115
0 0.013062425390625002 0.42718246111111113 0.01754654140625 0.08491659722222222
