2 0.9130872878549958 0.6225273242154664 0.1738254242900082 0.24628600526259703
3 0.808603108203125 0.5900836833333334 0.11990136484374991 0.1750321666666666
2 0.57074999375 0.5935496659722221 0.09455636093750001 0.13344036250000002
2 0.7190497122042563 0.5813908537984549 0.0709031209039872 0.08342490755348943
3 0.6901639546875 0.5666882944444445 0.05069000781249997 0.07971761944444443
2 0.665306355078125 0.5658217993055555 0.018521349218749972 0.05372274583333329
2 0.653121256640625 0.5666882951388889 0.015596925781250003 0.04505778750000004
2 0.6198039535940769 0.558870677733382 0.029950979310725233 0.038312537004864644
2 0.3428667391562607 0.5600642862802289 0.046259531437521414 0.034043916328431185
0 0.27733283203125003 0.5528243604166666 0.010722885937500015 0.031193851388888937
0 0.420629585546875 0.5610931840781828 0.010722886718749968 0.033867565378587726
0 0.38992313828125 0.5598902974885853 0.009748078125000026 0.03492777553272622
0 0.4802533750523912 0.5585024026083896 0.01072288593750006 0.032926843055555585
8 0.65604568046875 0.4878371708333333 0.005848846874999936 0.01906290833333336
8 0.6614071234375001 0.5155650381944444 0.008773270312499993 0.019062909722222247
3 0.08724530234375001 0.602214625 0.1725409890625 0.1577022472222222
2 0.20763407109375 0.6039476166666666 0.07993424375 0.08491659444444445
2 0.22469320859375 0.5467588895833333 0.04971519999999998 0.046790776388888844
2 0.4627914750769045 0.5566690663614035 0.024866441719343692 0.033296859636752094
2 0.5068111753385962 0.5563837134904858 0.027116810052192176 0.02983087630341888
2 0.48447949921875005 0.55109136875 0.01169769374999996 0.020795901388888892
2 0.5324367501503438 0.5471990873006632 0.012195862105216549 0.028016683307219774
8 0.377738040234375 0.5302954680555555 0.010722886718750014 0.01386393333333326
2 0.47552448767023836 0.5544796138289917 0.007190352415144474 0.02152900840090055
2 0.5207480199654893 0.5534704415601995 0.015137584031883122 0.03162073108882255
2 0.6202095186187521 0.5410239630467666 0.013245386027897776 0.02152900840090055
