2 0.037042698046875 0.5883506909722223 0.07213578046875 0.12304241249999998
2 0.8714782144531249 0.64813890625 0.2534500398437499 0.2876766291666667
9 0.927529665234375 0.3344674034722222 0.028269427343749952 0.05892171805555554
2 0.35187788910633394 0.56486378946846 0.09742529852516783 0.11072844282580895
2 0.48399209531250004 0.5311619645833333 0.034118275000000066 0.04332479305555555
2 0.6995879055280179 0.5619670075387848 0.0734371407435356 0.09107094563312496
2 0.6489566082531557 0.5316843843174612 0.03846147900631136 0.047835615857144693
2 0.6016344526861843 0.5200198553428395 0.025701027247368648 0.03143852735234552
2 0.5697751863281251 0.5207640138888889 0.026319813281249972 0.01906290833333336
2 0.28171946718749996 0.5415599138888889 0.09358155312499998 0.0745186444444444
2 0.460109303515625 0.5259629881944444 0.01949615703125005 0.025994873611111143
2 0.50348825234375 0.5294289715277778 0.012672501562500039 0.02946085694444444
2 0.519085177734375 0.5259629888888889 0.016571733593749992 0.022528891666666655
2 0.529320660546875 0.5129655506944445 0.017546541406249984 0.020795901388888892
2 0.6265985008759618 0.523769700515579 0.019902045123076563 0.035472234364491505
2 0.8324859 0.4939026416666667 0.0409419281249999 0.024261883333333303
2 0.8836633125000001 0.48697067430555563 0.04971519999999998 0.031193848611111165
