0 0.15913921796875 0.5907247819444444 0.04867787812500002 0.2995561777777777
0 0.8461713078124999 0.6280028868055556 0.07264237343750005 0.25428991250000005
0 0.9263025867187501 0.6373224097222222 0.06814903125000012 0.23032541666666656
0 0.853660212890625 0.6220117618055555 0.0861224023437499 0.27958576527777773
2 0.42020243281249997 0.5684910555555556 0.023215603124999973 0.0559171527777778
2 0.44716248828125005 0.5764792229166666 0.048677878125 0.07988164861111113
2 0.9075803246093749 0.5964496347222223 0.08762018203125006 0.09053253333333333
2 0.970487121875 0.6044377993055556 0.05466900312499998 0.06656803750000001
2 0.5645885015625 0.5951182736111111 0.06515346874999998 0.08520708888888891
3 0.8103395933593749 0.5530853131944444 0.10484466171874995 0.0772189236111111
9 0.37207818828125 0.44201179166666665 0.04418453593749998 0.077218925
9 0.371329298046875 0.5065827909722223 0.03819341328125003 0.06523667638888885
8 0.375073749609375 0.3593723097222222 0.03070450703125003 0.08387572777777781
9 0.51699183671875 0.5167898777777777 0.02096893125000001 0.046597627777777796
8 0.915331344921875 0.39474847361111104 0.033700069531250064 0.08121300833333334
2 0.6135284957031251 0.5758135416666667 0.014228917968750032 0.03461538055555553
