2 0.145880929296875 0.5761945527777779 0.12402743671874998 0.1123267361111111
2 0.7619228722656249 0.640678420138889 0.29602775234375 0.27457646527777774
2 0.34479285859375 0.55019299375 0.0421225265625 0.04368262083333331
2 0.41616713828125 0.55227311875 0.03276196406250005 0.03536212083333336
2 0.513867997265625 0.558513492361111 0.04563273671875008 0.06864411527777779
0 0.46531008515625 0.5429125576388889 0.01638098281250002 0.05408324305555554
2 0.23071101640625002 0.55227311875 0.07605455937500001 0.09776586249999997
2 0.283949209765625 0.5574734305555555 0.03978238515624999 0.06656399166666671
2 0.45302434804687497 0.5553933062499999 0.02223133359374998 0.0291217458333333
2 0.4887114894531249 0.55331318125 0.014040841406249971 0.04160249583333334
