2 0.5835828378906249 0.42519696805555557 0.009566932031250008 0.017007877777777795
2 0.5728200417968751 0.42625995972222225 0.009566932031250008 0.014881891666666687
2 0.565644841796875 0.43263791597222223 0.011958666406250007 0.014881895833333342
2 0.556077910546875 0.43051193125 0.01435039921875001 0.01913386527777779
2 0.53335644609375 0.42519696805555557 0.009566932812500007 0.012755908333333347
2 0.527975048828125 0.43476390000000004 0.010762800781250003 0.019133863888888904
2 0.51601638203125 0.44433083194444445 0.013154531249999924 0.017007877777777795
2 0.5094391175781251 0.42838594583333334 0.009566932031250008 0.014881894444444457
2 0.49807838632812496 0.44007886319444445 0.010762799218750008 0.012755912500000003
2 0.499274253515625 0.45708674375 0.010762800781250003 0.01700787916666668
2 0.48552178789062506 0.46452768888888885 0.026309061718750026 0.04464568333333329
2 0.529170914453125 0.46559067777777774 0.032288394531249945 0.04251969722222218
2 0.56863450859375 0.4613387111111111 0.025113195312500024 0.04677166666666663
2 0.42572846406250003 0.49003950416666664 0.12437011250000003 0.1764567388888889
2 0.34201781093749994 0.4602757201388889 0.03109252968749998 0.02338583194444439
2 0.36713100859375 0.46240170347222226 0.01913386406249997 0.02338583472222216
2 0.315708749609375 0.45814973125 0.031092528906249983 0.02763780416666661
2 0.29597695351562503 0.4613387104166667 0.027504928906250024 0.02976378749999995
2 0.2367815625 0.4602757180555555 0.04544292812500004 0.03614174166666662
2 0.1823696375 0.46877965625000007 0.089689984375 0.048897654166666624
2 0.13812257734375 0.4432678395833334 0.11360731406250002 0.08291340972222222
9 0.52378951640625 0.3837402638888889 0.01913386406249993 0.014881897222222228
9 0.5554799765625 0.4071260972222222 0.010762798437500009 0.010629925000000009
9 0.563851042578125 0.4060631055555555 0.01315453203125001 0.012755911111111119
9 0.571624175 0.4050001131944444 0.011958664062500013 0.014881895833333342
9 0.53993371328125 0.3816142784722222 0.013154529687500017 0.010629926388888893
