9 0.14134713789062497 0.24955080902777776 0.017546541406250005 0.04852376805555557
9 0.40893189101562494 0.24175234652777777 0.016571732031249998 0.04679077916666669
8 0.45084862890625 0.14297181736111111 0.008773270312499993 0.032926843055555564
8 0.51372373515625 0.1455713048611111 0.007798464062499999 0.034659834722222234
8 0.57513662890625 0.14903728819444445 0.007798462500000003 0.034659834722222234
9 0.628263656640625 0.2443518340277778 0.016571733593750082 0.0415918013888889
2 0.075547608203125 0.3439988576388889 0.12380059609375 0.11611044583333338
2 0.32656062851562495 0.31453799791666665 0.029244235156249986 0.039858809722222215
2 0.46303372695312495 0.33100141944444444 0.058488471093750063 0.09011556944444447
2 0.512261523046875 0.31367150208333333 0.032168658593749996 0.0415918013888889
2 0.5809854765625 0.3110720152777778 0.09748078593750006 0.15770224722222226
2 0.4177051621093749 0.31713748611111114 0.016571733593749992 0.02426188333333334
2 0.43427689492187493 0.31713748611111114 0.014622116406250019 0.02426188333333334
