8 0.4841598484375 0.47679653125 0.006237164062500078 0.02217658194444441
8 0.47948197578124996 0.47887558611111114 0.0062371640624999895 0.026334691666666684
2 0.291977235546875 0.5661958798611112 0.09433710390624998 0.1178130958333334
2 0.335247560546875 0.5426332597222223 0.05457518359374998 0.0900923666666667
2 0.369941783984375 0.5363960965277778 0.03040617421874998 0.06375767361111112
2 0.3890431 0.5322379875000001 0.018711492187499967 0.02772072777777773
2 0.3980090234375 0.5315449708333333 0.013253973437499988 0.023562619444444502
2 0.48493949453125007 0.5398611888888889 0.031185820312499946 0.0457392027777778
2 0.507159390625 0.5460983534722222 0.024169010937499992 0.052669384722222254
2 0.52626070546875 0.5551075881944444 0.043660146875000014 0.07900407638888886
2 0.5847341164062501 0.5598459911462732 0.10291320468749995 0.12058517083333334
2 0.80147556328125 0.570916275 0.04366014687499993 0.04963584722222226
2 0.841627306640625 0.5876794458333333 0.07562561328124992 0.10811084166666668
2 0.165674666796875 0.6015398090277778 0.21284321953125002 0.21067753750000004
2 0.43777094140624995 0.557186642361111 0.06159199375000002 0.08870632916666668
2 0.70908757265625 0.6140141354166666 0.19101314531249997 0.18295680694444447
2 0.9016600089843749 0.6348046833333333 0.19569101796874994 0.36868568888888886
9 0.03547386953125 0.4178899826388889 0.058473410937500005 0.13444553472222226
8 0.416720514453125 0.46709427569444445 0.007016810156249953 0.01940450972222223
8 0.433872715234375 0.46848031111111105 0.010135391406249994 0.024948655555555553
2 0.46310942109375 0.5343170423611111 0.014033618749999999 0.034650909722222185
