8 0.03440227890625 0.30462063958333335 0.021593589062499998 0.04052130138888887
8 0.9485308183593751 0.2651656888888889 0.03598931328125001 0.051184799999999975
8 0.48786761640625 0.32808034027777777 0.00959714999999992 0.02772510000000001
8 0.5760414316406249 0.3088860395833333 0.010796792968749979 0.027725101388888895
8 0.57304232265625 0.36753528888888887 0.00479857499999996 0.017061597222222245
8 0.5436510511718751 0.3739333902777778 0.005998219531250015 0.02132699999999998
9 0.36010555703125 0.36220354166666674 0.015595370312500023 0.036255900000000015
9 0.695405985546875 0.3453095720882772 0.009597149218750012 0.019835014584705254
0 0.382298966015625 0.42618454166666664 0.011996436718749993 0.0533175
0 0.42548614140624996 0.41765374166666663 0.00959715000000001 0.03625589999999998
0 0.45667687890625003 0.4240518409722222 0.011996437499999946 0.04052130138888891
0 0.4099275283167321 0.4017972067062615 0.007124351179035937 0.025869832856967652
2 0.53285425859375 0.4133883402777778 0.015595368750000027 0.023459700000000003
2 0.51845853359375 0.4091229409722222 0.013196081250000002 0.019194298611111153
2 0.5070619167968751 0.40912294027777774 0.011996438281250032 0.023459700000000003
2 0.49746476601562495 0.4144546909722222 0.016795011718749996 0.02559240138888883
2 0.48006993203125 0.4219191402777778 0.02279323125000001 0.036255900000000056
2 0.54665016015625 0.41018929097222223 0.014395725000000059 0.021326998611111096
2 0.56404499453125 0.4133883395833334 0.013196081250000002 0.019194298611111153
2 0.58024018515625 0.40805658958333324 0.01439572499999997 0.021326998611111096
2 0.5947190549225165 0.41040580613845395 0.019028012029966845 0.030290831721352243
2 0.6048328824218749 0.4187200909722222 0.01319608203125 0.02559240138888891
2 0.6156296761718749 0.4238518802867424 0.029991094531249995 0.03585598001792923
2 0.6504193453125 0.43364899027777776 0.041987531249999946 0.05971560000000006
2 0.7643855007812499 0.42161622048382885 0.06598040625000001 0.06245413958789791
2 0.32892326938404565 0.4443124895833333 0.06359802001809131 0.10236959861111106
2 0.2389415375 0.46137409027777776 0.15235475625 0.14502360000000006
2 0.036995260546875 0.5274877902777777 0.07399052109375 0.1834122
