2 0.6862647242187501 0.5805522291666667 0.019496156249999962 0.02772786944444445
2 0.66286933515625 0.5805522298611111 0.037042698437500035 0.031193851388888937
9 0.5303955191700334 0.5242299965277777 0.03489298040993312 0.053722743055555515
2 0.49471498125 0.5753532534722222 0.01657173437499999 0.020795898611111124
2 0.48301728671875 0.5753532534722222 0.010722885937499971 0.020795898611111124
2 0.47473142031250004 0.5727537652777778 0.009748078124999981 0.022528891666666655
2 0.46498334257812496 0.5684212868055556 0.015596925781250003 0.03465983194444438
2 0.4445924222019217 0.5696897338442565 0.03688260872115663 0.047594684355179516
2 0.4049323101598709 0.5664565608287834 0.028592549784927666 0.04080763427725442
2 0.3714557913120344 0.5614981117806844 0.03697031003514306 0.06019124387978907
2 0.28708091054687496 0.5567184601399386 0.05166481640625 0.06846344083123374
2 0.330947264453125 0.5661512922165524 0.061412894531249984 0.07171164832199356
2 0.09016972578125 0.5663417496305883 0.1803394515625 0.30320254181463874
