2 0.27266511328125 0.6246132291666666 0.28916308125 0.36305077777777783
2 0.8608393492187499 0.721901148576874 0.27543427031249995 0.5148194221537481
2 0.746718607421875 0.569536040295356 0.11926904296874996 0.10414802218706577
2 0.6865139367819368 0.5623267566138543 0.11032314311592 0.10604471510289797
2 0.643752525390625 0.5506778597222223 0.07808261015625 0.08999998055555554
2 0.6058124046779104 0.5467245487120258 0.019437419720374206 0.059969853303807476
2 0.48394058671874995 0.5427456638888889 0.015444914062500014 0.04881355000000001
2 0.47383060784157865 0.5469078227021328 0.013886189993088572 0.06303793988371582
2 0.43837809492187496 0.5389321055555556 0.057489396093750054 0.10830506388888889
2 0.5147782663189611 0.5455645656305942 0.035120048952990854 0.0348127429856939
9 0.497154566015625 0.4019490770833334 0.012012708593749987 0.022881354166666687
9 0.7410125765625001 0.39737280624999993 0.027457621875000005 0.04423727916666667
9 0.744444779296875 0.43932195069444446 0.034322027343749985 0.03966100972222222
2 0.38997055165489447 0.5479444109229069 0.045401575591614216 0.134809406484793
