9 0.333627985546875 0.4575098159722222 0.015596925781250003 0.01559692083333333
9 0.34678789062500004 0.4618422951388889 0.012672501562499994 0.013863931944444453
2 0.48633163437500004 0.4944225395833333 0.008773271874999988 0.012130943055555498
2 0.4254061453125001 0.4962887625339336 0.007798462500000003 0.00893142784564497
2 0.39811152460937504 0.5022209999999999 0.031193852343750005 0.03812581666666664
2 0.3591192125 0.4944225416666667 0.007798465624999995 0.008664958333333316
2 0.343522284765625 0.49615553958333336 0.009748080468749976 0.008664959722222282
2 0.2679746765625 0.4883570729166667 0.010722889062499963 0.01732991527777775
2 0.3698420984375 0.4935560444444445 0.009748078125000026 0.010397952777777735
2 0.30307462803421475 0.49205090606373575 0.014635854505929479 0.021251606571915875
2 0.2804495382381619 0.4931066438177843 0.03033170336912052 0.03195501701673551
2 0.159305051002199 0.5007374616135934 0.030275168063766334 0.028226778782742518
2 0.22557053554687503 0.4970220215277778 0.0058488492187499744 0.013863934722222224
2 0.24360447968749996 0.49615553402777773 0.028269426562499998 0.022528895833333312
2 0.12910420702427317 0.50169858083784 0.03517238123604634 0.030149006120124573
2 0.06911387656250001 0.5004880118055556 0.0594632796875 0.04852377083333334
2 0.49920869403761137 0.49338591703382884 0.01009172268792211 0.013455630250562775
2 0.4373968925740884 0.49338591703382884 0.006847954681089963 0.013455630250562775
2 0.46208557129275496 0.49338591703382884 0.008650048018219003 0.013455630250562775
