2 0.4203239703125 0.4245829729166667 0.014010887499999925 0.013863934722222224
2 0.36262851835937504 0.4167845090277778 0.011697692968750006 0.029460859722222288
2 0.34215755468750003 0.42458297291666663 0.027294621875 0.038125818055555524
2 0.2980168747844818 0.4434977080458367 0.030645199568963565 0.051693404980562324
2 0.2757499985633191 0.453389856811244 0.03512490466292602 0.06009528891711429
2 0.24659501713580806 0.45697381137772874 0.03335379649540391 0.06479524566514117
2 0.18716310625000002 0.4644417833333334 0.097480784375 0.10744548888888887
2 0.49686905266166087 0.428527945963224 0.03287490410692069 0.050479781208172154
2 0.5102635212895332 0.4457263247370556 0.023782090613090466 0.0457526883630001
2 0.5395561429687501 0.45066561509547287 0.045815968749999936 0.07296118852427919
2 0.561001915625 0.46736497770066465 0.05751366406250007 0.07516606095688493
2 0.5926831699218751 0.4922268899375734 0.06628693203124998 0.08329808265292474
2 0.9194032726562501 0.5395730291666666 0.16018743437499997 0.12008421666666662
9 0.709660112109375 0.3795251888888889 0.04289154609374997 0.017329916666666712
9 0.904134276953125 0.38125817986111105 0.01852134921875006 0.06238770138888891
2 0.4843952823770489 0.41853510973310204 0.018775334694545086 0.04672972190642339
