9 0.60860370390625 0.37664036041666665 0.030322243750000054 0.04921871527777775
9 0.611240420703125 0.4211715763888889 0.01713866015625003 0.016406236111111146
9 0.5914650433593749 0.4199997034722222 0.01713866015625003 0.014062490277777803
9 0.58816914765625 0.38015598194444444 0.013183584375000024 0.05156246388888886
9 0.758896569140625 0.4199997034722222 0.030322244531250053 0.02343748194444449
2 0.304062896875 0.4739059180555556 0.019775376562499992 0.018749988888888916
2 0.267808039453125 0.4785284925848572 0.029003886718750004 0.01887982871917444
4 0.35943395234375003 0.46453092430555554 0.035595678125000016 0.037499976388888946
3 0.482700469921875 0.3508591263888889 0.20039048671874995 0.5414058777777778
9 0.8281103882812498 0.4188278298611111 0.015820301562500028 0.03984372361111118
9 0.07664606171874999 0.3719528631944444 0.06328120625 0.07734369861111108
9 0.015251757812499999 0.3696091138888889 0.030503515624999998 0.07265619999999996
9 0.21153330234375 0.4540438319444445 0.009748078124999981 0.017329916666666632
