2 0.41850727890625006 0.30147995475205114 0.08892533281250001 0.14533246783743556
2 0.1847880398219895 0.26729602916666667 0.03159189453125 0.018721122222222223
2 0.37061927928444044 0.2602378854221931 0.015210911718749998 0.0228813722222222
3 0.3146658281032395 0.24976586317233856 0.017551052343750005 0.0270416236111111
2 0.33433282561979627 0.2549741554557314 0.01426236455192904 0.01591059015550012
3 0.8970659769531248 0.3411404576388889 0.03978238671874994 0.033281995833333314
3 0.8566985562500001 0.3328199590277778 0.03627217500000004 0.033281995833333314
2 0.8356372929687499 0.3286597104166667 0.01755105312499996 0.033281995833333355
2 0.8139909949218751 0.32241933472222223 0.02106126328125004 0.024961497222222247
2 0.7870793812500001 0.3203392097222222 0.025741543749999974 0.024961497222222205
2 0.769528328515625 0.3203392097222222 0.01872112265625008 0.024961497222222205
2 0.7554874875 0.3120187111111111 0.023401404687500005 0.024961497222222205
2 0.934508221875 0.3349000833333333 0.030421823437500172 0.029121747222222223
9 0.50777240078125 0.13897102708333334 0.015701401562500016 0.04080783472222223
9 0.49339176914062505 0.20593234930555557 0.009360561718750039 0.029121745833333337
9 0.541574563271924 0.24173905417771968 0.02106126328125004 0.02080124722222223
2 0.972721464453125 0.33177989583333334 0.022603257031250122 0.022881372222222238
9 0.473554521484375 0.2006249298611111 0.01054687109374992 0.018749993055555574
