2 0.42089177455698373 0.5387307669291949 0.010926267968750025 0.019424476388888934
2 0.4124666093749999 0.5404860444444444 0.010926267187500028 0.01942447499999997
2 0.39471142421875 0.5446137465277778 0.021852535937499962 0.027679879166666647
2 0.308667066015625 0.5548115986111111 0.04370507265625001 0.07041372777777775
2 0.28066850390625 0.5620957736111111 0.04507085468749996 0.0801259638888889
2 0.4670662764499145 0.5447793788977445 0.012541661579358187 0.020261608845601606
2 0.479389999609375 0.5453421638888888 0.01638940234374999 0.033992833333333375
2 0.49031626601562495 0.5441281326388889 0.01912096796874998 0.041277015277777766
2 0.5094372359375 0.5499554791666666 0.03551037031249997 0.04613313055555553
4 0.4513767710574421 0.5364086917260215 0.02045741711488418 0.03969410923916025
2 0.223988489453125 0.5675589090277777 0.09833641015625003 0.10926267361111104
8 0.44868498305253296 0.49107503680555553 0.004648375480065958 0.019424476388888934
8 0.4711721286364908 0.4759992070060878 0.0055094724145184236 0.023265650123286796
8 0.4164110862515013 0.48019773878114413 0.006375195349814256 0.020250838673399347
0 0.6159683476562501 0.5432783152777778 0.0163894 0.0801259638888889
0 0.6002618371093751 0.5493484652777778 0.015023617968750003 0.08255402499999999
0 0.568165926171875 0.5432783152777778 0.021852533593750056 0.0801259638888889
0 0.8181526679687499 0.54648785 0.04351315937499996 0.1559611444444444
2 0.42981655314792955 0.5364086917260215 0.008325671217535736 0.01547397478814716
