9 0.223230996484375 0.3942556180555556 0.025345003906249986 0.019062911111111133
9 0.777409257421875 0.1871631048611111 0.06531212578125008 0.03465983472222221
9 0.8339481121093751 0.16810019791666667 0.014622117968749926 0.04852376805555555
8 0.16230550664062499 0.09704753680555554 0.024370196093749998 0.09011557083333334
8 0.19203714609375 0.10311300833333334 0.02339538750000001 0.08838258333333332
8 0.211045898046875 0.42198348402777774 0.012672502343749992 0.025994876388888914
8 0.23102945898437496 0.42025049375 0.009748078906250023 0.025994876388888914
8 0.717458574609375 0.15510275833333334 0.011697694531249959 0.05372274166666667
8 0.7320806921875 0.15596925416666668 0.013647309374999939 0.05198975
0 0.7759470449218749 0.44104639444444443 0.019496155468749964 0.0953145444444445
2 0.3352196774332522 0.4962320341797086 0.08301818261935327 0.09833310076722034
2 0.5482026341391805 0.5017011041666666 0.2507791770341391 0.4141850222222222
3 0.8817136968749999 0.34486535347222225 0.23492869218750007 0.6897307069444445
2 0.7252570374999999 0.44284541552823636 0.07408539687499997 0.09544660327869497
2 0.684315108203125 0.44711186597222224 0.029244236718749938 0.05545573750000001
2 0.679441069140625 0.43324793194444444 0.03899231484375001 0.055455736111111126
