9 0.20958368710937497 0.2660142298611111 0.021445772656250008 0.015596926388888871
9 0.71307193984375 0.17416566875 0.01852134999999997 0.03639282638888888
8 0.219819169140625 0.23655337013888886 0.00877327109374999 0.03639282638888892
8 0.261248502734375 0.2885431215277778 0.009748078906250023 0.025994873611111143
8 0.35726707539062497 0.08491659444444444 0.014622117968750015 0.05892171944444444
8 0.5181103703125001 0.1784981486111111 0.010722887499999967 0.031193852777777784
8 0.607792691796875 0.25301679236111113 0.00877327109374999 0.027727868055555563
8 0.6804158765625 0.10138001527777778 0.007798462499999914 0.036392825
8 0.32948505234375 0.2807446590277778 0.007798464062499999 0.02772786527777779
2 0.038992313671875 0.4150515180555555 0.07798462734375 0.15077028055555558
2 0.128674635546875 0.3769257006944444 0.12087617265624999 0.12304241250000002
0 0.19496156953125002 0.35353031319444445 0.01949615781249998 0.07625163749999998
0 0.23931532617187495 0.35179732013888887 0.012672502343749992 0.06585368472222221
0 0.28171946757812505 0.34746484097222224 0.017546541406250026 0.046790776388888886
0 0.2929297578125 0.3474648402777778 0.012672501562499994 0.05025675833333329
2 0.207146667578125 0.3613287743055556 0.04191673828125 0.03639282638888888
2 0.3913142440936398 0.34360554474747684 0.03348159304776845 0.03907218393939817
2 0.369452173828125 0.34053287430555557 0.017546541406250026 0.032926843055555544
2 0.7046835953435825 0.3518937843357889 0.15966353287466503 0.1709051739195977
2 0.6049163025172989 0.32009110925992307 0.048740393749999986 0.06931966944444443
4 0.557590087890625 0.27167382630501247 0.06238770234375002 0.1516915220544694
2 0.456210071484375 0.3271898313952817 0.019496155468749964 0.024953095542770025
2 0.43427689492187493 0.3249359486111111 0.016571732031249998 0.022528891666666655
2 0.468395169921875 0.31713748611111114 0.010722886718749968 0.017329916666666674
3 0.49520238554687496 0.31107201458333333 0.023395388281250006 0.04332479305555559
2 0.5126266023993165 0.31726600342606404 0.014775871466046286 0.027984904074350326
9 0.048727842968750004 0.22661695625 0.02260971875 0.0679157847222222
0 0.6355688846764846 0.30377784905444655 0.009666143056924703 0.03280630370835047
0 0.6305161280785467 0.2998723367082144 0.006590552084266843 0.039055123462321956
