3 0.11465701015625 0.3545519819444444 0.135572009375 0.17999996388888886
2 0.254090245703125 0.40489095694444444 0.10382413359374998 0.11593218055555556
2 0.3869825463401107 0.5611379166666667 0.3301384020552214 0.5399999027777778
2 0.8081458453125 0.5376181289254519 0.38011645624999996 0.5548058611235014
3 0.201994317578125 0.3664284923611111 0.08837922109375 0.13881353472222221
2 0.634635737890625 0.3637045222222222 0.07379236015624997 0.06101693888888886
2 0.56298850625 0.3698062194444445 0.026599573437500013 0.03355931666666668
8 0.23435508085937498 0.3057384326388889 0.02316736796875003 0.03050846805555558
8 0.260954652734375 0.3110774138888889 0.012870763281250008 0.01983050555555555
8 0.35662730195312503 0.13837768888888888 0.013728810156250004 0.057966094444444435
9 0.353624123828125 0.09904355416666669 0.007722453906250015 0.01677965555555555
8 0.7111861156250001 0.07158593333333332 0.02145126718750001 0.0838982888888889
8 0.8326002890625 0.10438253888888889 0.03603812812499996 0.10067794722222223
8 0.42226818007812505 0.3008352951388889 0.0042902539062500186 0.019830506944444437
9 0.172146405078125 0.40205803055555556 0.034322027343749985 0.05796608888888891
8 0.39180738046874997 0.3135834736111111 0.005148304687500005 0.021355930555555524
9 0.802997540234375 0.20200963819444442 0.030031772656249966 0.04271185694444443
9 0.8132941488281251 0.20734862222222222 0.03518007890624997 0.04423728333333333
9 0.580561996875 0.20385222430555552 0.03627217499999995 0.033281995833333355
8 0.71675743828125 0.24947815833333337 0.010607535937499968 0.05435495555555556
8 0.91755184296875 0.1835866319444444 0.01185548125000011 0.06322923333333333
9 0.7228723628906251 0.010538205555555555 0.018719180468750006 0.018857841666666667
