2 0.32369068359375 0.3994157895833333 0.01365783437500001 0.016996415277777763
2 0.285448746484375 0.3957737 0.01365783515625001 0.01942447777777782
2 0.29774079765625 0.3957737 0.01365783437500001 0.01942447777777782
2 0.35988394492187503 0.39775048093869286 0.015023617968750003 0.019424476388888855
2 0.384468048828125 0.3982017583333333 0.017755185156249985 0.024280594444444463
2 0.401540341015625 0.421268325 0.01912096953125002 0.026708655555555558
2 0.12496918828125 0.421268325 0.05326555625000001 0.07526984444444448
2 0.07784965820312499 0.43098056388888895 0.05736290546875 0.06555760833333335
2 0.026632778125 0.4321945923611111 0.05326555625 0.07769790416666661
2 0.5557559590601884 0.43972581524231347 0.02969798167388591 0.0490367935002229
2 0.715533962890625 0.507221625 0.11062846171874999 0.13354327222222223
2 0.866453036328125 0.4999374479166666 0.26223042734375 0.28893908194444445
9 0.113530730078125 0.028442977083333335 0.06146025546875 0.05688595416666667
9 0.348445487890625 0.3822459277777778 0.015023617968750003 0.014568358333333324
9 0.082117709765625 0.28755160625000004 0.020486752343750005 0.01456835694444444
8 0.21733027460937498 0.2972638458333333 0.006828917968750003 0.024280597222222235
8 0.2111842484375 0.2972638444444444 0.008194701562499995 0.03399283333333333
8 0.34776259726562503 0.33368473611111116 0.008194700781249998 0.02913671388888892
8 0.4606053733389624 0.3494671229166667 0.007160198240424709 0.031564773611111124
8 0.4550796903760396 0.3494671229166667 0.0066227364354206845 0.031564773611111124
8 0.31839825078125 0.36160742083333336 0.009560484374999989 0.026708655555555558
9 0.158601584375 0.38970354305555555 0.02321831875 0.029483588888888888
