8 0.42794064453124997 0.2850771395833333 0.009748078124999981 0.05372274583333332
8 0.744265790234375 0.2781451736111111 0.010722886718750057 0.060654711111111106
8 0.8904869671875002 0.05285624791666666 0.02826942812500004 0.10571249583333332
8 0.864167155078125 0.06585368611111111 0.028269427343749952 0.09358155555555556
8 0.7325680960937501 0.2833441479166667 0.012672501562499949 0.05372274583333332
8 0.154019639453125 0.3829911715277778 0.011697694531250002 0.05892171805555557
8 0.139397521484375 0.35699629513888886 0.017546539843750007 0.027727868055555563
8 0.754501273046875 0.4419128895833334 0.023395388281250006 0.034659834722222234
8 0.492277962109375 0.4549103277777778 0.005848847656250022 0.01906290833333328
8 0.41234371875000003 0.4583763118055556 0.007798462500000003 0.02252889305555554
9 0.16084329453125 0.3413993701388889 0.03314346718750001 0.017329918055555518
9 0.7525516578125 0.340532875 0.031193853125000004 0.019062911111111133
9 0.7354925199218749 0.3578627916666666 0.032168658593749996 0.022528891666666696
9 0.7301310765625 0.38039168402777773 0.013647309375000027 0.019062909722222247
8 0.356779671875 0.48610417777777776 0.005848846875000024 0.022528891666666655
8 0.354342651171875 0.5025676013888889 0.012672502343749992 0.01386393611111111
0 0.57708624453125 0.5233635006944444 0.011697693750000049 0.04159180138888882
0 0.56441374296875 0.5268294840277777 0.005848846875000024 0.02772786527777779
0 0.555640473046875 0.5250964930555556 0.007798464843749997 0.024261883333333303
0 0.5478420093749999 0.5224970055555556 0.007798462500000003 0.025994874999999952
0 0.5390687390625001 0.5268294840277777 0.003899231250000046 0.03119384861111109
0 0.5337072960937499 0.5233635013888889 0.006823656250000009 0.027727866666666597
0 0.328510244140625 0.5311619638888888 0.00974807890624998 0.03985880833333329
0 0.333871687890625 0.5372274354166666 0.006823657031249963 0.034659834722222234
0 0.32119918515625 0.5415599138888889 0.006823654687500014 0.03292684166666662
0 0.220793976953125 0.5328949555555555 0.010722886718750014 0.057188727777777774
0 0.24613898125000003 0.5363609402777778 0.008773270312500036 0.03985880833333329
0 0.235903499609375 0.53029546875 0.007798464843749997 0.038125818055555524
0 0.25783667499999996 0.5363609395833333 0.008773270312499993 0.05718872638888889
0 0.09748078476562501 0.5458923944444445 0.019496157031250006 0.09704753888888891
0 0.20178522421874998 0.5398269222222223 0.017546542187500024 0.07798462777777779
0 0.304627451953125 0.5363609388888889 0.012672502343749992 0.06065471111111115
0 0.27928244804687496 0.5389604270833334 0.012672502343749992 0.05892171805555554
0 0.1842386828125 0.5294289729166667 0.009748078124999981 0.05372274583333329
2 0.483504691796875 0.5120990548611111 0.011697694531249959 0.019062909722222167
2 0.47521882499999996 0.5120990548611111 0.010722885937499971 0.02252889305555562
2 0.4571848796875 0.5216305097222222 0.013647309375000027 0.017329916666666712
2 0.448411609375 0.5349027790309158 0.027294620312500052 0.0358431669381685
2 0.4006059424725068 0.5178062590739165 0.039895773662479296 0.07906378513869991
9 0.7301310765625 0.43931340208333336 0.011697693750000049 0.04332479305555555
0 0.6175407703125 0.5233635006944444 0.01072288593750006 0.04159180138888882
0 0.18326387500000002 0.5666882944444445 0.011697693749999983 0.0589217194444445
