8 0.267808039453125 0.4739059180555556 0.007910150781250014 0.037499974999999984
8 0.351523801953125 0.5746870993055555 0.009228510156250013 0.018749987499999954
8 0.021275005078125 0.5875777145833333 0.013183585156249997 0.016406240277777803
8 0.10630912734375002 0.49968714791666663 0.009228507812499998 0.03281247638888887
8 0.09839897578125 0.49617152638888895 0.009228507812499998 0.03984372222222221
8 0.28230998281249997 0.4750777902777778 0.013183584374999979 0.035156224999999985
8 0.433262027734375 0.5770308472222223 0.019775377343749945 0.037499974999999984
9 0.4293069515625 0.5032027708333333 0.019775376562499947 0.021093736111111146
9 0.4602883765625 0.37842863286200146 0.031640603125000055 0.045642164831552715
2 0.3623170945274307 0.638239366546979 0.031401107463175745 0.03984372222222221
2 0.4103128036433044 0.6340134699779942 0.07094725833839122 0.07177777606709965
2 0.245214675 0.6105464548611111 0.013183584374999979 0.018749987499999954
2 0.22082504375000003 0.6748207232245228 0.035595678125000016 0.09762939708364624
2 0.050938071093749995 0.6285933118055556 0.03032224375 0.046874968055555556
2 0.0172292953125 0.6379683048611112 0.034458590625 0.046874968055555556
2 0.00734160703125 0.6203901916666666 0.0146832140625 0.025781233333333296
0 0.27044475625 0.607499575 0.007910150000000015 0.028124980555555526
2 0.25594281328125 0.6227339409722222 0.029003885937500008 0.049218718055555555
2 0.122788607421875 0.7457807305555556 0.22939437265625 0.28593730277777774
