2 0.042187493750000006 0.5180380673611111 0.0826530984375 0.06734696805555558
2 0.21007659765625003 0.5065584701388889 0.1325893453125 0.06275512916666667
2 0.39088025195312504 0.524925825 0.13775516484375006 0.07806126111111114
2 0.7200966954678776 0.5166337653974084 0.04067456843924475 0.060971896982961085
2 0.75033513203125 0.5019666305555556 0.023246184374999944 0.03214287222222225
9 0.96945193984375 0.37033392083333333 0.04821430625000005 0.07806126111111114
9 0.818782228125 0.4591094694444444 0.01721939531249994 0.029081644444444443
9 0.48386498671875 0.4583441625 0.025829093749999997 0.042857161111111076
9 0.162292775390625 0.3756910638888889 0.021524244531249993 0.045918388888888884
2 0.9806445468749999 0.5019666319444445 0.036160731250000036 0.026020419444444404
2 0.961272726171875 0.49890540624999996 0.028412002343750055 0.022959195833333328
2 0.9031572660156251 0.49201764652777774 0.02927297265625004 0.02448980694444442
