9 0.266592375 0.28621525555555555 0.016528114062499988 0.013059250000000036
9 0.32719546328125004 0.3009069125 0.029383314062500034 0.013059249999999996
9 0.66020635234375 0.3123337590277778 0.014691657812500036 0.013059251388888882
9 0.7982467546875001 0.27669288125 0.014691657812500036 0.04733978750000002
9 0.847371983984375 0.18282951388888888 0.022955714843749853 0.04244256666666665
9 0.846912869921875 0.21547763958333332 0.040402057031250035 0.0195888763888889
8 0.155180631640625 0.30770860138888884 0.009182285156249992 0.03264812777777778
8 0.1469165734375 0.34525394930555553 0.014691657812499991 0.026118501388888878
8 0.26559761796875 0.3379081208333333 0.008264056249999995 0.031015725
8 0.525869522265625 0.29334343194444445 0.008264057031249994 0.02448609444444444
2 0.459114292578125 0.41177450833333334 0.01469165703124995 0.02285368888888889
2 0.419630463671875 0.41095830486111107 0.016528114843749987 0.024486095833333287
2 0.43891326367187505 0.4060610840277778 0.027546857031250038 0.0375453458333334
2 0.505025721484375 0.40769349166666663 0.02203748671875001 0.03101572222222223
2 0.481527423046875 0.404607225 0.028632027343750012 0.044432061111111115
2 0.40539792031249994 0.4174879305555556 0.011936970312499984 0.01795646944444442
2 0.55415095078125 0.4109583055555556 0.010100514062500033 0.03428053611111111
2 0.56838349453125 0.41095830486111107 0.0257104 0.0408101597222222
2 0.53211346640625 0.40687729097222225 0.03764737187500007 0.05876663194444447
2 0.634266396484375 0.42238514791666665 0.05050257265624998 0.07019347361111114
2 0.7086429109375001 0.3978990527777778 0.03397445781250008 0.014691655555555547
2 0.674668453125 0.4346281965277778 0.07804942968750002 0.0816203180555555
2 0.771105405859375 0.4055305583333333 0.05146670078125002 0.035341588888888886
2 0.7338941960937501 0.45258466736111114 0.10926920156250004 0.10773882083333328
2 0.320461776171875 0.4471161069444444 0.11936971640624998 0.13875454444444438
2 0.38336043476562504 0.40793835625 0.03581091484375003 0.0440749708333333
0 0.790319355078125 0.41234586111111116 0.011936971093749981 0.06203144444444446
0 0.799960755078125 0.41479446875 0.018364571093749938 0.07672309861111112
0 0.8178662121093749 0.4131620631944445 0.02111925859374999 0.07345828750000002
0 0.8279667265624999 0.4172430784722222 0.02662862812500002 0.07182587916666666
0 0.21394726054687502 0.4071221527777778 0.01652811484375003 0.05550181666666671
0 0.028005973046875 0.41365177708333334 0.017446344531249998 0.06529625416666668
0 0.0477478859375 0.4120193715277778 0.016528114062499995 0.06203144305555557
8 0.37808062109374996 0.2995465701388889 0.0064276 0.024486095833333367
2 0.040861172265625 0.41299881319444437 0.08172234453125 0.06366384861111109
9 0.8461476414062499 0.3901451229166666 0.014691657812499948 0.048972190277777765
8 0.646058959375 0.2658031138888889 0.005246114062500062 0.02797927500000002
9 0.5681362387883221 0.2985131447897385 0.013245386027897776 0.01143728571297839
0 0.5844091416225965 0.40784014057556134 0.005676594011956216 0.02691126050112563
0 0.24270088755495714 0.40985848511314565 0.009839429620724038 0.041712453776744714
