4 0.371530374609375 0.4157854868055556 0.04817786640624999 0.08564954027777777
4 0.25758589374999996 0.44501509097222225 0.068060796875 0.10332325694444443
2 0.03645203515625 0.4848942375 0.0729040703125 0.19577038055555548
2 0.34514725625000003 0.4767371375 0.058119332812500035 0.08700905833333333
2 0.6903322613281249 0.48317217777777777 0.23122089921874994 0.3072507361111111
4 0.17721616914062502 0.44796069791666665 0.11623866484375 0.19441086805555555
0 0.1059148359375 0.48670691874999994 0.013000376562500004 0.06661631249999994
2 0.476152521484375 0.5192242513888888 0.22037486015625 0.3411729333333334
2 0.8498715566406251 0.5769026027777777 0.29750606171875005 0.46850063055555546
9 0.538081951171875 0.30770860277777773 0.013773430468750014 0.021221283333333337
8 0.317313564453125 0.37230525763888883 0.005509372656250022 0.01795647361111108
9 0.301244562890625 0.40087236944444443 0.010100514843749986 0.009794438888888932
