8 0.28812693281249996 0.08495253888888889 0.015595368749999982 0.0703791
8 0.275530673046875 0.08601888888888888 0.014395724218749972 0.0725118
8 0.305521765625 0.09454968958333333 0.016795012499999994 0.0767772013888889
8 0.35050840664062505 0.33874384027777776 0.017994657031250007 0.03199050000000001
9 0.41109041640625 0.2609002888888889 0.026392162500000003 0.017061600000000017
2 0.10048183168775285 0.4649524492880718 0.2009636633755057 0.12658791802058794
2 0.9767224460937498 0.5072271402777777 0.044386818749999966 0.10876770000000001
3 0.935934558984375 0.4187200909722222 0.12356330703124989 0.14928900138888893
3 0.62702629140625 0.4165873888888889 0.3574938375 0.2601894027777778
2 0.9923928211109796 0.5327684900943186 0.015214357778040899 0.06311141004224408
