9 0.507808004296875 0.38041987430555557 0.013183591406250006 0.034374995833333345
2 0.39011513804605763 0.43768709403540995 0.011264667657884742 0.0167155480402913
2 0.371577553515625 0.4397948666666667 0.009667967968750002 0.012499997222222229
2 0.36059122695312495 0.4374511166666667 0.008789060156249962 0.01718749722222223
2 0.3502131245658968 0.44404918241578756 0.011499892500408882 0.01799094293397295
2 0.333345137109375 0.44775344650567184 0.017578122656250007 0.024999995833333344
2 0.3157670125 0.44682611597222227 0.02636718437500001 0.029687495833333345
2 0.23402874257812503 0.4554198652777778 0.03515624609374997 0.04687499444444446
2 0.20546429335937502 0.4624511145833334 0.04833983828124997 0.05468749305555557
2 0.163276798828125 0.4663573631944445 0.05361327578125001 0.06249999027777772
2 0.11317914765624999 0.47182611249999995 0.074707021875 0.07968748888888884
3 0.042427202734375 0.48276361111111105 0.08261717734375 0.10781248611111106
2 0.44452676249999995 0.43901361597222227 0.006152342187500004 0.020312495833333343
2 0.45287637187499996 0.4397948659722222 0.010546873437500003 0.024999995833333344
2 0.4610277929003601 0.4466388817693393 0.02061121576177971 0.032438027427567406
2 0.48407753867187503 0.44604486597222226 0.02724608984375001 0.053124993055555576
2 0.49286660156249995 0.45776361458333337 0.027246090625000007 0.060937493055555576
2 0.5120953730893321 0.46088861319444446 0.04285207586616417 0.07031249027777772
2 0.560525438767179 0.46350556769255 0.08528776309064198 0.1099213937184334
2 0.604048228125 0.4921386097222222 0.12128904687500004 0.13593748055555552
2 0.850581398828125 0.6163573458333333 0.29619136953125 0.4374999472222223
9 0.7758743781249999 0.21557614444444442 0.023730467187500003 0.045312494444444455
2 0.342623195515627 0.4456847226825124 0.011039896800392501 0.022897563734147437
