2 0.8283684410156251 0.27032649375000006 0.04407496953124994 0.032648129166666665
2 0.8476512417968749 0.27114269722222223 0.049584344531250046 0.03101572222222223
2 0.8834621546875001 0.2776723243055556 0.04407497031250003 0.01795647083333335
2 0.9100907859374999 0.28420195 0.06060308750000001 0.02448609444444444
2 0.8426009832031249 0.32419590277777777 0.09641400234375004 0.062031441666666645
2 0.8963173570312499 0.33235793541666664 0.15793531718750006 0.07182587916666669
2 0.905499640625 0.36500606180555556 0.12487909062500009 0.07835550138888886
2 0.9215686417968751 0.37969771944444447 0.11477857421874997 0.07509069166666668
2 0.9485811296875 0.3973379020833333 0.09641399999999986 0.08978235138888893
2 0.962813671875 0.41121335625 0.06794891562499998 0.09141475416666667
2 0.9742915296875001 0.44875870347222224 0.04866611562499994 0.07835550138888894
2 0.137785287890625 0.4373318583333333 0.026628628906249997 0.039177750000000025
2 0.020252028515625 0.43189051111111115 0.02662862734375 0.10120919444444441
3 0.07580485859375001 0.4555604034722222 0.11386034687500002 0.16813785416666668
2 0.18874697421875003 0.4482145763888889 0.05509371406250001 0.06203144444444446
8 0.573484753125 0.17233789861111112 0.02203748593750001 0.11426844444444446
8 0.58542172265625 0.29884939374999997 0.02387394375000005 0.05060459583333332
8 0.553742836328125 0.30701142291666667 0.026628628906250017 0.050604595833333356
0 0.7576438686244241 0.4823249772256435 0.044281379962982204 0.17056531541296824
