2 0.121948157421875 0.5027340284722223 0.09624016796875001 0.0914061875
2 0.38812474414062503 0.4699215506944444 0.14501943203125003 0.11484366805555553
2 0.653642152734375 0.4863277930555556 0.08701165859374997 0.13359365833333334
2 0.7340620199218749 0.5097652743055556 0.13710928203125006 0.22734359027777779
2 0.8687982308593749 0.5164058819444445 0.26103497734375003 0.48281216666666654
2 0.05405269687499999 0.5492183590277777 0.10810539374999999 0.1921873680555555
8 0.19577623203125 0.38789035763888885 0.014501942187500005 0.03046872916666664
8 0.179955930078125 0.38789035763888885 0.02241209296875 0.03046872916666664
8 0.531693994140625 0.30820291319444443 0.011865225781250021 0.035156226388888906
8 0.52246548515625 0.30820291527777777 0.01186522656250002 0.039843725000000024
8 0.47104950468749995 0.42890595625000005 0.006591792187500012 0.018749984722222182
8 0.4670944296875 0.42890595625000005 0.006591792187500012 0.018749984722222182
9 0.46182099609375005 0.43124970347222225 0.014501943749999935 0.014062490277777723
8 0.34514625039062496 0.28593730208333334 0.010546867968750017 0.04687497083333333
8 0.31152811015625004 0.42539033125000003 0.011865226562499975 0.02109373472222218
8 0.35806616796875 0.2882810520833333 0.013183585937499975 0.04218747083333333
9 0.7395991015625001 0.3128904111111111 0.029003885937499963 0.021093736111111108
9 0.20104966640625 0.2548826354166666 0.035595678124999974 0.02578123194444445
9 0.19709459140625 0.28769511458333336 0.014501942187500005 0.02578123194444445
9 0.189843619140625 0.30761697499999996 0.023730452343749996 0.018749988888888878
9 0.06789546054687501 0.40839815763888887 0.014501941406249996 0.04218747083333333
9 0.623188063671875 0.3771091180555555 0.019775375781249948 0.01640624166666661
8 0.63637164765625 0.40992159652777777 0.014501942187500028 0.02578123194444449
8 0.6284614984375 0.40992159791666666 0.009228509375000016 0.02109373472222226
9 0.6316255492187499 0.3621091256944444 0.01450194218749994 0.011718740277777803
9 0.96848848984375 0.06247062708333333 0.061654459374999956 0.12494125416666665
2 0.205004743359375 0.5148433965277778 0.12524405390625 0.13124990972222222
2 0.5354614882112834 0.517537352968326 0.1739835266838333 0.2727368968411256
