9 0.65514746953125 0.5090623222222223 0.02214842968749995 0.016874994444444427
9 0.576573279296875 0.4396873458333333 0.06117185390624993 0.0318749888888889
8 0.49483502695312503 0.40593735763888883 0.011601557031250032 0.058124979166666674
8 0.47743268867187505 0.4021873597222222 0.014765619531249996 0.05062498333333336
9 0.6461826296875 0.5840622965277777 0.03164061406249994 0.024374990277777737
0 0.94360440078125 0.7228122465277778 0.023203117187500056 0.12187495694444447
0 0.794893515234375 0.7078122541666667 0.025312491406250092 0.11062496111111102
0 0.7532333734375 0.7078122513888889 0.04113279843750002 0.1218749555555556
0 0.73108494375 0.7087497534722222 0.026367178125000022 0.11249995972222217
0 0.615596702734375 0.65906226875 0.012656244531249961 0.06562497638888895
0 0.598194365625 0.65906226875 0.013710932812500066 0.061874976388888885
0 0.5850107765625 0.6590622694444445 0.008437498437499968 0.05062498333333328
0 0.560225627734375 0.6590622694444445 0.01160155859374994 0.04687498333333338
0 0.5502060999999999 0.656249770138889 0.012656245312499958 0.0599999791666667
0 0.5370225113281251 0.656249770138889 0.007382810156250042 0.03749998749999995
0 0.53016704609375 0.65906226875 0.006328123437500022 0.0431249847222222
0 0.11936640859375 0.6159372847222222 0.02003905625 0.06187497777777777
0 0.085616419921875 0.6187497833333333 0.01582030703125 0.06749997499999993
0 0.09510860390625 0.6140622854166666 0.00949218437499999 0.058124979166666674
7 0.009151602343749999 0.643124775 0.01687499375 0.06749997500000002
2 0.15800700945766236 0.6327451238496735 0.05666406233467527 0.07325928563398626
2 0.2590243264135766 0.6380382534371967 0.029354987202153238 0.05892302645894003
2 0.3977631391901005 0.6345044728421663 0.02644852005729894 0.02849060431566749
2 0.42206161445312507 0.6196872833333333 0.013710932031249979 0.013124997222222214
4 0.460557694921875 0.6243221523534757 0.031640614843749935 0.07510523140415973
2 0.47678233634606537 0.6507447820803722 0.03455865706713066 0.048509963617033316
2 0.426807706640625 0.6571872694444445 0.044296860156249986 0.06562497499999999
2 0.3339952390625 0.6534372708333334 0.15609369531249997 0.1181249583333333
2 0.20717126962569613 0.6400143773297908 0.08489799981110772 0.09247076478486294
9 0.21270621875 0.5296873159722223 0.014765618749999997 0.031874990277777786
8 0.4094053683593749 0.5587498027777777 0.005273435156250006 0.02249999166666667
0 0.051339087890625 0.5943747916666666 0.010546871093749993 0.06374997777777772
