9 0.29195495 0.3907896340277778 0.05166481562499996 0.06758667638888893
9 0.722820017578125 0.6905972048611111 0.022420580468750017 0.03639282638888888
9 0.725257037109375 0.7200580631944444 0.013647310156249936 0.029460859722222288
9 0.6375243320312499 0.7443199465277778 0.007798462500000003 0.019062909722222167
7 0.08285866679687501 0.8647628736111111 0.16571733359375002 0.2668807277777778
7 0.118926557421875 0.896823217361111 0.23590349921875 0.19582806527777782
0 0.028756831640624998 0.8179720944444445 0.053614430468749995 0.3569962944444444
2 0.6423983703125 0.784178757638889 0.01169769374999996 0.02946085972222221
2 0.665793758984375 0.7989091868055554 0.044841161718750036 0.0658536874999999
2 0.723307422265625 0.7971761930555555 0.07018616484375002 0.10397950555555566
2 0.771560409765625 0.8127731208333333 0.06531212578125008 0.10744548611111118
2 0.851982057421875 0.80237516875 0.14037233046874995 0.17676515416666677
2 0.9367903394531251 0.8188385888888888 0.12282578984374996 0.2443518333333333
2 0.47814324765625005 0.8009009009009009 0.3655529421875 0.3981981981981982
