2 0.33875163007812503 0.6598013 0.008046357031249984 0.010728475000000041
2 0.33120817109375 0.6580132194444445 0.005028973437500017 0.017880794444444507
3 0.324167607421875 0.6544370631944444 0.013075330468750002 0.025033112500000006
2 0.32064732617187497 0.6642714986111111 0.010057946093749992 0.02324503333333333
2 0.31209807265625 0.6624834194444444 0.011063742187499993 0.030397350000000028
2 0.296508254296875 0.6633774583333334 0.018104303906250018 0.04649006666666666
2 0.28594741015625 0.6732118958333333 0.015086920312500007 0.03754966666666664
2 0.27035759453125 0.6615893798611111 0.024139071874999994 0.05721854027777782
2 0.265328619140625 0.6758940145833334 0.018104303906249973 0.060794698611111087
2 0.24672142070312503 0.6732118944444444 0.03117963671874997 0.07688741388888884
2 0.22057075859374997 0.6642714972222222 0.03520281249999999 0.10907284444444443
2 0.140107183984375 0.6598013 0.14584022421874998 0.16807946388888892
2 0.35031826953125 0.6544370618055555 0.007040562499999981 0.014304634722222273
2 0.36138201171875 0.6651655388888889 0.007040562499999981 0.021456952777777774
2 0.368422573046875 0.6615893798611111 0.011063739843749998 0.028609270833333353
2 0.39205874765625 0.6624834208333333 0.03822019843749995 0.05900662222222226
2 0.45140063359375004 0.6875165319444445 0.07241721718749998 0.11980131944444455
2 0.9150719734375 0.7107615618055555 0.16696191562500004 0.16986754305555551
0 0.73754921640625 0.68751653125 0.03319122343750003 0.18059602083333332
0 0.663623307421875 0.65711918125 0.026150660156250005 0.13052979583333332
0 0.591708987890625 0.665165538888889 0.02313327734374999 0.13589403611111112
8 0.77828389921875 0.5578807729166666 0.028162248437500016 0.0321854291666667
9 0.7672201578125 0.46758276388888886 0.018104303124999978 0.04112582499999999
9 0.757665108984375 0.4264569368055555 0.019110099218749975 0.03397350972222218
9 0.8039316632812501 0.4014238270833333 0.05129552812499991 0.026821190277777796
