0 0.79648554765625 0.5544914236111111 0.018019065625000063 0.09457626111111107
6 0.7853308890624999 0.5483897249999999 0.03174787499999994 0.057966091666666685
0 0.5905533847656249 0.49042363611111106 0.0042902539062500186 0.027457622222222176
0 0.624017358984375 0.49576261736111116 0.009438558593750025 0.032033893055555596
0 0.6325978671875 0.4919490569444444 0.007722456249999965 0.027457613888888864
0 0.6656328191406249 0.4965253277777778 0.010296608593750011 0.027457622222222176
9 0.6334559175781249 0.2806779125 0.08837921953125001 0.025932199999999975
9 0.6948065437500001 0.4027117888888889 0.008580507812499949 0.05338982222222223
8 0.71797390859375 0.4416100868055556 0.015444912500000019 0.02440677361111112
8 0.54722182578125 0.23949148194444447 0.011154659374999997 0.0625423611111111
8 0.559663559375 0.24254232777777776 0.012012710937499982 0.056440669444444445
8 0.5326349632812499 0.24254232569444442 0.018019065624999976 0.05949151527777777
8 0.03968484453125 0.3516101034722222 0.012012710937499999 0.048813548611111084
8 0.38547926875 0.44466093125 0.0034322015624999925 0.015254234722222215
8 0.4605587046875 0.44618635763888886 0.004290253125000021 0.015254234722222215
9 0.36831825703125 0.44389822083333336 0.022309318749999994 0.007627116666666703
9 0.042688021874999996 0.3950846722222222 0.030031774999999993 0.016779658333333378
9 0.028530184375 0.42025415625000007 0.025741518750000005 0.015254237499999984
9 0.05298462890625 0.4309321222222222 0.007722456250000004 0.012203388888888927
8 0.03196238828125 0.5171185472222223 0.015444912500000001 0.022881355555555496
0 0.20829180429687497 0.5316100666666667 0.012870760156250017 0.04271185555555558
0 0.225023793359375 0.5277965118055555 0.00858050859374999 0.028983045833333342
0 0.25977484492187497 0.5148304097222222 0.006006353906249995 0.03050846944444443
0 0.27050047890625 0.5194066798611112 0.006864406249999977 0.02440677361111112
0 0.27865196328124997 0.5125422770833333 0.0060063609374999775 0.019830506944444437
2 0.28980661796875 0.531610070138889 0.030031771874999967 0.02135593194444441
0 0.23532039999999999 0.5888134486111112 0.015444912499999974 0.10525421944444441
2 0.18297930859374997 0.5956778527777777 0.08237286562499999 0.08847455833333334
0 0.469568237109375 0.4934744826388889 0.020593216406249937 0.03355931527777772
0 0.45498137617187495 0.5522032847222222 0.04118643203124996 0.08084744166666663
2 0.40435638437500004 0.5560168430555555 0.11326269062500001 0.10372879166666667
4 0.33785745859375 0.4919490576388889 0.0695021046875 0.06406778194444446
4 0.36703117890625003 0.49499990486111106 0.055773293749999994 0.06101693750000005
4 0.435675234375 0.4827965201388889 0.05062499062499999 0.07322032361111105
2 0.489732428515625 0.51864396875 0.042044483593750036 0.06254235972222218
2 0.50775149296875 0.5346609159722222 0.04032838281249997 0.06101693750000005
2 0.5026031878906251 0.5583049777777779 0.028315672656249992 0.0655932083333333
2 0.531347886328125 0.4934744833333333 0.034322027343750075 0.01830508055555558
2 0.559234535546875 0.5064405805555555 0.03518007890625006 0.025932202777777746
2 0.590124359375 0.5270337972222222 0.03174787656250002 0.042711855555555504
2 0.6137207515625 0.5316100666666667 0.061779649999999985 0.04271185555555558
2 0.3198383921875 0.5860714769519519 0.21022241718749995 0.1198907016516517
2 0.54164449375 0.5575422666666666 0.08494701875000006 0.09762710000000002
2 0.6579103640625 0.5666948097222222 0.19220335468749994 0.10677964166666669
2 0.9170416691406249 0.5567795576388889 0.16302963046874996 0.13576268472222225
9 0.5789696996093749 0.4393219479166667 0.008580507031249952 0.013728809722222164
