2 0.233311809375 0.3479006013888889 0.03159187031249999 0.015600922222222221
2 0.28216220234375 0.3858628506944445 0.045047667187500015 0.0520030791666667
2 0.46615560703125 0.3759822652777777 0.014040831249999997 0.019761169444444466
2 0.479611404296875 0.3739021430555555 0.012870763281250053 0.013520802777777716
2 0.54776793984375 0.37130198750000004 0.0064353796875000315 0.010400613888888917
2 0.5255366238281249 0.3713019888888889 0.011115658593749966 0.012480741666666656
2 0.54074752421875 0.37286208055555553 0.009945589062500027 0.015600924999999993
2 0.5591761156249999 0.37130198750000004 0.005850346874999968 0.010400613888888917
2 0.58872036484375 0.3874229430555556 0.040367389062499995 0.04472265000000001
2 0.221611125390625 0.3915831895833333 0.08190485078125001 0.08008474305555555
3 0.050195975000000004 0.4056240201388889 0.099455890625 0.12064714305555554
