8 0.366298208984375 0.36538433750000004 0.009563921093750016 0.03230480277777781
8 0.46241562343750003 0.3832369902777778 0.004781960937499985 0.02380353888888891
8 0.41842158281249997 0.43764506805555564 0.004781960937499985 0.017002527777777804
8 0.4667193890625 0.4393453208333333 0.005738353125000017 0.01360202222222229
8 0.43802762265625006 0.4656992395833333 0.0038255687500000413 0.015302276388888932
8 0.49445476171875 0.4707999986111111 0.005738353125000017 0.015302275000000047
8 0.306523696875 0.46654936458333335 0.010520315624999999 0.013602020833333325
8 0.35769067890625 0.3664044736111111 0.009563921875000015 0.03230480277777777
8 0.45859005390625 0.3834070006944444 0.004781960937500074 0.02550379305555555
9 0.24627098906249997 0.40891079375 0.02390980468749997 0.015302276388888932
8 0.232403301953125 0.45906825138888885 0.017215058593749964 0.020403033333333317
8 0.600614294921875 0.4335644583333334 0.019127844531249938 0.020403033333333317
9 0.19319122187499999 0.4352647111111111 0.015302274999999987 0.06120909999999995
9 0.236707066796875 0.3936085180555556 0.01625866796875002 0.011901769444444455
9 0.543708959765625 0.4191123097222222 0.014345883593749952 0.008501263888888942
2 0.2830920875 0.5326041847222223 0.0497323953125 0.08501263888888894
2 0.24340181171874997 0.5385550680555555 0.07938055156249998 0.1105164305555556
2 0.36964558046875 0.4917981166666667 0.02582258906249999 0.010201516666666698
2 0.3476485609375 0.5190021611111111 0.020084235937499972 0.040806066666666634
2 0.4423313875 0.4918831361111111 0.004781960937499985 0.01870278055555556
2 0.43324566171875 0.48848262986111113 0.007651137499999993 0.01190176805555549
2 0.42750730859374997 0.4935833881944445 0.007651137499999993 0.015302276388888932
2 0.41889977929687505 0.4952836395833333 0.009563921093749973 0.02210328472222219
2 0.4719795453125 0.49018288125 0.008607529687500027 0.02210328472222219
2 0.47915248710937497 0.49273326041666665 0.009563921093750061 0.027204043055555537
2 0.48393444765625004 0.49528364027777777 0.00956392187499997 0.028904297222222257
2 0.5743135089843749 0.5071854097222223 0.08320611953124998 0.13091946388888892
2 0.132460317578125 0.5182370659722223 0.19414761484374998 0.22443339305555554
2 0.041124864453125 0.6049499715277779 0.08224972890625 0.16322426805555557
2 0.93978101796875 0.6642320958333333 0.12043796406249996 0.3649875777777778
2 0.375383934375 0.5250947513888888 0.05451435468750003 0.07991188055555559
2 0.496048753125 0.49619045416666663 0.02677898125000002 0.04250631944444439
2 0.624045903515625 0.524244625 0.12720016015625007 0.1462217388888889
4 0.45699607734375 0.4820216611111111 0.023909804687500015 0.05610834166666668
4 0.39817795859375005 0.4865556784722222 0.034430118750000016 0.04930732916666661
