9 0.750268023828125 0.38082709305555557 0.05435720546875 0.06293069166666664
9 0.755694179296875 0.4674517465277778 0.02944946015625005 0.04674517638888894
9 0.5361379375 0.5155992763888889 0.015776496875000046 0.02056787777777779
9 0.567165046875 0.4922266909722222 0.012621196874999985 0.02991691250000004
9 0.14461788320312502 0.4389371895833334 0.02208709296875 0.013088651388888905
9 0.5889891984375 0.4912917833333334 0.01682826249999998 0.009349033333333286
9 0.205094453515625 0.5417765756944445 0.014724730468750002 0.05048479027777783
9 0.632111623046875 0.49222669027777777 0.023138861718750015 0.014958452777777766
9 0.4669842949218751 0.5614095458333334 0.008414132031249988 0.011218841666666653
9 0.7741000921875 0.5146643715277778 0.01262119843750007 0.041135754166666615
8 0.139884935546875 0.49503139722222217 0.01472473046874998 0.08040170277777771
8 0.29817578203124995 0.41556460208333335 0.011569429687500011 0.052354595833333344
8 0.633163390234375 0.42304383125 0.012621197656249982 0.04861498194444446
8 0.133574336328125 0.5576699326388889 0.014724730468750002 0.026177295833333305
8 0.2887098859375 0.4249136402777778 0.007362365624999967 0.03739613888888892
8 0.30974521289062495 0.41743440972222223 0.009465899218749962 0.04861498611111112
8 0.51746908203125 0.43426267430555554 0.00841413124999999 0.04113575138888892
8 0.531667930078125 0.4370673826388889 0.00946589765625001 0.03926594583333332
8 0.49538198867187494 0.3622751027777778 0.008414132031249988 0.04674517222222221
8 0.64289223046875 0.5146643729166667 0.012621196874999985 0.02243768472222227
8 0.5960886234375 0.5399067666666666 0.011569429687499966 0.016828263888888903
2 0.07572718281249999 0.6586395076388889 0.14304023593749998 0.09722995972222219
2 0.19247325625 0.6436810520833334 0.12621197031250003 0.13088649027777777
2 0.35760058476562506 0.6848168097222223 0.23559567890625002 0.3777010111111112
