2 0.510515408203125 0.4451812444444444 0.010762797656249923 0.021259849999999938
2 0.49975260976562497 0.4366773048611111 0.008371066406250006 0.017007876388888832
2 0.49138154414062496 0.4334883277777778 0.010762797656250012 0.014881891666666687
2 0.53742240390625 0.4409292743055556 0.009566931250000011 0.017007876388888832
2 0.54459760234375 0.4462442368055556 0.009566931250000011 0.02338583472222216
2 0.512907141015625 0.42604737986111113 0.010762797656249923 0.017007876388888912
2 0.557273776953125 0.4509213819444445 0.019133864843750015 0.027637802777777724
2 0.5231915820312499 0.44454342638888894 0.013154531249999924 0.019133861111111056
2 0.490903187890625 0.45092138125 0.015546264843750013 0.02338583472222224
2 0.42202127148437507 0.46963004722222224 0.04185532734375004 0.05655119166666659
2 0.1189887140625 0.5818820604166667 0.237977428125 0.4230710152777777
9 0.8298117749999999 0.27255126597222223 0.022721462500000022 0.05102363472222223
9 0.6497142765625 0.3771497319444444 0.010762798437500009 0.021259850000000018
9 0.5797560886718751 0.38671666180555553 0.007175199218750006 0.019133862500000022
9 0.839976641015625 0.3208111166666667 0.014350399218750098 0.04039371388888892
2 0.98743904296875 0.37865088263888885 0.022250125000000055 0.030623829166666637
