2 0.64022237265625 0.5633882444444445 0.021593587499999956 0.1002369
2 0.37450128203125 0.533175 0.039588245312500006 0.08530800000000001
2 0.339711613671875 0.558461254298048 0.08277541953125 0.09749190581831818
3 0.6852090140625 0.47452575069444447 0.13316045625 0.14715629861111112
2 0.75298888671875 0.5991309673611112 0.23033160156250004 0.2684047319444444
2 0.5232571070312501 0.5960896527777777 0.2459269703125 0.4542651027777777
8 0.40449237578124997 0.4414689020833334 0.005998218750000017 0.029857801388888876
8 0.342710723046875 0.4670613 0.004798575781250003 0.02132699999999998
0 0.30192283359375 0.5235778513888889 0.01199643749999999 0.027725099999999968
0 0.2719317421875 0.5363740513888888 0.007197862499999985 0.04905210000000003
7 0.23414296171875 0.5768953506944445 0.017994656249999963 0.057582901388888844
1 0.2341429625 0.5385067513888889 0.02279323125000001 0.07037909999999993
0 0.17715988437500002 0.5481039013888889 0.028791450000000007 0.106635
0 0.12557520390625002 0.5449048513888889 0.026392162499999983 0.10450229999999996
0 0.149568078125 0.5502366 0.014395724999999993 0.07251180000000003
0 0.100382683984375 0.5417058013888889 0.011996436718749993 0.08530800000000001
0 0.085986958984375 0.5459712006944445 0.02399287578125 0.09810420138888895
0 0.05959479609375 0.5427721520833333 0.023992875000000004 0.08744070138888892
0 0.016407621875 0.5459712020833334 0.0263921640625 0.08957339861111109
0 0.006404344921875001 0.5427721520833333 0.012808689843750002 0.0831752986111111
0 0.041600140625000004 0.5417058013888889 0.019194300000000004 0.08530800000000001
0 0.9920085601562499 0.5812228820195195 0.014976859375000018 0.1600767584834834
0 0.9515299265625 0.5640991520833334 0.03718895625000016 0.13862550138888888
0 0.931735805078125 0.5545020020833333 0.016795013281249993 0.1066349986111111
