2 0.3289263390625 0.45903680347222225 0.017193410937499997 0.022924548611111106
2 0.44856382851562504 0.45776321736111114 0.02722290234374993 0.040754754166666705
2 0.498711280859375 0.48705569652777775 0.08166870546875007 0.12990577638888895
2 0.36068554335937497 0.45823625833333337 0.045849097656250004 0.07386799166666667
2 0.39220679804687497 0.48116080972222225 0.07450478359375001 0.10443405555555556
2 0.25227237890625 0.49342362708333337 0.09026541093750003 0.09679254027777778
2 0.020270270270270268 0.5343779252815316 0.040540540540540536 0.07896233472222218
2 0.04028810585937499 0.7351138666666667 0.07914342734374999 0.24758512500000004
9 0.51805386875 0.19849746875000002 0.12035388125000006 0.09933971250000001
9 0.499802917578125 0.2704247645833333 0.10172768515624994 0.04839627083333333
9 0.824328562890625 0.3315568944444444 0.022924549218749847 0.05349061388888884
9 0.835074444921875 0.43089660694444437 0.018626196093750026 0.058584958333333347
8 0.42888009453125003 0.18891525763888886 0.022924548437500025 0.0891510236111111
8 0.070662330078125 0.15370591597222222 0.021491764843749993 0.08915102361111112
8 0.099318016015625 0.15880026041666667 0.02435733359375001 0.09424536805555557
9 0.50874076953125 0.4004518451388888 0.024357332812499966 0.028018893055555574
9 0.5413536625 0.4041512993055556 0.027222901562500023 0.04584909861111118
9 0.226857507421875 0.3723116486111111 0.05444580390624998 0.04839626944444449
9 0.11292946679687499 0.39418213124999996 0.020058980468749987 0.04075475416666663
8 0.605112564453125 0.22457566666666667 0.014327842968749938 0.04330192500000002
