3 0.44836450585937493 0.44919022708333334 0.13752464453124996 0.3103937875
3 0.36234754101562505 0.4911024986111111 0.028700794531249983 0.05527560555555553
2 0.378491739453125 0.4932284833333333 0.01315453203125001 0.03188977222222225
2 0.3079356171875 0.5176773090277778 0.044247059374999995 0.05102363472222227
2 0.25651335781249995 0.5144883319444444 0.027504929687499978 0.0361417416666667
0 0.193132434765625 0.5187403006944444 0.01315453203125001 0.06377954305555554
0 0.03348426171875 0.553819051388889 0.0191338640625 0.08929136388888889
0 0.025113195312500003 0.5548820430555556 0.014350396875 0.07866143888888888
0 0.01016486484375 0.546378104861111 0.0203297296875 0.09992128750000001
0 0.51900604921875 0.4974804534722222 0.011958664062499924 0.04039371250000004
4 0.55368617734375 0.4889765145833334 0.019133864062500016 0.05314962083333331
0 0.55308824375 0.5006694305555556 0.010762798437500009 0.038267725000000044
7 0.55330568046875 0.5176108708333333 0.010762798437500009 0.03401575833333336
8 0.364653853515625 0.4318786333333334 0.0059793320312500065 0.021259847222222166
8 0.37123111796875 0.43294162638888894 0.0047834656250000055 0.023385833333333276
9 0.31622126171875 0.4431159791666666 0.011958664062500013 0.012755911111111119
