8 0.47389233046875 0.45906824999999996 0.004781960937499985 0.025503791666666664
8 0.5532728812500001 0.4624687548611111 0.00669474531250005 0.03230480138888889
8 0.4719795453125 0.5143264652777778 0.004781960937499985 0.017002527777777804
8 0.46767578046875 0.4565178708333333 0.005738353125000017 0.020403033333333317
8 0.4408967992187501 0.5109259611111111 0.007651137499999993 0.017002527777777724
8 0.44041860351562506 0.5279284895833333 0.006694746093749959 0.01700252916666669
8 0.21231906562500003 0.4964738111111111 0.005738353124999973 0.025503791666666664
8 0.07316400234375 0.5168768444444444 0.014345882812499999 0.01870278055555556
9 0.39690275859375 0.5190021597222222 0.00956392187499997 0.017002527777777724
9 0.7110775921875 0.5181520347222223 0.010520314062500003 0.028904297222222177
2 0.3438229921875 0.5615084805555556 0.02582258906249999 0.02380353888888891
2 0.212319065234375 0.5768107541666667 0.047819610156250004 0.030604549999999935
2 0.47676150625 0.5955135361111111 0.08129333593750002 0.12581870555555558
2 0.589137587890625 0.5895626520833334 0.07268580703125008 0.1139169375
2 0.6842986109375 0.5887125243055555 0.062165492187499984 0.07141061805555561
2 0.7926100261718749 0.6014644208333334 0.10807231640625004 0.11731744166666663
2 0.9834102675781249 0.6822264284722223 0.03251733359375013 0.09691440972222219
0 0.8896838332031252 0.5921130298611111 0.026778980468750112 0.10881617638888888
0 0.62452409921875 0.5810613881944444 0.01338949062500001 0.042506320833333354
2 0.019480514843749998 0.5865872111111111 0.038961029687499996 0.03740556111111104
