2 0.296575449609375 0.35602725277777775 0.01223564921875 0.025830813888888887
2 0.30842873515624997 0.3675831451388889 0.019118201562499992 0.03806646249999998
2 0.32831166328125 0.3641843548611111 0.028294937499999985 0.047583076388888895
2 0.51796421875 0.4008912993055555 0.07111970781250002 0.11012084027777777
2 0.57876010078125 0.4362387277777778 0.11623866406250008 0.13187310277777772
2 0.278986703515625 0.3784592763888889 0.04435422578125001 0.08972809166666668
2 0.261780321875 0.39341395902777776 0.0588840609375 0.09244712638888891
2 0.2675157828125 0.40836864166666664 0.05047205156249999 0.06797582777777775
4 0.3808345703125 0.3152417590277778 0.09788519062500001 0.1835347319444444
2 0.4136372203125 0.49658465763888887 0.19424092499999995 0.30045315694444447
2 0.19760154531250002 0.41705293819444444 0.1246506734375 0.13595165416666666
2 0.738264278515625 0.5149381298611111 0.2561838976562501 0.2528700763888889
2 0.024813334375000003 0.586312748611111 0.049626668750000005 0.3629909138888889
2 0.93671120703125 0.6610861583333333 0.12541539999999998 0.2732628250000001
2 0.1521464859375 0.3361617041666667 0.027437693750000002 0.014954683333333326
2 0.9695945128906249 0.27226442708333337 0.05964878828125002 0.0747734097222222
2 0.11008293242187502 0.33666270555555555 0.017138660156250006 0.021093736111111108
2 0.038891575 0.3359930472222222 0.02241209375 0.016406238888888876
