9 0.062744994140625 0.4081501916666667 0.03510210234375 0.06448386666666665
9 0.9900256023437499 0.34685494097222225 0.01755105312499996 0.09257726527777778
9 0.48572535898437497 0.40086975625000004 0.005850350781249958 0.016640995833333328
9 0.486895429296875 0.4154306263888889 0.00819049140625001 0.016640997222222294
2 0.364038062109375 0.45807318333333336 0.00819049140625001 0.027041619444444442
2 0.35350743203125 0.46119336875000005 0.012870771874999987 0.04160249583333327
2 0.3418067296875 0.4622334305555556 0.010530631250000023 0.04368261944444443
2 0.33010602773437503 0.46743374583333336 0.03627217578124999 0.04992299444444449
2 0.27920797578125 0.48095455416666666 0.044462667187500006 0.08112486666666664
2 0.23964498750000002 0.4934353034722222 0.06742527499999999 0.08944536527777779
2 0.378663940625 0.45911324375 0.0327619640625 0.04160249583333334
2 0.305534555078125 0.5079961791666666 0.08775526171874999 0.10192611388888888
2 0.44886815 0.4528728736111111 0.03276196406249996 0.04992299444444449
2 0.478704938671875 0.44871262430555553 0.008190489843750015 0.04160249583333334
2 0.48923557070312496 0.4476725618055555 0.022231332031249985 0.039522370833333376
2 0.49099067578125 0.4570331201388889 0.01872112187499999 0.04160249027777781
2 0.512636975 0.461193375 0.024571476562500028 0.05408324444444443
2 0.53252816640625 0.4788744291666666 0.0386123171875 0.08112486666666673
2 0.5734806230468751 0.49031511944444445 0.07137427890624996 0.12480748611111116
