9 0.746571423828125 0.30086133541666665 0.03132910078125004 0.06413499305555553
9 0.61793223515625 0.5574013166666666 0.01898733281249996 0.027004208333333283
9 0.579957568359375 0.5810299993055555 0.0075949335937500525 0.023628681944444372
9 0.41571712851562503 0.55740131875 0.017088602343749936 0.030379737499999965
2 0.5321200359375 0.6309420791666667 0.008544298437499976 0.018565394444444414
2 0.542088387890625 0.6300981958333334 0.013291133593750004 0.030379733333333388
2 0.5591769890625 0.6343176027777777 0.03037973593750003 0.032067497222222206
2 0.58291115625 0.6452880638888888 0.02658226562500001 0.06075946944444447
2 0.600949124609375 0.6520391152777778 0.04367086796874995 0.07426157222222227
2 0.634176958984375 0.6638534576388889 0.05506326640624994 0.11139235972222221
2 0.40680363242187506 0.6368492472222222 0.008544299218749973 0.016877627777777744
2 0.39873401406250003 0.63684925 0.011392398437499951 0.027004208333333283
2 0.38639224882812495 0.6376931291666667 0.005696200781249994 0.015189863888888846
2 0.37974668242187504 0.6402247743055556 0.01329113515625 0.020253154166666655
2 0.35411378046875 0.6410686576388889 0.007594934375000006 0.01518986527777773
2 0.329904929296875 0.6343176048611111 0.01424049921874997 0.018565393055555605
2 0.339873280859375 0.6436003013888889 0.020886069531250006 0.023628683333333338
2 0.31653946250000004 0.6470430472222222 0.03197368437499999 0.020387597222222255
2 0.046690738281250005 0.6765292604166666 0.0917828171875 0.06075946527777774
3 0.12248719414062499 0.6680904458333333 0.06360756796874999 0.057383941666666674
2 0.034423987499999996 0.6672465652777778 0.06884797499999999 0.06582275833333331
2 0.691613642578125 0.6887797298611111 0.14335436953124994 0.16255945416666673
2 0.8775840289062501 0.78778096875 0.24208850937499998 0.41012641527777777
