2 0.426490825390625 0.5389371576388888 0.02989666171874994 0.057401590277777755
2 0.23156459023437498 0.5665749597222223 0.08251478671874998 0.07440946944444443
2 0.285976515234375 0.5527560590277777 0.03587599453125003 0.06377954583333331
2 0.83934260234375 0.5740159069444444 0.1752366843750001 0.19559060555555557
2 0.68898351640625 0.5591340131944444 0.05261812500000005 0.08929136250000001
2 0.656695121875 0.5431891270833333 0.05979332343750006 0.09141734861111112
2 0.7439933742187501 0.5570080284722222 0.10523625 0.1360630291666667
6 0.9735997371093751 0.6399214368055556 0.05022639140624996 0.17433075694444453
6 0.939517542578125 0.6292915124999999 0.10643211640625001 0.1445669694444445
2 0.6279943265625001 0.5442521194444445 0.02152559687499993 0.05952757499999998
2 0.5562423378906249 0.5463781041666667 0.016742130468750015 0.021259847222222166
2 0.567005136328125 0.5495670819444445 0.019133863281250017 0.027637802777777724
2 0.394202430859375 0.5400001493055555 0.017937997656250017 0.0340157569444444
2 0.12393660781250002 0.5665749604166667 0.11839078125000002 0.1339370458333333
2 0.037834221875000004 0.5814568541666667 0.07294785468750001 0.15519689444444443
2 0.34445081793707766 0.5715869318318318 0.10309082506334462 0.1397090192192192
2 0.480902750390625 0.5580710208333333 0.09566931796874992 0.16795280277777777
9 0.667457919921875 0.45602374861111106 0.019133863281250017 0.019133863888888828
9 0.68001451796875 0.42732295277777776 0.02032972968750002 0.012755908333333347
8 0.382243766015625 0.40818908958333333 0.0035875992187500037 0.02551181805555558
8 0.386429298828125 0.4124410590277778 0.009566932031250008 0.02551181805555558
8 0.552654738671875 0.41988200625 0.007175199218750006 0.019133862500000022
0 0.606468730078125 0.535748179861111 0.007175199218750006 0.0255118180555555
8 0.38044996640625 0.40925208194444446 0.009566931250000011 0.027637802777777803
8 0.544881606640625 0.42200799097222225 0.0035875992187500037 0.019133862500000022
9 0.349357437890625 0.43157492291666666 0.014350397656250014 0.029763787500000027
9 0.342182239453125 0.4602757180555556 0.014350397656250014 0.006377955555555559
9 0.348161571484375 0.46984265 0.011958664843750012 0.008503938888888897
