8 0.29239192578125 0.6046874250000001 0.010546873437500003 0.04062499722222223
8 0.314364579296875 0.605468675 0.007031249218750002 0.03906249722222223
9 0.376766916015625 0.6429686708333334 0.008789061718750001 0.02656249722222215
9 0.38907160195312496 0.6140624243055556 0.008789061718750001 0.021874998611111116
8 0.306454425 0.6492186694444444 0.012304685937500004 0.02343749722222223
8 0.611434855078125 0.6124999229166667 0.008789060156250006 0.03749999305555549
9 0.6026457949218751 0.6429686687499999 0.010546875781249998 0.032812495833333344
9 0.59693290390625 0.6312499194444445 0.013183590625000009 0.04062499444444438
9 0.959126307421875 0.47573236249999995 0.015820310156249916 0.06249999166666661
0 0.7596146144531251 0.6843260861111111 0.022851560156250006 0.0953124916666667
2 0.49888908515625 0.5937499270833334 0.007031248437500004 0.018750001388888885
2 0.52965079921875 0.5937499256944445 0.012304685937500004 0.015624998611111114
2 0.4931761941406251 0.6195311708333334 0.009667966406250006 0.01718749722222215
2 0.47823478945312503 0.6312499201388888 0.013183591406250006 0.028124995833333263
2 0.47427971171875 0.6406249194444444 0.017578123437500003 0.02812499722222223
2 0.46680900976562506 0.6546874187499999 0.016699216406250005 0.024999998611111116
2 0.45230705859375 0.6664061666666666 0.01757812187500001 0.03281249444444446
2 0.43648674921874997 0.6773436659722222 0.02812499687500001 0.032812495833333344
2 0.43604729609375 0.6984374138888889 0.011425779687500004 0.031249994444444536
2 0.498889084375 0.6390624208333333 0.014062498437500005 0.021875
2 0.49361564765625 0.6624999166666666 0.024609371875000008 0.04374999444444446
2 0.46680900859375 0.7078124097222221 0.039550776562500015 0.06874999166666661
2 0.4162719078125 0.7070311618055556 0.04218749375000001 0.054687493055555654
2 0.538439860546875 0.6210936715277777 0.014062499218750002 0.017187495833333264
2 0.541516032421875 0.6343749215277777 0.013183591406250006 0.018749995833333265
2 0.5481078285156251 0.6546874187499999 0.019335935156250005 0.024999998611111116
2 0.559973060546875 0.6789061652777778 0.03251952734375001 0.045312494444444455
2 0.570519935546875 0.7078124118055555 0.03251952734375001 0.04374999583333342
2 0.67570302890625 0.7468749069444445 0.18984372656249998 0.2624999666666666
2 0.17340817070312503 0.7406249069444445 0.18017575859375 0.2593749694444444
2 0.048899145312499996 0.7147948319444445 0.09779829062499999 0.5656249305555555
