9 0.5668507625 0.22355593194444445 0.057513662499999986 0.027727866666666677
9 0.5683129734375 0.26168175069444444 0.025345003125000078 0.04159180138888886
9 0.587321727734375 0.3569962972222222 0.028269427343749952 0.013863933333333299
9 0.5717248015624999 0.44711186458333335 0.02047096562500004 0.024261881944444418
8 0.08334607109375 0.42284998124999995 0.008773271874999999 0.04852376805555557
8 0.5790358609374999 0.3942556180555556 0.007798464062499999 0.046790777777777806
8 0.5892713429687501 0.4358474194444445 0.014622117187500016 0.01906290833333336
8 0.069227473828125 0.4878371708333334 0.017578772656249998 0.029460858333333326
8 0.7506020421875 0.3691272388888889 0.015596925000000006 0.05198975277777783
8 0.745728001953125 0.4384469076388888 0.021445772656249938 0.038125818055555524
0 0.9153445675781249 0.49736862569444446 0.023395388281250006 0.05892171805555554
0 0.6721300097656251 0.5129655506944444 0.02047096484374995 0.027727868055555563
2 0.20763407148437502 0.5814187243055555 0.07213578046875 0.06758667638888885
2 0.323636204296875 0.5770862444444445 0.050690008593750016 0.05198975277777783
2 0.849057634375 0.6464059138888889 0.2982912 0.24608482499999995
2 0.962622748046875 0.5285624756944445 0.07311058828124999 0.1247754041666667
2 0.609254903515625 0.5666882951388889 0.25345003984375003 0.15943524027777783
2 0.4800928640625 0.56668829375 0.01072288593750006 0.04852376805555557
2 0.47180699726562497 0.5762197486111111 0.007798463281250001 0.029460858333333326
2 0.4659581507812501 0.5753532520833333 0.007798464062499999 0.020795898611111124
2 0.446949396875 0.5762197486111111 0.016571732812499997 0.02599487500000003
2 0.409419294921875 0.5744867583333333 0.02339538828125005 0.03292684444444447
2 0.286106102734375 0.5831517159722223 0.030219042968749978 0.03639282638888896
2 0.36214111484375 0.5770862451388888 0.03216865937500004 0.03812581805555561
2 0.3899231375 0.5831517159722223 0.013647309374999982 0.02252889305555562
2 0.42745324062499995 0.5779527402777778 0.008773270312499993 0.029460858333333326
2 0.43476429921875004 0.5701542777777777 0.007798462500000003 0.017329916666666632
9 0.54136464609375 0.46074763055555557 0.011700701562500004 0.022881372222222276
