9 0.135701263671875 0.5962497916666667 0.05202760390625001 0.08999996944444445
9 0.416074073046875 0.22031242222222222 0.026367177343749937 0.05437498055555557
9 0.340663943359375 0.4724998361111111 0.016874992968750037 0.03374998888888885
9 0.33908191367187496 0.5224551763888889 0.011601558593749983 0.02062499166666664
8 0.39550767421875 0.2833927611111111 0.014765620312500038 0.07874997499999997
8 0.43347641093749995 0.3358927416666667 0.006328123437500022 0.04499998333333338
8 0.43505844140624994 0.37901772638888886 0.00949218437499999 0.04499998333333334
8 0.434003754296875 0.4643301979166667 0.01160155859374994 0.058124979166666674
8 0.36755846484375 0.41183021527777774 0.011601557812499986 0.05062498055555559
8 0.41871079101562503 0.3056248930555555 0.025312491406250005 0.13499995277777777
1 0.4139646980468751 0.5552676666666667 0.011601557031249942 0.07499997222222221
2 0.46353499296875 0.5583480194444445 0.053789043749999974 0.035089277777777754
2 0.517851380859375 0.5412051687499999 0.05695310390625004 0.05437498194444438
6 0.41396469921875 0.5637051631944445 0.032695300000000004 0.050624984722222245
2 0.716283242578125 0.5196426770833333 0.06749997734375004 0.05999997638888893
2 0.808719031640625 0.5158926791666667 0.10230465078124995 0.0787499722222222
2 0.9563752304687501 0.5693301604166666 0.0854296578125 0.35812487361111117
2 0.618046659375 0.5758926583333334 0.19195305781250002 0.213749925
