8 0.2489339984375 0.035964568749999995 0.03470829374999997 0.07192913749999999
8 0.287323471875 0.033159858333333334 0.031552992187500004 0.06631971666666667
9 0.298367019140625 0.09623662847222221 0.08519308046875 0.08601112083333333
9 0.34419056406250004 0.3660147180555556 0.028397693749999987 0.03552633055555551
9 0.34103526484374996 0.3258138652777778 0.03050122656250003 0.033656525
9 0.33893173203125004 0.28467811249999997 0.015776495312500007 0.029916913888888886
9 0.07015282109375001 0.43473012361111113 0.033025467187500004 0.04674517499999998
2 0.51157918515625 0.5674864194444444 0.30921933125 0.3122577666666666
2 0.9166144429687499 0.5534628659722223 0.1651273296874999 0.16454301527777782
2 0.05732127109375 0.6151664958333333 0.1146425421875 0.2318560666666667
9 0.7031209921875 0.4381136006944445 0.01432784218749994 0.03056606527777777
