2 0.4091371410156251 0.3758312020833333 0.008414128906249995 0.024307490277777708
2 0.44857838203125 0.3879849493055555 0.030501226562499983 0.05609420972222223
2 0.43017246992187497 0.3954641743055556 0.03996712578124999 0.06357343472222216
2 0.34340173828125 0.40808537638888887 0.11464254062499997 0.19165521666666663
2 0.5090549515625 0.4225763777777778 0.08624484687500003 0.09536015555555556
2 0.6010845144531249 0.41322734375 0.07888248203125006 0.1028393847222222
2 0.7905425647065034 0.4938594785472974 0.4175716158994933 0.6014702320945946
2 0.120451385546875 0.38740629513888886 0.14284171953125 0.09046324027777777
2 0.02331939609375 0.3972676854166667 0.0466387921875 0.08774833750000002
9 0.47487254257812506 0.3060250770833333 0.011569430468750053 0.022437684722222233
9 0.47382077617187496 0.3253464145833333 0.00946589765625001 0.014958454166666692
