8 0.53741234609375 0.4710934256944444 0.009228509375000016 0.046874968055555556
8 0.4029397828125 0.46757780347222216 0.009228509375000016 0.04921871527777778
8 0.30933633125000004 0.5249996402777778 0.009228509374999971 0.04687496944444444
8 0.16431689960937498 0.28359355486111115 0.022412094531250017 0.11249992361111111
8 0.46490263046875 0.6093745819444444 0.0039550750000000075 0.02343748611111107
8 0.43985381953124997 0.6035152097222222 0.0039550750000000075 0.021093736111111067
8 0.38316440625000003 0.5929683416666667 0.0039550750000000075 0.023437486111111145
8 0.017319930078125 0.3058591645833333 0.02373045234375 0.09609368472222218
9 0.731211040625 0.5718746083333334 0.011865224999999934 0.04687496666666667
9 0.8024023984374999 0.51796839375 0.0461425468749999 0.023437484722222183
9 0.65276871171875 0.5695308590277778 0.01318358593750002 0.03281247916666664
9 0.654746249609375 0.6082027069444444 0.011865225781250021 0.03984372222222221
2 0.54004906328125 0.6480464284722223 0.019775376562500037 0.011718740277777803
2 0.51961450703125 0.6433589319444445 0.015820301562500028 0.016406238888888917
2 0.49456569609375 0.6503901777777779 0.015820301562500028 0.016406238888888917
2 0.480722931640625 0.6480464298611112 0.014501942968749936 0.01640623750000003
2 0.44578643320312494 0.6527339270833333 0.018457019531250028 0.02578123194444441
2 0.441831357421875 0.6609370465277777 0.02373045234375004 0.03749997638888887
2 0.470835243359375 0.6632807951388888 0.03164060390624997 0.03281247916666664
3 0.578940637890625 0.6410151847222222 0.055371055468750006 0.04921871666666667
2 0.82876956796875 0.6292964430555555 0.22016586406249994 0.25546857500000003
2 0.35613805703125 0.7417963645833333 0.21621078906250002 0.30234354027777777
