9 0.64093615859375 0.2568293673611111 0.016571732812499997 0.027727868055555563
9 0.526883640234375 0.3252825395833333 0.012672502343750036 0.008664956944444432
8 0.405520064453125 0.27069330208333336 0.007798461718750005 0.027727868055555563
8 0.39674679296875 0.26982680625 0.007798464062499999 0.032926843055555544
9 0.35872928710937496 0.3088191208333333 0.013647310156249981 0.013863936111111148
8 0.35483005507812504 0.3313480131944444 0.011697694531250002 0.01732991805555556
8 0.5307828718750001 0.33741348402777777 0.010722885937499971 0.015596926388888911
2 0.499589019921875 0.3746728069444444 0.01852134921875006 0.048523769444444455
2 0.51226152265625 0.37987178125 0.02047096562499995 0.0554557347222222
2 0.52639623671875 0.39200272291666666 0.019496156249999962 0.05545573472222224
2 0.66725597109375 0.45265743472222225 0.12185098124999998 0.17329917222222227
2 0.34556938203125 0.37553930069444447 0.024370196874999993 0.05718872638888893
2 0.359216691796875 0.3668743444444445 0.018521349218750018 0.036392825
0 0.29195495 0.359942375 0.010722885937499971 0.046790775000000034
2 0.31242591484375 0.3842042611111111 0.051664815625000006 0.07105265833333334
2 0.22518061171874998 0.3928692180555556 0.09163193750000001 0.10917848055555557
2 0.1379353109375 0.41279862361111114 0.119901365625 0.13170737222222223
2 0.42160439296875 0.4491914513888889 0.17449060312500003 0.24261884166666667
2 0.045815968750000005 0.40066768124999996 0.09163193750000001 0.20795900694444447
2 0.5678255703125 0.39806819375 0.08285866718749997 0.11264446250000001
2 0.831998495703125 0.49164974722222216 0.33435909140625003 0.4800387083333333
