2 0.38217284921875 0.5067597881944444 0.13573924062499998 0.1611027097222222
2 0.48454212695312504 0.44711099930555553 0.038062589843749974 0.06729606805555556
2 0.093910996484375 0.5049244451388889 0.18782199296875 0.14682778472222222
2 0.2676548171875 0.4404833583333333 0.027530207812499975 0.03670694722222226
2 0.308376587109375 0.4588368305555556 0.06767843203125001 0.08564954166666665
2 0.46266048203125 0.4374244451388889 0.018353471874999982 0.03874622083333337
2 0.44163044921875 0.4471110013888889 0.0378540390625 0.05506042222222223
2 0.5196327097656249 0.42365933888888885 0.012618011718749943 0.0203927472222222
2 0.507014697265625 0.4307967993055556 0.017206380468750025 0.03058912083333338
2 0.50586760546875 0.44405208749999997 0.012618012499999942 0.028549847222222268
2 0.54142746015625 0.44711099791666664 0.028677303125000008 0.07953171527777778
2 0.5689576695312499 0.46444483680555554 0.06767843281249997 0.11012083750000004
0 0.606811708203125 0.4843277631944444 0.026383117968750015 0.16314198194444451
0 0.668181134375 0.4853474020833333 0.029824393749999966 0.16518125972222228
0 0.729550561328125 0.4771903027777777 0.024088933593750018 0.15294560833333332
0 0.765110414453125 0.4690332041666666 0.026383117968750015 0.1488670611111111
0 0.8677751546875001 0.4843277652777778 0.04358949843749986 0.20800603055555555
0 0.71004999453125 0.44558154375000003 0.01720637968750003 0.08972809027777784
0 0.25236025624999997 0.44184288402777777 0.009176737500000032 0.02447129861111116
0 0.2454777046875 0.44286252083333333 0.009176737499999987 0.02651057222222227
0 0.216226856640625 0.44388215833333333 0.008029644531250036 0.032628397222222265
0 0.211638487890625 0.44388215833333333 0.008029644531250036 0.032628397222222265
0 0.2041823890625 0.44694107083333334 0.009176737499999987 0.030589122222222265
0 0.19672629140625 0.44490179583333334 0.010323829687499985 0.030589122222222265
8 0.467980842578125 0.01651722013888889 0.018890242968750037 0.03303444027777778
8 0.43731451875000005 0.020392748611111112 0.028677301562499924 0.040785497222222224
8 0.7077988171875 0.3324017923611111 0.03326567031250001 0.040785495833333324
9 0.6739985296875 0.11172312361111113 0.016059289062500072 0.030589119444444438
9 0.7026758320312501 0.24019743750000003 0.03670694687499996 0.026510575
9 0.6780133523437499 0.2687472847222222 0.024088934375000016 0.026510575
9 0.68374881171875 0.2972971326388889 0.04244240781249999 0.03058912083333334
9 0.67940625703125 0.024471281249999997 0.045883682812500035 0.048942562499999995
9 0.5784621546875 0.38017908472222217 0.009176737499999987 0.03670695000000003
9 0.554373220703125 0.36896307222222224 0.011470921093749985 0.01427492500000006
9 0.372422560546875 0.3143881965277778 0.01835347265624998 0.06321752083333333
