2 0.6271683250000001 0.40761793124999995 0.01914212968750002 0.02393354861111108
2 0.617597259765625 0.39284644583333334 0.01051766484375003 0.016828263888888903
2 0.5968774484375 0.40406528819444437 0.01998356249999995 0.02804710694444444
2 0.52661946328125 0.39565115624999997 0.022087093749999998 0.018698070833333386
2 0.5071617847656251 0.3919115423611111 0.01893179609375002 0.018698070833333386
2 0.47297937773437493 0.3909766388888889 0.01788002890625 0.016828263888888903
2 0.45667699609375 0.3975209631944444 0.014724729687499938 0.014958456944444502
2 0.4882299890624999 0.39004173402777775 0.021035328124999975 0.01495845416666673
2 0.61076077890625 0.3909766388888889 0.0073623640625000595 0.016828263888888903
2 0.589778025 0.48156879444444445 0.10465075937499994 0.11237541111111113
9 0.25199367734375 0.23227092708333336 0.07697018437499996 0.11825360694444444
9 0.16637033203125 0.3858229840277778 0.06100245312500001 0.1028393847222222
1 0.74747128359375 0.47089920277777775 0.030501224999999986 0.127146875
9 0.336144549609375 0.36984782708333336 0.010517664843749986 0.018698070833333386
9 0.33572384140625 0.38405835625 0.0063106000000000325 0.014958456944444422
2 0.643891405078125 0.4094877430555556 0.012200497656250064 0.020941830555555502
2 0.7077336234375 0.43828277499999996 0.05153655468749996 0.044875369444444466
2 0.7569562953125 0.4375348486111111 0.014093662500000015 0.03216067500000001
8 0.5752110531250001 0.3092660923611111 0.005258832812500014 0.022437684722222233
9 0.09014156953125 0.39198387847222227 0.011138351562500004 0.020797156944444437
9 0.5984550976562499 0.35264560902777775 0.03365652499999996 0.05609420972222219
