0 0.708685303125 0.6905972041666667 0.013647309374999939 0.07105266111111111
0 0.65117164140625 0.6862647229166667 0.013647310937500023 0.05198975416666664
0 0.6326502917968749 0.6871312194444444 0.011697694531250047 0.0502567611111111
0 0.621440001953125 0.6879977145833334 0.00877327109374999 0.04505778750000004
0 0.603406056640625 0.6862647243055556 0.011697694531249959 0.038125818055555524
0 0.5946327859375 0.6853982284722223 0.005848846875000024 0.03639282638888888
0 0.58780913203125 0.6871312194444444 0.009748078124999981 0.046790777777777806
0 0.580985475390625 0.6767332673611111 0.005848847656250022 0.0329268430555555
2 0.103329631640625 0.6871312180555555 0.20665926328125 0.3240694527777778
2 0.244189365234375 0.7131260951388889 0.07700981953125004 0.13344036250000002
4 0.18521349062499998 0.5926831687499999 0.12477540468750001 0.11091147083333336
2 0.39430977343749996 0.6940631868055556 0.08090905156249999 0.11957642916666668
4 0.50592527109375 0.6464059145833333 0.09553116875 0.18369712361111112
3 0.3060896640625 0.6672018159722223 0.07018616406249997 0.13863933750000004
3 0.356347176171875 0.6758233576388889 0.03205884140625002 0.07616480416666668
2 0.4347643 0.6775997645833333 0.015596925000000006 0.051989751388888866
3 0.859452590234375 0.50690008125 0.28008879921874996 0.7365214847222222
