9 0.25140300234375 0.20846934444444443 0.024795912499999996 0.02755101388888887
9 0.25088642187500004 0.2314285236111111 0.027895401562500012 0.025714280555555566
4 0.38539753789062503 0.3740378118055555 0.007324291406249994 0.023877545833333378
3 0.4625858421875 0.3418187736111111 0.1033163046875 0.19064798333333333
4 0.40679503750000007 0.3719386972222222 0.02892856406250006 0.06795916944444448
2 0.34893790664062496 0.37836726736111115 0.012397957031250018 0.029387751388888876
4 0.33189071757812505 0.3710509097222222 0.038227032031249976 0.06606127777777779
2 0.5395564894531251 0.4086733826388889 0.10228314140624999 0.1377550736111111
9 0.7447227191406249 0.3388200805555555 0.020663261718750013 0.0955101833333333
2 0.644068254296875 0.4244481034722222 0.17269609453125004 0.2144581597222222
4 0.394606163671875 0.36610195486111113 0.01638098203124998 0.05200311805555553
4 0.37998028671875 0.37546251597222224 0.015210912499999996 0.029121745833333375
4 0.370034690234375 0.3765025784722222 0.011700702343750003 0.031201870833333346
