3 0.44187266210937504 0.41775602083333335 0.03707186015624995 0.07866143888888896
3 0.39523386875 0.4251969673611111 0.06338092343749997 0.11905515138888884
2 0.36055374140624996 0.4762206048611112 0.08968998593750004 0.11055120972222225
2 0.18117377109375002 0.5229922680555555 0.23319396406250004 0.20834651111111108
2 0.517212249609375 0.46187020763888886 0.07055612265624997 0.10204727083333336
8 0.519603982421875 0.38108278125000006 0.00837106484374992 0.017007879166666604
3 0.562655175390625 0.41828751875 0.015546264843750013 0.06590552916666673
3 0.5734179734375 0.41616153333333333 0.017937998437500012 0.07015750000000007
3 0.6021187687499999 0.41828751597222225 0.04663879374999995 0.09141734861111103
2 0.610489834765625 0.43954736805555555 0.04903052421874996 0.06590552777777776
1 0.655932760546875 0.4448623277777778 0.03707186015625004 0.12330711944444449
7 0.65533482734375 0.47994107708333333 0.04065946093750004 0.10842522916666668
3 0.685829421484375 0.4012796395833333 0.07533958671874999 0.19771659305555553
3 0.803981053125 0.3918190111111111 0.19731796875000002 0.31677174166666666
3 0.9257650785156251 0.3720473479166666 0.14350397734375003 0.49322848194444446
