2 0.315023848828125 0.4216389486111111 0.014889717968750027 0.037058849999999983
2 0.288222359765625 0.42031541319444443 0.017867658593749967 0.04500002916666672
2 0.27631058867187497 0.44281542916666666 0.04169120546874998 0.08470593888888894
2 0.372349256640625 0.39781539930555554 0.013400744531249975 0.021176487499999928
2 0.36192645429687503 0.3964918673611111 0.016378688281249998 0.029117668055555553
2 0.348525709765625 0.4044330513888888 0.01935663046874998 0.029117666666666667
2 0.332147022265625 0.4031095201388889 0.01935663046874998 0.0317647291666666
2 0.342569823046875 0.4494330840277778 0.05211400703124998 0.09264712083333337
3 0.304601047265625 0.3991389291666667 0.03275737578125 0.05029415277777779
3 0.117735110546875 0.44451710555555557 0.08189343828125 0.12970597222222224
3 0.040853072265625 0.42438323125 0.08080446796875 0.3280410736111111
2 0.271099186328125 0.47987427777777775 0.04020223203124997 0.1005883027777778
2 0.4190796471283784 0.49575664097222216 0.17535421925675676 0.21705897083333328
2 0.743103186328125 0.5817861138888889 0.5107172585937501 0.5744121555555556
9 0.41244513320312504 0.35205906249999996 0.011911774218750004 0.026470605555555533
9 0.399044390234375 0.3494120013888889 0.01488971484374999 0.013235302777777729
2 0.203737759375 0.47370466666666666 0.1495142515625 0.2354922333333333
