2 0.065301512109375 0.7161041090277778 0.13060302421875 0.19667281805555545
2 0.36346910703125 0.6299079965277777 0.05872868906250002 0.07769790416666661
2 0.49799877851562496 0.5777047173611111 0.01365783515625001 0.021852534722222178
2 0.8216894617187501 0.6699709784722222 0.25130415937500006 0.2792268430555555
2 0.400345259765625 0.6104835222222222 0.03414458671875002 0.048561188888888926
2 0.41946622890624996 0.6044133715277777 0.01502361875 0.031564773611111166
2 0.422197795703125 0.5971291930555556 0.02321831953125004 0.036420894444444386
2 0.434489847265625 0.5837748659722222 0.017755185156249985 0.02428059583333335
2 0.444050331640625 0.5801327770833333 0.012292052343750016 0.026708654166666672
2 0.45087924804687507 0.5789187472222223 0.006828916406249963 0.024280594444444463
2 0.45770816601562503 0.5716345680555556 0.015023617968750003 0.01942447500000005
2 0.467951541796875 0.5692065097222222 0.008194700781249953 0.024280597222222235
2 0.667355930078125 0.6505465027777778 0.08467857578125004 0.11897491666666661
2 0.60452988984375 0.6201957604166667 0.05463133906250004 0.06798566527777779
2 0.57311686953125 0.6007712833333334 0.038241937500000045 0.06312954722222225
2 0.5546787921874999 0.5922730743055555 0.0314130203125 0.06070148750000005
2 0.5307775828125 0.5849888965277777 0.019120968750000068 0.03156477361111109
2 0.5178026390625 0.5789187472222223 0.01502361875 0.033992833333333375
9 0.65916122890625 0.5509960625 0.02458410156249995 0.04127701111111111
