0 0.6451417562499999 0.43599812569444446 0.02219947343749995 0.13881050138888887
0 0.691454450390625 0.45232877430555557 0.03827495234375 0.23679438750000006
0 0.7224571640624999 0.45368966041666664 0.03291646093749998 0.20141131527777775
0 0.7519288796874999 0.4496069986111111 0.04439894843749999 0.20413309166666666
0 0.786376338671875 0.4543701041666667 0.05511593515625002 0.24087704722222222
0 0.9579177539590372 0.46878313819444445 0.08281314073057419 0.32389117083333335
0 0.008942425390624998 0.4422458361111111 0.016075480468749997 0.1102318694444445
0 0.32662454804687496 0.4233280826388889 0.006889491406250015 0.020682645833333325
8 0.337329930859375 0.3585937958333334 0.006123992968749992 0.012247983333333363
2 0.34498492226562505 0.41688513611111105 0.01837197890625002 0.029939522222222178
2 0.325847444921875 0.41688513472222216 0.016840980468749978 0.019052419444444427
4 0.250840137890625 0.39733655625 0.08037740390624996 0.09934477083333329
3 0.181179720703125 0.4020996611111111 0.06812941953125003 0.11431453055555557
3 0.08970257968749999 0.4041409923611111 0.1408518328125 0.1456149375
3 0.49663493281250004 0.2997141569444445 0.2885931578125 0.599428313888889
