9 0.8958309980468749 0.29188531180555555 0.06531212578125008 0.16636720416666667
3 0.36652775039062496 0.5328949541666667 0.01754653984375003 0.015596924999999985
2 0.371304309375 0.5441594027777777 0.010722885937500015 0.017329919444444484
2 0.38592642539062505 0.5380939312499999 0.018521349218750018 0.02252889305555554
2 0.35132074765625 0.539826925 0.011697693750000005 0.019062911111111053
2 0.338160842578125 0.5406934208333334 0.012672502343749992 0.020795902777777778
2 0.257251791015625 0.5372274347222222 0.08870751484374999 0.05545573333333328
2 0.176830143359375 0.5328949576388889 0.03899231171874999 0.032926845833333274
2 0.42345653789062504 0.53376145 0.025345003906249986 0.03812581388888895
2 0.453285648828125 0.5425997201388889 0.02729462109374996 0.04679077638888892
2 0.486429116015625 0.5443327125 0.02534500546874998 0.04332479166666666
2 0.511286715234375 0.5486651909722222 0.024370196093749998 0.058921718055555614
2 0.54150575859375 0.5434662159722222 0.05556404687500001 0.10051352083333333
2 0.591220958984375 0.5616626284722221 0.09650597734375 0.1369063458333333
2 0.64483538984375 0.5963224625 0.11600213281250005 0.15423626111111113
2 0.80566127421875 0.6602698604166667 0.3197369734374999 0.2946085958333334
4 0.04953241640625 0.5129655631944445 0.0990648328125 0.13863933749999996
8 0.27119154726562505 0.47483973125 0.0038992320312499994 0.020795901388888892
8 0.452505806640625 0.4583763097222222 0.005848846093750026 0.022528891666666655
8 0.44811917226562503 0.4618422951388889 0.004874039843749944 0.02252889305555562
8 0.5135392292968749 0.4715130645833333 0.007175199218750006 0.019133865277777714
8 0.19612210195312502 0.43688988680555557 0.007175199218750006 0.02551181805555558
