9 0.5441533546875 0.47284676041666673 0.008784539062500051 0.019087393055555502
9 0.4460593414062499 0.4554945861111111 0.023425435937499996 0.03296913055555556
2 0.47729325624999996 0.5196976319444444 0.06441994843750001 0.0954369611111111
3 0.36309425625 0.47978763263888885 0.027329675000000008 0.06767348194444449
3 0.288913709765625 0.49366937152777773 0.01952119765624998 0.08849609027777781
3 0.32161171289062496 0.47978763125000007 0.061491769531249976 0.11625957083333331
2 0.33039625234375 0.5162271972222222 0.04782693124999997 0.07808478611111111
2 0.24206283789062502 0.5144919812500001 0.09370174453124999 0.16137522638888896
2 0.59881270546875 0.5301089375000001 0.03416209375000001 0.06420304444444448
2 0.65640023515625 0.5266385041666666 0.09858204218750002 0.0676734833333333
2 0.5480575941406249 0.5431230694444444 0.11224688046875002 0.10758348333333333
2 0.39920846953125 0.5257708951388889 0.09760598281249999 0.1422878319444444
2 0.16153790078125 0.6081937229166667 0.23913465781249998 0.2897813180555556
2 0.78279998203125 0.5656808965277779 0.4333705640625 0.7357322097222223
