9 0.14001755078125 0.2063121472222222 0.017659870312499982 0.017940186111111107
9 0.11794271132812499 0.21864602569444444 0.02144413046875 0.015697665277777793
9 0.129926196875 0.23882873472222219 0.030274064062500015 0.020182708333333348
8 0.1185734203125 0.29377055902777777 0.020182709374999996 0.029152804166666692
8 0.557547364453125 0.02130397152777778 0.020182708593749953 0.04036542083333334
8 0.5770993660156251 0.02130397013888889 0.02144413046875 0.03588037361111111
3 0.5777300753906249 0.28749149305555555 0.007568517968749955 0.02242523333333332
9 0.577099364453125 0.2691028020833333 0.018921291406250075 0.01794018472222222
2 0.568900138671875 0.29489181597222225 0.010091355468750063 0.015697659722222212
2 0.5619623316406249 0.2937705569444444 0.011352772656249944 0.013455141666666668
2 0.5543938167968749 0.2948918201388889 0.013875613281249954 0.011212615277777773
2 0.5436717511718749 0.29825560624999997 0.010091353906249979 0.017940187499999993
2 0.53610323515625 0.30049812847222224 0.010091354687499976 0.013455140277777784
2 0.531057558203125 0.30386191180555555 0.010091353906249979 0.020182706944444424
2 0.520966202734375 0.30161939027777773 0.015137032031250008 0.02018271111111112
2 0.50582916875 0.30386191180555555 0.017659870312500027 0.020182706944444424
2 0.4894307187500001 0.3072256958333333 0.01513703125000001 0.022425233333333357
2 0.4534802671875 0.3229233625 0.026489806250000036 0.03139532777777777
2 0.4295133 0.31731705069444444 0.0214441296875 0.011212615277777773
2 0.397347104296875 0.33189345277777776 0.020182708593749953 0.022425233333333357
2 0.3727494265625 0.3610462569444444 0.06180954999999999 0.07624579166666669
2 0.325446200390625 0.35992499861111116 0.045411097656249975 0.05606308333333333
2 0.2743587140625 0.3655313041666667 0.07190090468750002 0.07624579444444449
2 0.2138105859375 0.3857140131944444 0.09965213281250003 0.08521588750000003
2 0.424467621484375 0.3576824708333334 0.06685522578125003 0.07400326944444444
2 0.587190719140625 0.2904067715277778 0.011352772656250032 0.0201827125
2 0.6029584628906249 0.2881642472222222 0.010091353906250067 0.01569766388888887
2 0.6111576890625 0.29601307916666664 0.00882993593750001 0.017940186111111107
2 0.6162033660156251 0.2982556027777778 0.00882993671875001 0.02242523333333332
2 0.6225104613281249 0.30274065208333334 0.00882993671875001 0.02691027916666664
2 0.6300789796874999 0.3072256986111111 0.011352775000000027 0.035880372222222214
4 0.6660294328124999 0.3150745298611111 0.07568516250000004 0.16370420416666664
4 0.8187088673036318 0.27637696304429427 0.31460929241976354 0.5311323044669669
