9 0.4676640640625 0.3647947583333333 0.08480828281249994 0.051989752777777794
9 0.497395703515625 0.46444178402777775 0.00974807890624998 0.015596929166666643
9 0.12111987499999999 0.4991016187500001 0.01559692656249998 0.019062912500000015
2 0.48048279687500006 0.49043665694444444 0.010722887499999967 0.017329913888888864
2 0.473659141796875 0.4817716993055555 0.00877327109374999 0.020795898611111124
2 0.46488587070312504 0.4956356333333334 0.018521349218749972 0.027727866666666677
2 0.439053462890625 0.4765727229166667 0.04289154609375005 0.07971761527777778
2 0.425893556640625 0.5103660631944444 0.034118274218750064 0.053722743055555515
2 0.425893555859375 0.4783057166666667 0.030219041406249935 0.03812581944444441
2 0.49349647226562504 0.5017011048611112 0.03801750703125002 0.04852376805555557
3 0.25942072304687497 0.4593665888888888 0.31486293203125 0.43151493888888887
2 0.165351766015625 0.4972448298611111 0.050690008593750016 0.02252889027777785
2 0.10052704570312501 0.5249726986111111 0.03411827578125 0.03639282777777776
2 0.062204917578125 0.5869890548611111 0.12440983515625 0.15596925416666668
