2 0.24410361183488175 0.4110539472222222 0.11118019664273651 0.08237286944444439
2 0.4201384292124155 0.45045045045045035 0.3031146962626689 0.30990990990990996
3 0.740160881176098 0.3225793875 0.1384298704603041 0.2044067416666667
2 0.937225369140625 0.28139295486111116 0.012012708593750077 0.018305081944444426
2 0.95610248359375 0.2752912611111111 0.013728810937499957 0.01830508055555554
2 0.9736925218750001 0.26842685555555557 0.006006354687499993 0.013728811111111128
4 0.9896234097656251 0.26156245069444445 0.020707113281249967 0.04881355138888889
3 0.9616798124999999 0.2646132972222222 0.014586860937499857 0.02135592777777779
9 0.838630963671875 0.24402008055555555 0.013891657031249949 0.03508473888888888
9 0.15364627890625 0.1464905430555556 0.04496299375000001 0.14210526388888892
