2 0.113906209765625 0.4543927013888889 0.22781241953125 0.3297856
2 0.56267558359375 0.39506236527777777 0.11285152343749996 0.15637495
2 0.34119128671875 0.38718736666666664 0.0727734125 0.08437496944444448
2 0.3823240859375 0.35531237708333335 0.017929682812500004 0.024374990277777817
2 0.50414044921875 0.37837486597222225 0.03164061406249994 0.07874997083333335
2 0.50361310546875 0.3637498722222222 0.04746092031250004 0.08624996944444448
2 0.478827955859375 0.35812487569444446 0.016874992968750037 0.05249998194444447
2 0.3944529859375 0.3534373756944445 0.008437496875000016 0.02437499027777778
2 0.40605454453125 0.35062487847222223 0.010546871875000008 0.022499990277777788
2 0.41818344609375 0.34781237847222224 0.01160155781249994 0.020624990277777793
2 0.42820297421875003 0.34968737708333336 0.006328123437500022 0.016874993055555582
2 0.43769516015625004 0.34874987777777783 0.010546871875000008 0.02249998888888886
2 0.453937335546875 0.3395623798611111 0.014765619531249996 0.028124990277777803
9 0.28845693046875 0.28874989930555556 0.026367178125000022 0.04687498194444445
9 0.349101441015625 0.28874989930555556 0.01054687109375001 0.013124995833333328
8 0.412382668359375 0.26906240833333334 0.01054687109375001 0.026249991666666656
8 0.350683469921875 0.3168748881944445 0.011601557031250032 0.02437499027777778
9 0.041660142187500006 0.19781243055555559 0.01582030625 0.037499986111111105
9 0.723515371484375 0.04687498402777778 0.06328122734374997 0.043124984722222225
9 0.75779270390625 0.007499996527777777 0.05800779218749996 0.013124993055555555
8 0.758398340625 0.16882751319444445 0.0335933984375 0.062030123611111106
