8 0.40329273125 0.29395714027777775 0.005998218749999928 0.03199050277777774
8 0.5148596023437501 0.3003552409722222 0.005998218750000017 0.027725101388888895
8 0.790777664453125 0.32381493888888885 0.010796794531249976 0.03199049999999997
8 0.411690237890625 0.29403897152777775 0.0035989320312500793 0.03215416527777776
9 0.25513672890625 0.31954954166666666 0.033590028124999984 0.06611370277777778
9 0.390696471875 0.27156378888888894 0.01919430000000002 0.012796202777777784
9 0.405092196875 0.3067533395833334 0.04798574999999996 0.057582901388888885
9 0.34151107812500003 0.34834098958333337 0.01199643749999999 0.01706159861111113
2 0.4062918421875 0.4251181902777778 0.026392162499999962 0.0383886
2 0.36190502265625 0.43364899027777776 0.0479857515625 0.07251180000000003
3 0.444080619140625 0.4133883388888888 0.04678610546874999 0.10876770000000001
2 0.595835555078125 0.4443124895833333 0.11756508828124997 0.17914679861111107
7 0.7979755265625 0.4368480416666667 0.025192518749999948 0.0533175
1 0.798575348828125 0.40699024027777775 0.014395725781250058 0.06611370000000005
0 0.755388174609375 0.4133883416666667 0.009597150781250008 0.040521300000000024
2 0.8974835070312501 0.4112867423611111 0.0781017468749999 0.06617590416666662
8 0.699004917578125 0.3440755909722222 0.007197863281250072 0.029857801388888876
0 0.716709098046875 0.4162497145833333 0.011865225781250021 0.04218747361111118
0 0.77163571015625 0.4182894222222222 0.01011739687500004 0.042795550000000064
8 0.4028930328125 0.29091161944444444 0.00400092343750007 0.03556376666666665
