9 0.659747239453125 0.2799576916666667 0.019282800781249953 0.027750908333333355
9 0.533490808984375 0.25220678611111114 0.014691657031250038 0.034280533333333335
9 0.53303169453125 0.2807738965277778 0.01377342812500002 0.022853690277777776
9 0.53303169296875 0.3109734159722222 0.015609885937499967 0.031015720833333343
9 0.5008936937499999 0.35042324375 0.008264059374999988 0.016324062499999986
9 0.35642573359375 0.3757255430555555 0.004591143750000004 0.017956472222222193
8 0.47353049296874994 0.3741475354166667 0.0027546859374999676 0.016324062499999945
8 0.46985757812499995 0.3725151291666667 0.0027546843749999715 0.01632406388888891
8 0.459297950390625 0.3390508 0.003672914843749986 0.014691661111111129
8 0.45516592148437496 0.3382345944444444 0.004591142968750006 0.013059250000000036
8 0.406040691796875 0.35782347291666666 0.003672914843749986 0.016324068055555568
0 0.6425189777343749 0.39857923263888895 0.014691657031250038 0.059310781944444495
7 0.553003166796875 0.4313633840277778 0.02295571484375003 0.03591294027777773
7 0.55621696640625 0.4321795868055555 0.023873945312499957 0.03428053472222222
7 0.55713519453125 0.4329957916666667 0.018364571875000023 0.03264812499999997
7 0.565858366796875 0.42728236875 0.028465086718749966 0.04733978472222226
7 0.573204194140625 0.42973097847222225 0.032138000781249954 0.048972190277777765
7 0.583304709375 0.43136338472222224 0.04132028750000005 0.06203144166666669
7 0.592946108984375 0.4338119944444444 0.027546857031249948 0.05386941111111112
7 0.600751051953125 0.43136338472222224 0.017446342968750007 0.05550181666666671
0 0.578254451171875 0.42075274375 0.022037483593750018 0.0799879125
2 0.3764737203125 0.42246677361111107 0.01836457187499998 0.03917774999999995
2 0.35581357773437505 0.42409918125000007 0.022955716406249983 0.048972190277777765
2 0.393460948828125 0.4281801951388889 0.030301542968750005 0.04733978472222226
2 0.47610152109375 0.4192019631944444 0.010100514062500033 0.01958887916666667
2 0.304225834375 0.4341690826388889 0.09090462968750002 0.12896010416666664
2 0.43920543710937504 0.4455959277777778 0.07988588671875001 0.12569529166666665
7 0.6389340667968749 0.4559855291666666 0.026628628906250017 0.06203143888888884
