2 0.46892469921875 0.6597456375 0.05234109218749996 0.08694913611111114
2 0.508824056640625 0.6795761430555556 0.07379235859374997 0.09915252499999999
2 0.59583233359375 0.7073051569444445 0.15589192656250006 0.20573058611111109
2 0.679318737109375 0.6254236104166667 0.06435380234375003 0.0854237097222222
2 0.3729088328125 0.6566947902777778 0.027457621875000005 0.05949151388888888
8 0.41778487304687495 0.6033049694444444 0.006006355468749991 0.016779652777777758
8 0.394188479296875 0.6002541243055556 0.006864405468750024 0.013728812500000014
8 0.383033820703125 0.6048303937499999 0.006864405468750024 0.013728812500000014
8 0.366730857421875 0.6048303937499999 0.006864405468750024 0.016779656944444415
8 0.4289395316406249 0.6055931055555556 0.007722455468749967 0.01830508055555558
9 0.4824819156249999 0.5558642902777778 0.011154659374999997 0.024406775000000006
9 0.44386963398437496 0.5489998881944445 0.014586860156250037 0.02288135416666661
9 0.399680025390625 0.5436609041666667 0.013728811718750044 0.027457622222222255
2 0.41422396796875 0.6692795340277778 0.07550846093750004 0.11745760416666676
2 0.80560146953125 0.7460476895833333 0.3871546203125 0.5045885597222222
9 0.8458663796874999 0.5072032937500001 0.03088982343750004 0.03203389305555551
