2 0.39318324101562496 0.3785542520833333 0.017994655468749964 0.021326998611111096
2 0.41297736250000006 0.37428885 0.021593587500000046 0.034123200000000034
2 0.375788406640625 0.3774879013888889 0.014395727343750008 0.023459700000000003
2 0.367990721875 0.38708505069444443 0.020393945312499984 0.02559240138888883
2 0.312207287109375 0.37535520208333334 0.023992875781250023 0.019194301388888845
2 0.28221619296875 0.40947840208333336 0.04798575000000001 0.0831752986111111
2 0.25402456484374997 0.42760635208333336 0.061181831250000006 0.11090040138888892
2 0.177247364453125 0.4542651006944445 0.16195190703125 0.18127949861111117
2 0.04468672929687499 0.5598337513888888 0.08877363671875 0.1983411
2 0.33739980546875004 0.4201419020833333 0.0743779125 0.0938388013888889
2 0.42617344296875004 0.3689571013888889 0.011996437499999946 0.034123200000000034
2 0.43217166171875 0.3817533006944444 0.011996437499999946 0.04265400138888893
2 0.451365962890625 0.38388600208333334 0.03359002578124999 0.06398100138888892
2 0.4585638261718749 0.3977485520833334 0.03359002578124999 0.06611369861111108
2 0.472959550390625 0.40947840069444447 0.031190736718749966 0.09810420138888887
2 0.50774921875 0.4233409520833334 0.07197862500000003 0.12156390138888887
2 0.5413392445312499 0.3540282013888889 0.026392162500000003 0.02985779999999999
2 0.8328526769531249 0.3508291513888889 0.14395725078124996 0.06611370000000001
2 0.6461580984374999 0.46172955902777774 0.2663209125 0.40308030138888884
2 0.8134818996093749 0.6675351104166667 0.37303620078125005 0.584359801388889
