8 0.284629276171875 0.29937974861111116 0.010926269531250022 0.05098924999999998
8 0.27302011562499995 0.2993797451388889 0.009560482812499993 0.05584536805555555
9 0.2586793890625 0.2908815159722222 0.021852532812500013 0.03399283194444445
9 0.17400081250000002 0.37950568958333325 0.027315667187500003 0.016996415277777763
9 0.306481812890625 0.44991941736111113 0.010926267968750025 0.021852534722222258
9 0.335846155859375 0.4341370319444445 0.017755185156249985 0.01942447777777782
9 0.6547565984375 0.34794091875000005 0.043705071875000015 0.02670865694444448
9 0.687535401953125 0.36736539375 0.02458410234374995 0.031564776388888854
9 0.7476298722656249 0.40135822500000007 0.021852535156250054 0.021852536111111064
8 0.611734418359375 0.3435704222222222 0.012292050781250018 0.0364208916666667
2 0.39389195625 0.48658312222222216 0.01365783437500001 0.01942447777777774
2 0.41028135624999995 0.4999374486111111 0.021852535937500008 0.03156477500000005
2 0.3713565265625 0.49265326805555554 0.04507085468749996 0.036420891666666615
4 0.369307851953125 0.45768922013888885 0.04370507265625001 0.05098924861111106
2 0.33137319375 0.48925399166666667 0.016389401562499996 0.016996413888888878
2 0.3102035515625 0.49775219513888896 0.025949887500000025 0.048561187499999964
2 0.286302340234375 0.49775219930555553 0.024584102343750035 0.05341730972222223
2 0.28083920742187496 0.5086784673611111 0.02185253515625001 0.03156477361111109
2 0.48949679765625 0.5108637180555555 0.021852535937499962 0.029136713888888957
2 0.42646588945312497 0.5062504104166666 0.03277880234374999 0.041277015277777766
2 0.46607360976562495 0.5038223486111111 0.030047236718750002 0.04127701111111111
2 0.5507521875 0.5568530205518017 0.136578346875 0.17316550056306307
2 0.35954250078125 0.5353871222222222 0.07375230781250001 0.10440655833333336
2 0.795227427734375 0.5529038305555556 0.17755185078125005 0.15678328333333333
2 0.64362546328125 0.5135345868055555 0.09833641249999996 0.13354327361111104
2 0.23887552890625 0.48059125624999993 0.07784965625 0.13630039305555555
2 0.8791235164062499 0.6513269645833334 0.24037789062499995 0.3702790736111112
0 0.12650567421874997 0.49957324236111117 0.021852535937499983 0.09469432083333335
0 0.10055578867187501 0.5000068159722222 0.01638940234374999 0.09469432083333326
0 0.083483493359375 0.4854384555555556 0.01775518515625 0.08012596666666667
0 0.07093536874999999 0.48786651805555553 0.010072634375 0.08983820277777774
0 0.0426807328125 0.49411010902777774 0.0163894 0.10440655972222225
0 0.022876873046875 0.49168205 0.015023617968749996 0.08983819999999997
1 0.26052319921875 0.4989662277777777 0.02048675156249997 0.08498208333333339
7 0.26120608984375 0.5341730923611111 0.02185253281249997 0.05584536805555555
0 0.009628378378378379 0.5522522522522522 0.019256756756756758 0.14954954954954955
