2 0.49541115390624996 0.6095406222222222 0.015302274999999987 0.018702780555555482
2 0.47006676093749994 0.6044398638888888 0.01625866718750002 0.011901769444444455
2 0.4887164089843751 0.6443958027777777 0.038255688281250054 0.05780859444444444
2 0.43181107343749997 0.6324940347222222 0.033473726562499986 0.044206572222222226
2 0.59152856875 0.6197421395833334 0.014345882812500044 0.015302273611111162
9 0.311305657421875 0.5712849354166667 0.025822589843749987 0.04080606805555552
9 0.3863824453125 0.5738353138888889 0.017215059375000008 0.05610834166666668
9 0.32852071718750003 0.5398302583333333 0.021997020312499994 0.03570531111111113
9 0.27448455859375 0.5398302583333333 0.019127845312500023 0.03570531111111113
9 0.24340181093749996 0.5381300055555556 0.012433098437500022 0.03570531111111113
2 0.579573665625 0.6112408756944444 0.00956392187499997 0.01190177083333334
2 0.56905335234375 0.611240875 0.015302274999999987 0.015302274999999968
2 0.6803774265625 0.6137912548611111 0.011476706250000034 0.013602023611111097
2 0.7329789960937501 0.6180418874999999 0.011476706250000034 0.011901769444444455
3 0.5331886453125 0.6069902430555555 0.05833992343750003 0.10881617777777777
2 0.700160924609375 0.6048825597222223 0.013672963281250006 0.013088649999999941
2 0.71804095390625 0.6067523666666668 0.00946589843749992 0.005609422222222251
2 0.73434333359375 0.6067523666666668 0.010517664062500032 0.009349036111111058
2 0.74643864765625 0.6048825597222223 0.009465898437500009 0.005609422222222172
2 0.7616892609375 0.6058174631944444 0.00841413124999999 0.011218843055555539
2 0.776939873828125 0.6067523666666668 0.00946589765625001 0.009349036111111058
2 0.8202726636718751 0.6142315951388888 0.011569430468749965 0.013088648611111135
2 0.877593934375 0.6142315951388888 0.00841413124999999 0.013088648611111135
4 0.85235153984375 0.6132966909722223 0.01682826249999998 0.02243768472222219
2 0.95016581796875 0.6183451645833333 0.010517664062500032 0.009349034722222172
2 0.9370187371093749 0.6258243923611111 0.0094658976562501 0.009349034722222172
4 0.59256523203125 0.602451804861111 0.010517664062499942 0.014958456944444502
