9 0.6954426277343749 0.4147169770833333 0.034162094531250006 0.034704351388888846
9 0.6578643246093749 0.4216578465277777 0.039042392968749964 0.024293043055555488
9 0.568554850390625 0.4468184986111111 0.016593016406249994 0.02255782499999997
9 0.5241441289062501 0.43901001944444445 0.01561695624999997 0.031233913888888843
2 0.609061334375 0.48152285000000006 0.027329675000000008 0.04338043611111107
2 0.47924537578125 0.43901001944444445 0.06637206718749997 0.031233913888888843
2 0.584659838671875 0.4832580673611111 0.03513815390625004 0.05379174305555555
2 0.547081533984375 0.48933132777777777 0.05758753046874991 0.09717217777777781
2 0.40652891875 0.4789200222222222 0.05953965000000001 0.08329043888888894
2 0.346989269921875 0.4841256763888889 0.11029476015625002 0.13881739722222225
2 0.6422668011718751 0.4858608923611111 0.06055457578125001 0.07287913194444447
2 0.672505222265625 0.5474611125000001 0.12298353828125004 0.16137522500000007
2 0.4758291671875 0.5162271986111111 0.12395959843750007 0.13708218055555552
2 0.188379546875 0.5804302458333332 0.37675909375 0.6507065527777778
