2 0.20763407148437502 0.5233635013888889 0.41526814296875003 0.6204110388888889
2 0.599506825390625 0.4765727229166667 0.015596925781250003 0.020795901388888892
2 0.48837873085937494 0.46444178263888886 0.025345003906250073 0.013863934722222224
2 0.518110369921875 0.46444178124999996 0.022420580468750017 0.010397951388888929
2 0.54589239296875 0.46617477500000004 0.019496156249999962 0.010397949999999965
9 0.741341366796875 0.38039168263888884 0.06921135703125003 0.032926843055555585
9 0.67018039453125 0.42371647638888893 0.034118274999999976 0.019062911111111133
9 0.681390683984375 0.45577682430555555 0.021445772656249938 0.031193851388888857
9 0.802754261328125 0.48523768263888895 0.014622117968750103 0.034659834722222234
9 0.64142356328125 0.44364588125000004 0.021445773437500027 0.020795898611111124
9 0.617540769921875 0.4549103270833333 0.014622116406250019 0.008664956944444432
9 0.738416943359375 0.4332479326388889 0.06921135703125003 0.06931967083333335
9 0.660919719921875 0.45404383333333337 0.017546539843749986 0.03465983333333335
2 0.565757053515625 0.46781218125 0.013183585156250021 0.014062490277777803
