2 0.43655321210937503 0.7089467472222223 0.26639368359375004 0.41075018611111114
9 0.5593182492187501 0.40561242638888884 0.03013394218750003 0.048979613888888926
9 0.5588877640625001 0.32831647430555555 0.032716851562499996 0.050510226388888864
9 0.557165825390625 0.3635205715277777 0.013775517968750072 0.01989796805555556
8 0.5782595839843749 0.5012757354166666 0.02152424453124997 0.026020420833333367
8 0.557596309765625 0.5181124777777778 0.011192607031249935 0.022959194444444442
9 0.691477109375 0.4836736861111111 0.012053576562500012 0.03061225833333331
9 0.692768564453125 0.5035716541666667 0.018080366406250013 0.009183677777777809
9 0.692338079296875 0.5188777840277778 0.01205357734375001 0.021428581944444382
0 0.5984923738281249 0.5954084305555556 0.018941335156250006 0.08571432500000001
0 0.61829467890625 0.5862247534722222 0.01721939531249994 0.09489800138888885
2 0.61183740625 0.6007655763888889 0.07662631093750001 0.04438777500000002
8 0.440073936328125 0.43010223333333336 0.013775517968749984 0.039795936111111034
8 0.44911411796874995 0.42321447361111114 0.006026789062500005 0.04132654444444444
9 0.282085981640625 0.41556141111111106 0.030133941406249986 0.03826532222222225
9 0.25625688867187496 0.5265308472222222 0.011192607031249979 0.01836735277777777
9 0.21837421875000002 0.5426022826388889 0.02496812343750001 0.041326545833333325
9 0.21708276289062498 0.6099492534722223 0.012053574218749974 0.019897968055555517
9 0.259100824609375 0.6037318145833332 0.00999272109375 0.013965490277777725
8 0.548556130078125 0.4729593979166667 0.00860969765624997 0.027551037500000004
2 0.75894485546875 0.5785716895833334 0.06629467187500007 0.08571432638888889
2 0.862717475 0.5458964912537537 0.18295428281249998 0.16566685638138137
2 0.876897716015625 0.594643125 0.14378195390625007 0.09336739166666663
2 0.9160495535156251 0.6024642659722222 0.09466210234374994 0.11513212361111111
9 0.5425668285156251 0.51677725625 0.008331586718750028 0.032473865277777805
9 0.00559630390625 0.5571431069444445 0.00947066875 0.03979593611111112
9 0.54215516171875 0.5512954319444444 0.011482485937500009 0.014969761111111129
2 0.7777470765625 0.5545615631944445 0.03138546406249994 0.036743956944444434
0 0.55422134140625 0.586542413888889 0.014544482812500004 0.05171371666666668
2 0.1791267875 0.6123992729166667 0.023730471874999992 0.024495970833333304
