0 0.80323818515625 0.5583720527777778 0.03750945468750002 0.21910285277777777
0 0.57764561875 0.5216280930555556 0.029088965625000008 0.09390122222222222
0 0.60290708828125 0.5209476520833334 0.016840979687499934 0.08437501249999997
0 0.5424326613281251 0.5148236576388888 0.013778985156249934 0.04763105416666673
3 0.05664693203125 0.4354839284722222 0.1132938640625 0.16058470138888892
3 0.4995647109375 0.49536296458333334 0.05205393749999994 0.12520162361111112
2 0.307347885546875 0.5345565236111111 0.08037740546875001 0.08709678611111116
2 0.9883869265625 0.5191784944444444 0.020668475000000085 0.08845767222222223
2 0.14286874296875002 0.6144778173611111 0.28573748593750004 0.3973790847222223
2 0.402652521875 0.6205645965277778 0.21204324843749997 0.29939519861111114
8 0.21740174140625 0.3724294895833334 0.01377898281250003 0.05443549027777779
8 0.3172993734375 0.3111895625 0.014544482812500004 0.05715726666666667
8 0.32993010859375 0.3057460076388889 0.012247985937499983 0.0489919402777778
8 0.6168646921875001 0.45158777499999997 0.016075481250000044 0.023135083333333344
8 0.622605933984375 0.3678932076388889 0.009185988281249991 0.03266129583333329
8 0.240239133203125 0.4645162027777778 0.019137477343749997 0.027217744444444414
8 0.07123393203124999 0.20857014791666664 0.025261468750000005 0.06804436249999998
9 0.641794455078125 0.36648694722222225 0.018371978906249975 0.014969758333333359
9 0.6314602179687501 0.39506558125 0.023730470312499995 0.014969759722222243
9 0.8255142375 0.16643651319444447 0.0734879109375001 0.04763105694444444
9 0.827427985546875 0.20658268749999997 0.03444746015624993 0.07076614166666668
8 0.8595023703125001 0.31409278611111113 0.04133695 0.06804436388888888
8 0.8101276789062499 0.3208972222222222 0.020668475 0.05987904166666667
2 0.856418918918919 0.47567567567567565 0.25135135135135134 0.2018018018018018
3 0.7048986486486486 0.5072072072072071 0.15709459459459466 0.12432432432432437
4 0.8472972972972972 0.445045045045045 0.30405405405405395 0.08648648648648648
