2 0.0281850765625 0.5606221958333333 0.056370153125 0.08291340833333333
9 0.02408175703125 0.48089776250000005 0.023917328125000005 0.03401575277777774
9 0.033648689453125005 0.4436930319444444 0.016742130468749998 0.010629925000000009
8 0.073710216015625 0.33526780069444445 0.008371064843749998 0.06165355694444443
8 0.06892675 0.3437717423611111 0.010762798437499999 0.048897651388888894
9 0.11676140742187502 0.3235748868055556 0.07533958671875 0.02551181805555558
9 0.169977466796875 0.3554646583333333 0.03826772578125 0.0467716638888889
9 0.21960592578125002 0.30231503819444444 0.03707186093749999 0.0680315152777778
8 0.21781212617187498 0.39266939513888893 0.011958664843749967 0.07440947083333332
8 0.22797699140625 0.4564489388888889 0.013154531250000013 0.019133863888888904
8 0.20585346171875002 0.45219696805555554 0.011958665625000009 0.03188976944444448
2 0.065937083984375 0.5521182548611111 0.01913386171875 0.03188977361111114
2 0.074906081640625 0.5595592048611111 0.01793799453125 0.0212598513888889
2 0.08985441250000001 0.5553072368055556 0.0263090625 0.029763787500000027
2 0.22558525781250002 0.5563702270833334 0.015546262499999974 0.019133862500000022
8 0.26026538593750004 0.4777087902777778 0.010762798437500009 0.04039371388888892
8 0.333811173046875 0.43518909027777775 0.007175199218750006 0.04039371666666669
8 0.343378105859375 0.43944105902777775 0.007175199218750006 0.027637801388888918
8 0.381645833203125 0.44900799305555555 0.009566932031250008 0.029763788888888913
2 0.37387270117187504 0.5616851895833334 0.025113196093749977 0.029763787500000027
2 0.40018176328125 0.5616851888888889 0.03468012812500003 0.04677166666666663
2 0.425892892578125 0.5701891270833334 0.03348426328124994 0.0510236347222222
2 0.5573144120143582 0.5909333922484985 0.04280360840371626 0.10101609838588585
2 0.489273815625 0.5850710215277778 0.12437011406249994 0.14881894027777784
2 0.299728980078125 0.5999529173611111 0.14469984453125 0.2381103013888888
9 0.6315819261718749 0.5095985590277777 0.014350397656250014 0.044645684722222176
9 0.6178294617187501 0.508535567361111 0.013154531249999924 0.03826772638888885
9 0.628592258203125 0.45113397777777775 0.02989666171874994 0.025511816666666694
9 0.638757124609375 0.4054253 0.019133863281250017 0.019133861111111056
2 0.716488446484375 0.5638111722222222 0.06457678984374997 0.05102363333333331
2 0.7559520390625 0.5701891270833334 0.06936025468750007 0.0510236347222222
2 0.80378669765625 0.5680631430555555 0.023917328124999936 0.03826772777777773
9 0.85700275625 0.48302375000000003 0.015546264062500014 0.021259850000000018
