2 0.20717236875 0.51465910625 0.05424103281250001 0.029152804166666692
2 0.25573701484375 0.5191441520833333 0.017659871874999976 0.024667756944444442
2 0.28285753164062505 0.5244327796379112 0.02648980703124999 0.017304823164711377
2 0.3290543951794948 0.5235581117546744 0.029081007546489658 0.021535548509348797
2 0.3046953983539288 0.5200748933544814 0.01711415016714244 0.0235392061534072
2 0.47849841171875 0.536336832638889 0.010091354687499976 0.020182709722222192
2 0.465884216796875 0.5385793548611111 0.010091355468749974 0.02466775416666667
2 0.43750228046875 0.5397006173611112 0.01639845156249997 0.026910279166666683
2 0.42299595781250005 0.5419431402777778 0.025228387499999984 0.02691028055555549
2 0.39019905390625 0.5307305236111112 0.015137032812500006 0.01794018611111115
2 0.49111260390625 0.5576408041666666 0.025228387499999984 0.04485046666666664
2 0.452933658984375 0.5456806791666666 0.023378275781249958 0.03438535833333331
2 0.40466335937500003 0.5505394791666667 0.027751226562499953 0.033637849999999976
2 0.5314360070312499 0.5729647124999999 0.06937806562499996 0.09642850277777776
9 0.48945408009417884 0.49090156839148286 0.023728287841190986 0.032258064516129066
9 0.5198528090529827 0.508124597557335 0.010387405605965494 0.022039110440885582
9 0.353828135546875 0.5000827041666667 0.013875613281250043 0.015697663888888908
9 0.26489806914062497 0.46666910208333334 0.015137032031250008 0.01569766250000002
9 0.26489806914062497 0.48348803125 0.015137032031250008 0.008970093055555534
2 0.077577291796875 0.5068102743055556 0.03910400078125 0.026910279166666683
2 0.107220647265625 0.5112953215277778 0.030274064843750004 0.03588037361111118
