2 0.35617597929687494 0.3251977083333334 0.022010875781250005 0.023122536111111102
2 0.2986067289961822 0.33535387165783126 0.03693663767986437 0.05054948776010705
2 0.24812259296874997 0.3388340770833333 0.0700346015625 0.0871541708333333
2 0.233615425 0.3459487027777778 0.0690341078125 0.10494073888888893
2 0.17058428203125 0.3572135347222223 0.08304102968750002 0.13695655833333334
2 0.402698965234375 0.3296443576388889 0.03701828984375002 0.04980238472222223
2 0.40820168515625 0.34387360972222225 0.036017795312499955 0.04268775833333333
2 0.42470984023437497 0.35009890694444445 0.03101532265625 0.05869566666666669
2 0.436215525390625 0.3607708458333333 0.02601285234375004 0.06581029444444443
2 0.45772615234374997 0.3589921888888889 0.0410202671875 0.11561267777777778
2 0.50725062265625 0.3708498979166666 0.09804844374999995 0.1618577486111111
2 0.6014638578125 0.4019763868055556 0.19909837187499999 0.18142297083333336
2 0.081040040234375 0.3738143326388889 0.16208008046875 0.28992102361111116
9 0.5773708402390094 0.20501053555016654 0.018180127353018792 0.028714212233000247
