0 0.01031793897311303 0.47043010437163163 0.02030702169622606 0.15508684863523578
2 0.9574555386718749 0.6807403395833334 0.08251478515624999 0.28062999583333337
9 0.9227754125000001 0.34589772708333333 0.01554626562500001 0.05314962083333334
9 0.922775412109375 0.30444102222222225 0.032288394531249945 0.017007877777777757
9 0.6080981015625 0.40287412777777776 0.013154529687499927 0.021259850000000018
2 0.6332112976562501 0.4762206041666666 0.05859745781249996 0.07440946944444443
2 0.60570636796875 0.46559067986111113 0.034680128124999945 0.06590552916666666
2 0.58477870546875 0.46240170138888886 0.021525596875000018 0.05102363611111108
2 0.57102623984375 0.4549607569444444 0.013154529687500017 0.04039371388888884
2 0.559665509375 0.4453938236111111 0.016742131250000014 0.04251969444444441
2 0.546510979296875 0.4422048465277778 0.016742132031250013 0.027637801388888918
2 0.5243874484375001 0.42393821669332893 0.029896664062499932 0.0718919639422135
2 0.48791352070312505 0.4379528777777778 0.014350397656250014 0.023385830555555584
2 0.4520375261718749 0.4411418541666667 0.026309061718750026 0.042519697222222264
2 0.42931606406250006 0.44858280138888884 0.031092528124999942 0.044645677777777754
9 0.2798327546875 0.30082685416666666 0.028700795312500027 0.017007877777777795
9 0.059394698437500004 0.03614174236111111 0.05500985781249999 0.07228348472222222
9 0.424099092578125 0.3703465527777778 0.01793799609374993 0.017007877777777795
