2 0.40510533359374995 0.5039998284722222 0.005273435937500004 0.01499999305555559
2 0.4244061125 0.5253748256944445 0.02953124062499999 0.05774998750000001
2 0.338343634765625 0.5274373215277778 0.03374998828125002 0.05437497916666661
2 0.2897225609375 0.5253701948157442 0.0854296578125 0.12600921314628946
2 0.177714780859375 0.5774551618055556 0.18246087421875 0.24116062361111112
2 0.04810022707892103 0.5460113349591134 0.09409108072034207 0.0907730226960044
2 0.386542833203125 0.5296873145833333 0.04324217109375006 0.07312497361111114
2 0.352792844921875 0.5015623243055556 0.041132799218750016 0.08437497083333333
0 0.4838904753906251 0.5368123173611111 0.01054687109375001 0.08062497083333334
0 0.46754282499999994 0.5227498243055556 0.007382810937499951 0.04499998472222215
0 0.555081856640625 0.5096248291666667 0.009492185156249989 0.05249998333333339
0 0.608343555859375 0.5358748173611111 0.01265624453125005 0.08999997083333326
0 0.693477773828125 0.5286912201388888 0.01898436953124998 0.11062495972222221
0 0.72414822265625 0.5384998027777778 0.023203117187500056 0.1349999527777778
0 0.1054687125 0.5236873243055555 0.012656245312500003 0.050624981944444473
9 0.6266950890625 0.3427498875 0.02573436093750008 0.06674998888888888
9 0.006855466796874999 0.4153123541666667 0.013710933593749999 0.06187498055555554
8 0.31387489609374997 0.4432498618055556 0.004218748437499986 0.018749993055555574
8 0.453199071875 0.4591873569444444 0.005273434375000008 0.016874994444444427
9 0.26472646914062503 0.4498123597222222 0.008437497656250015 0.016874994444444427
9 0.5160584328125 0.4488748604166667 0.0073828109375000395 0.018749993055555494
9 0.48547250664062497 0.4516873583333333 0.015820307031250015 0.013124997222222214
8 0.459105327734375 0.49293734375000003 0.005273435156250006 0.016874995833333312
8 0.20830070859375 0.4351873458333333 0.00949218437499999 0.02062499166666664
8 0.319042856640625 0.4379998569444445 0.003164060156250015 0.02249999166666667
8 0.310605360546875 0.44362485486111103 0.00316406015624997 0.022499993055555556
0 0.62110524453125 0.5308123263888889 0.01371093124999998 0.08812496666666665
0 0.543058396484375 0.5139373298611111 0.011601558593750028 0.031874987500000014
0 0.534093556640625 0.5139373305555556 0.00843749765625006 0.03562498888888888
