8 0.19790486796875 0.10310817916666666 0.018171451562500017 0.09011339722222222
8 0.355231382421875 0.2733763548611111 0.009563921093749973 0.0459068236111111
8 0.47819609453125 0.31511351875 0.011476706250000034 0.04420657083333334
8 0.18027992734375 0.10229853750000001 0.018171453124999994 0.07991188055555556
8 0.107115925 0.10229853819444445 0.021040628125000006 0.07311086805555557
8 0.6473181218749999 0.41967906527777776 0.012433096874999983 0.01870278055555556
8 0.9484222742187501 0.34571806944444444 0.021040628125000006 0.05100758333333333
8 0.75618744296875 0.14820536805555556 0.01721506093749996 0.08331238611111111
8 0.9216432921875001 0.22471674305555556 0.011476706250000034 0.06971036388888889
8 0.9900253335937499 0.1890114361111111 0.018171451562499996 0.06971036388888889
9 0.38622305546874997 0.2728905708333333 0.027735373437499967 0.02890429722222222
9 0.43898401484375 0.2796915819444445 0.013389490624999922 0.02890429722222222
9 0.500671310546875 0.44603298333333335 0.008607528906250028 0.02380353888888891
9 0.398337347265625 0.43753172013888886 0.021997021093749992 0.0374055625
9 0.4605028390625 0.45283399444444444 0.010520314062500003 0.02380353888888891
9 0.67553169140625 0.4551010027777778 0.013389490624999922 0.02380353888888883
2 0.02069125683039436 0.4319685659100933 0.026080237098288717 0.023573200992555835
2 0.08511890429687499 0.4352647097222222 0.009563921093749993 0.027204044444444502
2 0.134373102734375 0.4760707777777777 0.060252707031250005 0.09521415555555555
2 0.214072453125 0.4845720409722222 0.21136267343749998 0.12581870694444447
2 0.2830920875 0.4471664805555556 0.022953412499999982 0.02380353888888883
2 0.33138989335937497 0.47777103055555553 0.05833992265624999 0.07481112222222223
2 0.323260573828125 0.44461611666666667 0.05993390078125001 0.04023932499999998
2 0.5733571171875 0.5267950055555555 0.11381067031250006 0.06971036388888889
2 0.81516498125 0.5378466472222223 0.09372643281250008 0.06801011111111113
0 0.048297805468749996 0.4876891909722223 0.0679038453125 0.2635391819444445
0 0.43197047656250004 0.5140431076388889 0.06694745312500001 0.23123437916666664
0 0.512307419921875 0.5072420972222222 0.011476705468749949 0.06120910000000003
0 0.10089937500000001 0.48457204236111107 0.07746776562499999 0.2210328625
0 0.1425024359375 0.4896728020833333 0.078424159375 0.2006298291666667
0 0.61830755 0.5007244430555555 0.012433098437499979 0.03230480277777777
0 0.8986898789062501 0.5457811423611111 0.015302274999999987 0.051007584722222214
0 0.95129145 0.5406803847222222 0.015302274999999987 0.1292192111111111
0 0.9206869000000001 0.5398302576388889 0.045906824999999964 0.13091946249999994
0 0.978548628125 0.5602333041666666 0.020084237500000057 0.17739303055555555
0 0.9919043921874999 0.5573995534722223 0.016191215625000054 0.16152401249999998
2 0.0035523132812499995 0.4297996111111111 0.007104626562499999 0.032304805555555545
