9 0.0923162390625 0.4830885659722223 0.014889715625 0.029117668055555553
9 0.5253091863281251 0.47779444444444447 0.023823544531250018 0.023823544444444483
9 0.589334965234375 0.47779444375 0.011911772656250008 0.018529423611111106
2 0.34065594185482057 0.5054407366030339 0.01425260402214108 0.015586675983845626
2 0.32757375195312505 0.5069121104166666 0.014889716406249986 0.013235304166666613
2 0.313428523046875 0.5082356409722222 0.016378688281249998 0.015882365277777744
2 0.2912530875383476 0.508459637809265 0.026519851116625227 0.026918600618529985
2 0.2664434382209418 0.5111895339924053 0.014724757691883594 0.016496029095921787
2 0.25004300436839066 0.5149944541261247 0.018076111575718735 0.01881174714113819
2 0.202351240234375 0.5161768229166667 0.019356632031249998 0.021176484722222236
2 0.1740607796875 0.5175003534722222 0.04318017656249999 0.029117668055555553
2 0.14279237656250002 0.5201474145833334 0.03722429062500001 0.029117668055555553
2 0.095145284765625 0.5135297618055555 0.025312516406249996 0.021176484722222236
2 0.45056281640625 0.5082356409722222 0.014889715625000032 0.015882365277777744
2 0.433290737109375 0.5082356409722222 0.014889716406250031 0.015882365277777744
2 0.49806100078124993 0.5188238826388889 0.03722429062500003 0.04764709027777777
2 0.005699434588032384 0.5311253246199902 0.011398869176064768 0.028338331315575338
9 0.8079160007812499 0.3070590326388889 0.02680148906249995 0.02647060694444442
