2 0.415658065625 0.5360143395833333 0.023395389062500004 0.05025675972222222
2 0.38543902109375 0.5464122909722222 0.03704269687499995 0.05025675972222222
2 0.2900490289021608 0.5753155462115258 0.047073129679321556 0.09419933964527381
2 0.19789816992187498 0.5904055354166666 0.14307743671875 0.14864120138888895
2 0.51869526015625 0.5186844215277778 0.01657173437499999 0.025994873611111143
2 0.5152834335937501 0.5386138263888889 0.029244234374999945 0.05198974999999998
2 0.5489143039062501 0.5230169027777778 0.012672501562500039 0.027727866666666597
2 0.614027591260432 0.5157154641731206 0.025821960297766823 0.02481389578163776
2 0.6229997 0.5498782736111112 0.0321686578125 0.06412069444444445
2 0.64249585625 0.5611427180555556 0.04971520000000007 0.0831836027777778
2 0.6756490701891877 0.5750793503678534 0.06728123569087563 0.11452284795792886
2 0.5796450999999999 0.5426739805555556 0.06823654843750004 0.10397950277777782
2 0.46364296562499996 0.5700693140689148 0.10527924687499998 0.15183820591560737
2 0.754971266015625 0.5859987722222223 0.15791887109374994 0.18716310555555563
