2 0.8633518210937499 0.5571568409722223 0.2722903375 0.3067395347222222
2 0.42891545234374995 0.5043005930555555 0.056538854687499994 0.09704753888888891
2 0.46303372695312495 0.5051670888888888 0.03314346640624999 0.07105265833333334
2 0.476193632421875 0.49736862569444446 0.024370196093749998 0.06931967083333335
2 0.49617719375 0.5043005916666666 0.013647310937500023 0.048523769444444455
2 0.721845210546875 0.48523768263888895 0.08870751328125 0.07625163750000002
2 0.555640472265625 0.4939026430555556 0.015596925781250003 0.024261883333333303
2 0.5210347929687501 0.4947691381944444 0.024370196874999993 0.032926843055555585
2 0.6646384355468751 0.4956356347222223 0.021084741406250006 0.027727866666666677
2 0.63996135078125 0.4939026423611111 0.02242057968749993 0.031193851388888937
2 0.5712373976562499 0.4852376840277778 0.009748078124999981 0.017329918055555518
0 0.36165371171875 0.4635752861111112 0.013647309374999982 0.019062911111111133
2 0.627776253515625 0.4887036666666666 0.011697694531249959 0.024261883333333303
9 0.5897587468750001 0.46704126874999996 0.009748078124999981 0.015596926388888951
9 0.787644740234375 0.35093082569444445 0.011697694531249959 0.03639282638888888
8 0.580010668359375 0.4341144284722222 0.007798463281250001 0.015596926388888871
8 0.62241481015625 0.4679077673611111 0.006823654687500014 0.013863934722222224
