8 0.48290005664062496 0.23691794305555555 0.018283492968750002 0.07367570277777777
8 0.5858970671874999 0.42544107152777777 0.012188995312499973 0.026003190277777814
8 0.34743329845646176 0.44375516640637114 0.00628101736972706 0.017369727047146455
8 0.6998641734375 0.4395261326388889 0.013407895312499996 0.019502393055555543
8 0.7910584179665994 0.14033020422089995 0.021167732816801267 0.08049498878042233
8 0.8759951566406251 0.2694219319444444 0.021940191406249986 0.08667730277777777
9 0.8150501796875 0.14373984583333335 0.021940192187500075 0.04333865
9 0.8660591171875 0.20928945486111108 0.02223133281250007 0.048755781944444444
9 0.98435625078125 0.15399090416666666 0.029011660937500138 0.0595069027777778
9 0.5077530068148857 0.2319586896496289 0.01923341206727134 0.04642173763259119
9 0.547501731640625 0.25425340347222225 0.04997488046875 0.026003190277777775
9 0.9956187894267421 0.11062861553788482 0.00876242114651582 0.03349875930521095
9 0.9006097043722677 0.39273751990879624 0.014153680317964401 0.039403912960185195
2 0.33869930013064253 0.5504549182674133 0.12141227630121501 0.08684863523573196
2 0.18305077109374998 0.5717090152777777 0.171864834375 0.10184582777777772
2 0.994107447265625 0.4709466548611111 0.009509267968750023 0.09101116527777783
6 0.928407836328125 0.5099514388888888 0.06825837421875 0.07367570277777781
1 0.93145508515625 0.49369944305555563 0.04022368437499999 0.1018458277777778
2 0.9162188406249999 0.4969498444444445 0.14383014374999997 0.10401276111111117
2 0.7029114230468749 0.5110349034722222 0.03656698671875001 0.06284104305555552
7 0.7673524777343751 0.6630784145833334 0.11733559609375002 0.21814371527777784
1 0.73947840859375 0.5067010409722222 0.07069617343749997 0.27086656249999996
1 0.769950896875 0.4904490444444444 0.024377990624999946 0.16035300555555554
2 0.56700412421875 0.7114761618055556 0.47658971875 0.5460669902777777
