0 0.6110978216712365 0.33311872430555556 0.024149766032527074 0.11827793472222226
0 0.555574928125 0.33987913472222225 0.015294559375000016 0.06797582777777779
6 0.7277022438379935 0.36951659374999996 0.06753230763651272 0.1169184236111111
0 0.44570900546875 0.3324017909722222 0.0068825499999999986 0.0258308125
0 0.23885006757812502 0.2868579875 0.018353472656250026 0.016314197222222247
0 0.21629059140624998 0.28617822986111113 0.016059289062500027 0.020392743055555544
0 0.200613665234375 0.28821750625 0.01988292734374999 0.03262839861111115
0 0.177289460546875 0.2868579888888889 0.009941464843750003 0.013595163888888864
2 0.4383166304687499 0.32220542013888887 0.011470920312499988 0.021752268055555548
2 0.42735552265625004 0.3235649361111111 0.013000378125000012 0.01903323333333332
2 0.40135476835937495 0.3194863826388889 0.019118200781249994 0.035347426388888874
2 0.3971487640625 0.3269637263888889 0.01835347343749998 0.042145011111111096
2 0.38644257031249996 0.3296827583333333 0.015294559374999971 0.04486404444444444
2 0.374971650390625 0.3310422763888889 0.022941842968750015 0.04758308055555555
2 0.36808909921875 0.33172203472222217 0.029059667187499992 0.0625377611111111
2 0.356618177734375 0.3358005826388889 0.029059666406249997 0.06525679583333334
2 0.33291160742187503 0.34123864930555553 0.036706946093750005 0.08429002361111107
2 0.2908515640625 0.3398791333333333 0.0871789953125 0.11419938888888888
2 0.253379890234375 0.35959212152777775 0.10094410390624997 0.13459213749999996
2 0.13368837460937502 0.3780421527777778 0.20035874921875002 0.1862537666666667
2 0.449714716796875 0.3266724013888889 0.011470921093749985 0.01903323055555555
2 0.4657740046875 0.3266724013888889 0.009941464062500049 0.01903323055555555
