2 0.2128400318236093 0.4389096434682118 0.029809982397218614 0.03249257695246533
2 0.1471782390625 0.4375778173611111 0.03295896093749999 0.0398437236111111
2 0.3383501972295491 0.4319685659100933 0.011885185084098238 0.016129032258064453
2 0.3240539560247 0.43320926069917515 0.013957816377171283 0.01861042183622822
2 0.30346617686837246 0.434449955488257 0.013259925558312657 0.021091811414391988
2 0.476767856640625 0.4481246847222222 0.01713866015624994 0.028124980555555526
2 0.17354540859375 0.44109343958333336 0.056689415625 0.05156246527777779
2 0.083237854296875 0.44226531388888884 0.060644488281249985 0.04921871666666667
2 0.391733735546875 0.4457809361111111 0.023730452343749996 0.03281247777777775
2 0.41361005878448864 0.4263640908730918 0.011618408993522778 0.024771198809371873
2 0.445127253125 0.46282983253458887 0.05405269687500001 0.08777712381971105
2 0.50774928125 0.45867155277777777 0.031640603125000055 0.04453121944444444
2 0.892050773828125 0.5524214875 0.21489243046875012 0.22734359444444452
9 0.5339349012404828 0.42097257991362114 0.017776778769034517 0.028195445938353457
