2 0.870474188671875 0.3728437986111111 0.25650336484374997 0.3797739805555556
2 0.6108522414062499 0.4851127493055556 0.30016351406249997 0.4352154374999999
2 0.73208711484375 0.31393725069444445 0.11694682343749996 0.20097528194444444
2 0.667766362109375 0.27928634027777777 0.016372555468749984 0.023562619444444426
9 0.77847602109375 0.23839826458333332 0.027287592187500032 0.03603694583333331
2 0.40268689531249996 0.29522575902777776 0.02105042812500004 0.030492801388888876
2 0.43696055298714837 0.28366450994015824 0.01007390284929679 0.014806280119683437
2 0.45570278867187497 0.2813653944444444 0.014813264843750052 0.022176583333333333
2 0.47519392578125 0.2848304847222222 0.011694682812500013 0.020790544444444434
2 0.5899503580098117 0.26374685893209376 0.03489454094292803 0.039487107135812494
