9 0.20745326171874998 0.30198617083333334 0.04204448437499999 0.02288134999999999
9 0.21689181835937502 0.35690141597222225 0.021451266406250013 0.07169490416666666
8 0.20547482831670796 0.22858996930223438 0.02779100975841591 0.1201566969378021
9 0.491468037890625 0.29207091944444447 0.052341091406250054 0.05491524444444447
9 0.4940421898437499 0.3355454875 0.04547668593749998 0.03203389166666667
9 0.5468123070312501 0.29054549583333333 0.051483040625000066 0.07016947777777777
9 0.5480993828124999 0.33707091041666665 0.04719278749999996 0.019830504166666665
9 0.8445036983830075 0.3582007112256559 0.02756201573398496 0.034632483562422996
9 0.694397024609375 0.39579971319444446 0.012012708593750077 0.021355926388888866
9 0.4556063753795387 0.42066190390555674 0.017447270471464014 0.03569933107777554
8 0.28682294960937504 0.22418957569444445 0.013728811718750001 0.053389820833333344
8 0.333586712109375 0.20054551250000002 0.014586861718750033 0.05491524444444445
8 0.8669162841770521 0.2793663416812666 0.015547055854104385 0.050862016695866624
8 0.612024158984375 0.39503700208333326 0.006864405468749979 0.013728809722222242
2 0.07281396374532922 0.5004419324932324 0.14515988530315843 0.0835968572357573
2 0.2667344984450423 0.48531844184061435 0.07136968439008462 0.04342431761786606
2 0.5146955535784169 0.46139096532511825 0.031868169656833964 0.04271576657198561
2 0.736870533984375 0.4575793625 0.07293430859374998 0.07779659444444438
2 0.6934288067024477 0.4514654070124632 0.05126270559239528 0.06256688319729575
2 0.6536396171875 0.44766411111111115 0.04547668593749998 0.06406778611111111
2 0.6322147938166692 0.4456484427789369 0.023114479554161616 0.055895733886570695
4 0.57298285234375 0.43393530069444447 0.04719278750000004 0.09152540694444447
2 0.19913149944901762 0.4846980944460734 0.022332506203473955 0.03473945409429283
8 0.17749688406440223 0.23407774705153245 0.027915632754342435 0.10918114143920594
2 0.34499068059045684 0.46980975697709076 0.058622828784119105 0.039702233250620285
2 0.8066454572653947 0.42514474457014284 0.036988213399503686 0.03473945409429275
