2 0.5440041339843751 0.45190669375 0.012012710156249985 0.018305081944444464
2 0.5195496894531251 0.45190669375 0.012870760156249971 0.015254234722222215
2 0.49981452382812497 0.4526694055555555 0.014586861718749945 0.013728811111111128
2 0.438034874609375 0.4526694055555555 0.012870760156249971 0.01983050555555555
2 0.415725556640625 0.46944906319444446 0.05405719296875002 0.06864405416666668
9 0.591969175 0.40454229652777784 0.009438557812500026 0.018305081944444388
9 0.655893951171875 0.3778473854166667 0.010296608593750011 0.016779656944444495
9 0.36758891367187496 0.39538975486111116 0.006864405468750024 0.012203387500000041
8 0.490719186328125 0.4118643284722222 0.004290252343750023 0.018305081944444388
8 0.5233251125 0.4118643284722222 0.004290253125000021 0.018305081944444388
