9 0.449327184765625 0.29751934097222227 0.021327308593749983 0.04616825694444443
2 0.188625318359375 0.4765727243055556 0.17059137265624996 0.19756105694444445
2 0.92850447265625 0.5380939312499999 0.14134713593749987 0.2200899486111111
2 0.831998496484375 0.48090520347222226 0.16474252578124995 0.1992940486111111
2 0.71063491953125 0.4566433194444444 0.1345234828125 0.14383831388888887
2 0.6155911546875 0.41331852708333333 0.12185098125000007 0.12650839583333334
2 0.54540498984375 0.41245203055555557 0.05946327812500005 0.0866495861111111
2 0.5054378679687501 0.4020540805555555 0.057513662499999986 0.07625163611111113
2 0.466932958203125 0.4055200638888889 0.040941928906249994 0.04852376944444438
2 0.43963833828125 0.4011875833333333 0.04679077656250001 0.05025675833333333
2 0.41283112265625005 0.3916561298611111 0.04191673749999998 0.04852376805555549
2 0.38456169492187503 0.3942556159722222 0.028269427343749997 0.03639282361111111
2 0.36896476953125 0.3873236506944444 0.03801750625000002 0.04332479305555555
2 0.34118274609375004 0.3916561298611111 0.019496156250000007 0.027727868055555563
2 0.322173993359375 0.38992313958333336 0.022420580468749972 0.03119385416666663
2 0.3020391660115358 0.3855955389775859 0.02309285546057156 0.02947061962183852
2 0.28561869882812496 0.3829911729166666 0.021445772656249983 0.020795904166666664
2 0.2745037078857422 0.3756799332600508 0.020936724565756838 0.026969324853434843
2 0.0901697265625 0.41158553472222226 0.0516648171875 0.07105266111111111
2 0.174003200390625 0.36826074305555556 0.028269427343749997 0.019062911111111133
2 0.244189365234375 0.3968551041666667 0.05751366328124998 0.06585368333333332
2 0.11503565577656105 0.4052936279448327 0.017447270471464014 0.05459057071960297
2 0.12585296346886873 0.35814722595972104 0.025124069478908197 0.029776674937965257
2 0.14888336049120127 0.37117452124508077 0.023728287841191055 0.03349875930521095
2 0.20750618927532036 0.35752687856518006 0.016749379652605458 0.023573200992555873
2 0.23228131334479923 0.359387920748803 0.021634615384615374 0.017369727047146375
2 0.15027914212891838 0.34325888849073843 0.013957816377171217 0.02481389578163772
