2 0.39869643125000004 0.44674684722222224 0.018353473437500024 0.046903322222222245
2 0.3912403328124999 0.4538843097222222 0.019500565624999976 0.05302114722222224
2 0.36887203710937505 0.4477664833333334 0.036706946093750005 0.07341389166666666
2 0.356827569921875 0.45796285902777784 0.03555985390625001 0.07341389583333333
2 0.33159154492187504 0.45796285902777784 0.040148222656249996 0.09380664305555553
2 0.524876559375 0.45082539722222226 0.032118578124999964 0.046903322222222245
2 0.56502478203125 0.45490394791666666 0.06653134062500002 0.09992446527777775
2 0.569613150390625 0.4722377833333334 0.05276623515625003 0.08564954166666665
2 0.6229529320312499 0.4895716159722222 0.09979701093749993 0.10808156250000003
2 0.28365045859375 0.48162862152777774 0.113654671875 0.14039827361111115
1 0.128746750390625 0.4896298798611112 0.058501696093750014 0.1814954569444444
7 0.13333511874999998 0.5428549465277778 0.10897374687500001 0.09380664305555553
9 0.9733506316406249 0.2104531527777778 0.02523602578124997 0.03262839722222222
0 0.67705676328125 0.46617821874999993 0.014912196875000028 0.05546827361111113
0 0.40611359921875 0.45985646874999997 0.01491219687499994 0.08361026805555553
9 0.248698984765625 0.30304830625 0.019379141406249988 0.020415884722222208
8 0.9707514484375 0.32793016666666663 0.0157904109375 0.0472117361111111
2 0.5058545143373551 0.4493382929572396 0.017447270471464014 0.04838709677419351
2 0.49782876992048164 0.4468569033790759 0.01535359801488836 0.035980148883374675
