8 0.315118915625 0.22286715138888888 0.0215935875 0.09170610277777777
8 0.18435774726562498 0.4723930513888889 0.02399287578125 0.027725100000000048
8 0.21314919648437503 0.47559210069444446 0.014395725781250012 0.02559240138888883
8 0.300723190625 0.2196681 0.01199643749999999 0.08957340277777777
8 0.33971161171875003 0.22819890138888888 0.017994656250000008 0.08957340277777778
9 0.270732098046875 0.2665875006944444 0.043187177343749994 0.07251179861111111
9 0.8349448946735241 0.5821213518136074 0.01123597159045211 0.00874229637278524
9 0.8507021758944452 0.586435067150788 0.013080731476390283 0.014888337468982688
9 0.8421313489616754 0.5576358650390693 0.008859500514149233 0.019324672699639302
0 0.02515615896865428 0.608885851388889 0.03669137574980856 0.10876770000000001
0 0.010292905673058749 0.5886776086374288 0.018961306658617498 0.12359178272514247
0 0.3037223 0.6099522020833333 0.017994656249999963 0.0938388013888889
0 0.33551285937499997 0.5992887013888889 0.01439572499999997 0.05118480000000005
2 0.63956005859375 0.6221390597222222 0.02519251875000004 0.051184799999999975
2 0.62876326484375 0.6274708083333334 0.020393945312499984 0.044786699999999985
2 0.6191661148437501 0.6370679590277777 0.025192520312500032 0.06398100138888883
2 0.5849762671875001 0.6285371590277778 0.055183612500000034 0.0938388013888889
2 0.48240672500000004 0.6349352597222222 0.044386820312500054 0.06824639999999998
2 0.527393366796875 0.6455987604166668 0.08157577578125004 0.10663499861111118
2 0.393633087890625 0.6296035083333333 0.12596259453125 0.1300947
2 0.668538990625 0.6345656784722222 0.03681399062499997 0.04618023750000001
2 0.7419458625269282 0.6434662623198798 0.021226112553856247 0.02985820519531512
0 0.79671338984375 0.6388959833333333 0.005998218749999928 0.02132699999999998
0 0.790115349609375 0.6410286861111112 0.004798575781249958 0.017061600000000017
2 0.8256631403359387 0.6624358723557221 0.08549130879687752 0.05643511415588868
2 0.76312336484375 0.6535202027777778 0.029991093749999996 0.051184799999999975
4 0.709493939450005 0.6169732124077624 0.04367773359998983 0.08589018629558641
9 0.20320847460937502 0.3836716041666667 0.010546867968750017 0.0726562
9 0.216392058984375 0.3836716041666667 0.010546867968750017 0.0726562
2 0.9640198369180004 0.6788668289373885 0.015353598014888092 0.04342431761786598
