8 0.171622473046875 0.11718034791666666 0.021061261718750002 0.07488449027777777
8 0.767773223828125 0.32103257500000004 0.026911613281250003 0.03328199722222224
8 0.161676876953125 0.12342072361111112 0.015210913281249993 0.07072424166666667
8 0.19853408906249997 0.11718034791666666 0.018721123437499987 0.07488449027777777
8 0.004491360156250001 0.3907167541666666 0.008982720312500001 0.03536212222222224
9 0.797610012109375 0.2856704534722222 0.014040844531250051 0.05408324305555554
0 0.50743261171875 0.47080155833333337 0.0421225265625 0.11648698611111112
0 0.062805948828125 0.470801554861111 0.01872112265625 0.03744224305555556
0 0.02009838515625 0.4801621173611111 0.026911612499999998 0.07696461250000006
0 0.51971834765625 0.4676813694444445 0.04095245468750006 0.1060863638888889
0 0.6800179617187501 0.4146381881944445 0.019891193750000015 0.04576274583333336
0 0.663636978515625 0.4198384993055555 0.019891192968750016 0.052003118055555575
7 0.9386034671874999 0.4385596236111111 0.05967357968750005 0.07696461388888885
2 0.36234391015625 0.4843223652777778 0.028081684375000027 0.05616336944444448
2 0.3418676828125 0.48536242986111106 0.022231334375000023 0.054083243055555626
2 0.30910571718749996 0.4791220569444445 0.054993298437499984 0.049922991666666645
2 0.44483385585937496 0.4749618076388889 0.015210913281249993 0.04160249305555557
2 0.435473296484375 0.47392174097222217 0.01755105234375005 0.052003118055555575
2 0.47350057539062507 0.47808199097222226 0.04446266640624996 0.060323618055555604
2 0.54136464609375 0.4728816798611111 0.039782384374999945 0.05408324305555554
3 0.405636506640625 0.46456118333333335 0.06318378828124996 0.1123267361111111
2 0.180397999609375 0.5415257958333334 0.34985098046875 0.191371475
2 0.757827626953125 0.4541605576388889 0.23869431328125001 0.18305097361111108
