2 0.10292606835937498 0.4734120826388889 0.20215790546874998 0.3192567041666666
2 0.76943144609375 0.48162154097222215 0.06362330000000008 0.12770268194444448
2 0.47543022929687506 0.4633783 0.011288003906250043 0.04378377499999999
2 0.4986654009962209 0.4685690621880089 0.040755148007558084 0.07692307692307697
2 0.46153844733983646 0.4722911465552545 0.029311414392059552 0.05459057071960297
2 0.653472851171875 0.33111480972222224 0.26885975234375004 0.4797972166666667
0 0.277890143359375 0.4752364069444444 0.020523646093749993 0.13317565277777782
2 0.362037088671875 0.4642904625 0.06567566484375002 0.10763511666666671
2 0.41652448952345933 0.4710504517661726 0.02163461538461542 0.06203473945409436
2 0.4431054874999999 0.47523640763888897 0.018471281249999992 0.03831080694444443
0 0.8222798324218751 0.5053377520833333 0.019497461718749953 0.10216214305555553
0 0.88949477109375 0.48800667569444445 0.020523645312499995 0.11128376527777775
0 0.9779694156250001 0.48903971666666674 0.025074315624999954 0.09834436666666661
0 0.8407511136718749 0.4834458645833334 0.01334036953125004 0.11675673750000004
0 0.811504919140625 0.49986478125 0.014366552343749995 0.09486484861111108
8 0.4318174824218749 0.12222970972222223 0.016418916406249994 0.08756755277777778
9 0.21837157187500003 0.2517567138888889 0.030785467187500037 0.018243238888888888
9 0.230609659375 0.2736486027777778 0.041199490625000036 0.018243238888888888
8 0.21310411219833786 0.33410443607401547 0.02230291345917581 0.04064141103691977
8 0.995535546484375 0.24854303680555556 0.006034767968749933 0.06794701805555556
8 0.44989194140625005 0.40947018333333335 0.005028973437500017 0.021456952777777774
2 0.4008219460991417 0.4685690621880089 0.022332506203473955 0.07692307692307697
0 0.30311723145894315 0.48097601007882773 0.019540942928039717 0.10421836228287841
