9 0.15539871289062498 0.21629384374999996 0.011936971093750004 0.04407497083333334
9 0.1980963421875 0.27506047361111113 0.044074971875 0.017956472222222235
9 0.145298198828125 0.31097341458333333 0.019282800781249998 0.01142684583333333
9 0.15493959804687502 0.32974608819444445 0.023873942968750006 0.01305924861111111
8 0.224724970703125 0.27424427152777775 0.009182285156250015 0.03591294027777777
8 0.2350665171875 0.27506047361111113 0.009182285937499968 0.035912941666666656
8 0.14416188828125 0.3746372638888889 0.012855201562499996 0.019588875000000013
0 0.08683818867187501 0.4349196951388889 0.016528114843749997 0.05876662916666662
0 0.063423359375 0.43165488472222224 0.011936971875000002 0.06529625555555549
0 0.056536645703125 0.4512437590277778 0.01836457265625 0.09141475694444444
0 0.006952302343750001 0.43002247847222225 0.012855201562500002 0.062031443055555496
0 0.0221030734375 0.43981691458333333 0.017446343750000003 0.05876662916666662
0 0.041779400781249997 0.47094924027777774 0.015609885937500002 0.12079807222222227
0 0.1675767171875 0.41952843888888885 0.008264056249999995 0.027750908333333275
6 0.161214704296875 0.44984455902777776 0.02203748671874999 0.04244256527777779
2 0.01686671328125 0.5297158673611111 0.0337334265625 0.13222491527777774
2 0.3949592753875051 0.39215838237260936 0.022891594525010196 0.031233270300774288
3 0.372494733984375 0.3977630277777777 0.027546857031249993 0.026118502777777764
2 0.34341749140625 0.39993956249999996 0.02203748593750001 0.02285369166666666
2 0.36132294921875 0.44809554861111117 0.05233902968750002 0.0767231
2 0.6035385375 0.47071604513888887 0.0771312015625 0.15834341805555552
2 0.56914868125 0.4132708763888889 0.08355880156249995 0.1714026694444445
2 0.45207453671875 0.38334239109193663 0.06243954374999996 0.02557643448279347
2 0.25067640390625 0.45054415833333333 0.1717087453125 0.21221283055555556
2 0.44625909179687506 0.5003325534722223 0.16436291640625003 0.2203748597222222
3 0.8062556992187501 0.3381215246320524 0.38473777812500004 0.6678429659307715
2 0.5184165490768091 0.42514474457014284 0.014655707196029776 0.039702233250620285
