8 0.71099410625 0.34217467777777777 0.00841413124999999 0.018698069444444423
8 0.5864597015624999 0.34855181944444447 0.005738353125000017 0.02040303333333328
8 0.59171985859375 0.34770169305555554 0.00669474531250005 0.01870278055555552
8 0.5185558562500001 0.3987092770833333 0.007651137499999993 0.01190177083333334
8 0.707252023828125 0.3460014402777778 0.006694746093749959 0.01870278055555556
8 0.70581743515625 0.3672546 0.007651137499999993 0.013602022222222211
8 0.788545359375 0.3766059902777778 0.00669474531250005 0.015302275000000047
2 0.739386835546875 0.4116312083333333 0.014345883593749952 0.02210328611111115
2 0.6633536578125 0.4039800701388889 0.01912784375000003 0.03740555972222223
2 0.750385345703125 0.4150317145833333 0.021040628906250004 0.022103287499999957
2 0.603100949609375 0.42523323055555556 0.015302275781249985 0.03230480277777777
2 0.58588588984375 0.42608335625 0.030604549999999973 0.05780859305555555
2 0.7604274640625001 0.4175820930555555 0.010520314062500003 0.030604550000000015
2 0.76760040546875 0.41928234583333335 0.015302274999999987 0.040806066666666634
2 0.7805117 0.4201324722222222 0.023909804687500015 0.045906824999999984
2 0.79198840625 0.421832725 0.025822589062500078 0.05270783611111117
2 0.8082470734375 0.42098259861111115 0.027735373437499967 0.05780859444444444
2 0.832156878125 0.42268285138888884 0.04495043281250002 0.06801011111111113
2 0.8527193097656249 0.4277836104166667 0.032517333593749954 0.08161213472222223
2 0.912780727734375 0.41758209305555555 0.10520313984374993 0.15302274999999999
2 0.5645583265624999 0.4354347472222222 0.0392120796875 0.05610834166666668
2 0.5272590312500001 0.4422357583333334 0.05642714062499996 0.07311086944444448
2 0.626723819140625 0.4107810826388888 0.03538651171874996 0.06801011250000003
2 0.4613635859375 0.4573679972222222 0.09946478750000001 0.10541567222222217
2 0.298872559375 0.5015745708333333 0.19032204687499998 0.18022679722222218
2 0.652642053515625 0.42166268819444447 0.02295341328124998 0.034005054166666646
2 0.06726624921874999 0.5314661928495875 0.13453249843749998 0.30348613569917515
2 0.958145576953125 0.43583146666666667 0.08320612109374999 0.17002527777777776
9 0.5512644515625 0.38425712777777776 0.007651137499999993 0.010201516666666618
9 0.55556821640625 0.374055611111111 0.010520314062500003 0.006801011111111106
9 0.52496366640625 0.3757558638888889 0.012433098437499979 0.010201516666666698
9 0.9258202161472369 0.2902109498319421 0.014984849481973405 0.04654252744166199
