2 0.681674681640625 0.561344775 0.031185819531250037 0.049897311111111106
2 0.594354386328125 0.5523355375000001 0.018711491406249968 0.012474327777777777
2 0.57564289453125 0.5661959020833334 0.02027078281249999 0.03742298472222221
2 0.5534229984375 0.5717400458333333 0.022609718750000063 0.04019505555555559
4 0.19990945664062498 0.5363961180555555 0.33758649765625 0.257802775
7 0.004531683984375 0.6216373583333333 0.00906336796875 0.0900923666666667
0 0.702168230859375 0.5755021256944445 0.01247432734374998 0.07068785972222223
0 0.726615677734375 0.5468903701388889 0.005457517968750025 0.030492801388888876
0 0.7356929859375 0.5711460076388889 0.00779645468750001 0.03187884027777778
0 0.7204898999999999 0.5482764048611112 0.005457518750000024 0.01940450972222223
0 0.743099619921875 0.5524345145833334 0.007016810156250042 0.027720729166666618
0 0.724555183203125 0.5718435101314321 0.009355746093750028 0.0415900619295308
0 0.797674803125 0.5662948784722223 0.016372554687500075 0.07207389583333336
0 0.975823797265625 0.6056979375 0.01715220078124986 0.09702255000000003
0 0.95477336953125 0.5939166298611112 0.02027078281249999 0.13721760694444443
0 0.9212486140625 0.5890655034722222 0.031185820312500036 0.1413757152777778
9 0.77350579375 0.4671932791666667 0.019491135937500025 0.0457392027777778
9 0.768048274609375 0.5149125423611112 0.010135391406249994 0.03187884027777778
9 0.9777729117187499 0.3943273722222222 0.025728301562499924 0.03742298333333333
9 0.962180001953125 0.3381928979166667 0.02572830078125001 0.06652974861111108
2 0.606160449609375 0.5819372993055555 0.051456602343749935 0.05821352916666669
2 0.519229976953125 0.5722350444444444 0.06782915859375001 0.0914784055555556
2 0.40384244453124996 0.60411388125 0.15982732499999996 0.18850095416666665
2 0.6635778393993899 0.5572787396073637 0.014655707196029776 0.02853598014888337
2 0.6471774051562136 0.5603804765800684 0.01535359801488836 0.02481389578163768
2 0.9312189684316479 0.6217948686396217 0.03070719602977672 0.10049627791563272
