2 0.05043953203125 0.47648324722222224 0.0395604171875 0.06329666944444444
2 0.279395447265625 0.49054917430555556 0.01285713515625 0.03164833472222218
2 0.4420876625 0.511648063888889 0.017802187500000066 0.028131852777777765
2 0.20620867460937503 0.4921316069444444 0.07615380390625001 0.08615379722222222
2 0.300659170703125 0.4974063291666667 0.043516458593750015 0.05098898055555555
2 0.4643403984375 0.5176260986111111 0.020769220312500013 0.03164833333333329
2 0.121648283203125 0.4536261180555556 0.10681312734375 0.05626370277777784
2 0.031648334374999997 0.5295235208333333 0.06329666874999999 0.26549435555555556
9 0.260109744140625 0.3898898902777778 0.07318677265625002 0.08439555555555553
9 0.364450344140625 0.402197575 0.03857140703124999 0.07032963055555556
9 0.472252481640625 0.42769206666666665 0.028681302343749947 0.050988980555555626
9 0.5073623515625 0.4312085486111111 0.03362635468749993 0.06857138888888888
