9 0.424806940625 0.5434019722222222 0.010071289062499923 0.023275866666666662
9 0.3009300921875 0.4941645604166666 0.014099804687499962 0.007161804166666662
9 0.306972864453125 0.5084881708333333 0.016114061718750027 0.007161802777777776
9 0.306972865234375 0.5299735875 0.00805703203124999 0.010742708333333281
9 0.26366632382812505 0.49774546319444446 0.010071288281249969 0.028647220833333303
9 0.22237404062500002 0.4852123041666666 0.016114062500000026 0.010742708333333361
9 0.13223600703125 0.37957567708333334 0.017121190624999994 0.03580902638888893
9 0.48170972226562503 0.4896884326388889 0.01913544921875001 0.012533159722222189
2 0.43890674453125006 0.5863728034722222 0.03827089687499994 0.04834218472222223
2 0.447970905078125 0.5953250611111112 0.026185350781249995 0.044761283333333304
2 0.48473110859375 0.5944298347222222 0.057406345312499954 0.06445624722222223
2 0.507895072265625 0.6212866034722222 0.07352040703125003 0.07877985694444445
2 0.626232713671875 0.5953250604166667 0.09467011328124997 0.06266579583333333
2 0.6050830070312501 0.6705240159722221 0.15308358593750002 0.1629310708333333
2 0.812047987890625 0.6391911173611111 0.20444716015625 0.11100798194444444
2 0.33357494644539126 0.5853434606432186 0.027018813203282477 0.03195988795310403
2 0.29941939765625 0.5944298347222221 0.06344911718750001 0.10026527499999997
2 0.248055826171875 0.6006964131944444 0.06546337578125003 0.13786474861111106
2 0.15791779453125 0.6171523002592925 0.16919765 0.23881367274080728
2 0.085404515625 0.6973807847222222 0.16919765 0.39927064166666665
2 0.34115228108673473 0.5734077718654282 0.027217741935483854 0.04094292803970221
