4 0.05403042109375 0.4919495013888889 0.106476384375 0.3057783361111111
2 0.97136543203125 0.6157169236111112 0.054993296874999945 0.08320499166666669
8 0.01483307109375 0.2007320361111111 0.0163809828125 0.06864411666666666
8 0.03355419375 0.20593235000000001 0.0163809828125 0.06656399444444444
8 0.74437182109375 0.17057022847222222 0.024571474999999943 0.0956857375
8 0.7166432264159248 0.1775815737032545 0.029957935644349475 0.10554817796206457
8 0.7532568096227148 0.18860254470890656 0.0237282878411909 0.08598762552892425
2 0.1745476484375 0.5824349284722222 0.153279190625 0.14144848194444448
2 0.866644152734375 0.6125967361111111 0.13338799921875005 0.08944536666666668
2 0.7203853812500001 0.6417184826388889 0.276136559375 0.20593234861111115
0 0.287459420703125 0.5761945527777778 0.028081683593750028 0.06656399166666663
9 0.6852832765625 0.40978457291666665 0.02574154375000006 0.02496149583333328
9 0.6618782493474539 0.42142266020289726 0.014048090367592182 0.017369727047146375
