2 0.20528701562499996 0.5735002340277777 0.40995005781249994 0.3638454097222222
2 0.45537526953125 0.5102710013888889 0.19093564375 0.19967126388888887
2 0.585785562890625 0.46978210555555555 0.11605892265624992 0.14753487499999995
2 0.6478708445312501 0.46312639791666665 0.07550069375000001 0.10760062638888886
2 0.680941398046875 0.4553614048611111 0.049293842968750036 0.08985207083333333
2 0.7102681125 0.44815105277777784 0.035566443749999975 0.08208707499999998
2 0.7321071589843751 0.44815105347222217 0.041806171093749976 0.06655708749999995
2 0.761253834278828 0.4384219338821213 0.031462526370155876 0.04044313998646487
2 0.904011634765625 0.4703367493055555 0.08985206796875005 0.12867703749999992
2 0.9611051374999999 0.5857023680555555 0.07550069531249992 0.49252244444444443
6 0.5485945703125 0.4956126020833333 0.05615754375000002 0.11869347083333331
