2 0.302630874609375 0.42397978333333336 0.021524244531250014 0.02755103333333327
2 0.32845996914062503 0.43469407083333333 0.03874363984375 0.05816329166666666
2 0.467506587109375 0.4339287659722222 0.04132654921875005 0.06581635416666663
2 0.49850149921875 0.44846958958333333 0.03960460937499999 0.10408167916666665
2 0.283259055859375 0.42352059374999995 0.025829092968750002 0.035204098611111095
2 0.399489975 0.49409894385420566 0.144642921875 0.21731286506936642
9 0.44225147187499997 0.08801024444444444 0.1222577078125 0.09030616111111112
9 0.580867607421875 0.09872453472222223 0.08609697734375006 0.0841837111111111
9 0.068016612109375 0.07959187222222222 0.13603322421875 0.133163325
9 0.45617049414062494 0.36836751875000007 0.014636486718749975 0.027551029166666692
9 0.1691805609375 0.40000019513888896 0.0352997609375 0.027551031944444464
9 0.10632976718750001 0.31913279583333337 0.018080365625000004 0.03826532222222221
9 0.27608431171875003 0.3959185541666667 0.01205357812500001 0.015306130555555578
9 0.32774249843750003 0.39668385902777775 0.008609698437500013 0.013775515277777827
8 0.21868632265625002 0.4122450979166667 0.008609698437500013 0.01836735416666665
8 0.24925074921874998 0.40382672708333334 0.007748726562499986 0.010714290277777788
4 0.754404926953125 0.4529561756944445 0.48164464296875 0.8549047680555557
2 0.2615927277368588 0.42390404978106094 0.014655707196029776 0.027295285359801448
2 0.40361350937457596 0.37117452124508077 0.08095533498759307 0.04342431761786598
