2 0.5444301824218749 0.5346279479166667 0.01657173515624999 0.02946085972222221
2 0.4923226350717094 0.5355006548360778 0.015507581419080995 0.05197732921673332
3 0.525908833203125 0.5207640138888888 0.026319811718749975 0.060654711111111065
2 0.46742036171874995 0.5415599138888889 0.0477655859375 0.08145061111111115
2 0.6004816328125 0.5727537645833334 0.10722886406250005 0.14730429583333335
9 0.55466566484375 0.44971135277777774 0.025345003124999987 0.015596924999999985
2 0.188625318359375 0.5216305097222222 0.01657173515625001 0.02079590000000001
2 0.16474252578124998 0.5233634993055555 0.04094192968750001 0.04159180138888882
2 0.09260674531249999 0.5250964944444445 0.058488470312500006 0.0623877027777778
9 0.8783018695312499 0.38559065902777784 0.09358155468750003 0.11957642916666668
2 0.26438429101229305 0.5181968537512843 0.020238833746898256 0.022332506203473913
2 0.5034118964713501 0.5306038016421032 0.016749379652605433 0.03473945409429283
