2 0.42845287460937503 0.5429125576388889 0.024571474218750035 0.04576274305555551
2 0.41759804257812494 0.5377122437499999 0.010530632031249976 0.014560873611111053
2 0.41116265703125005 0.5397923722222222 0.011700701562500004 0.022881372222222276
2 0.40121706015625 0.5429125590277778 0.015210912499999996 0.029121745833333375
2 0.387761252734375 0.5460327451388889 0.023401403906250007 0.043682620833333394
4 0.344000629296875 0.5174310298611111 0.07254435078124999 0.02288137361111116
2 0.37822518125000004 0.5533131826388888 0.02574154375000002 0.0395223708333333
2 0.36593944453125 0.5564333680555555 0.03393203437499999 0.0582434916666666
2 0.35540881328124996 0.56371380625 0.038612315625000004 0.06032361805555553
2 0.322646848828125 0.5720343041666667 0.05733343828125004 0.08944536388888882
2 0.28110935742187504 0.5886753020833333 0.06318378828125 0.1185671097222222
2 0.19569423515624998 0.6021961124999999 0.17317038437499999 0.18721122777777777
2 0.073860679296875 0.6885212895833334 0.14772135859375 0.3432205819444445
2 0.4457967332031251 0.5406244236111112 0.009360560156250041 0.0228813722222222
2 0.450477014453125 0.5437446111111112 0.007020421093749984 0.016640997222222214
2 0.45398722421874993 0.5458247347222223 0.004680279687500022 0.016640997222222294
2 0.459252540625 0.5468647986111111 0.01287077187500003 0.0228813722222222
2 0.46978317226562505 0.5479048590277779 0.019891192968750016 0.03744224305555556
2 0.48967436484375 0.5551852972222223 0.038612315624999914 0.06032361944444449
2 0.5259465394531251 0.5739064194444444 0.050313017968750005 0.08112486666666664
2 0.5563683648437501 0.5936676055555555 0.05967357968749996 0.11648698611111112
2 0.6441236277343749 0.6113486638888889 0.16966017421875002 0.22257334722222233
2 0.9537822281250001 0.8575114548611111 0.09243554374999992 0.2849770902777779
