9 0.5363585429687501 0.4174342138888889 0.015986842187500017 0.028421052777777806
9 0.48639966250000005 0.4414144770833333 0.009991775000000036 0.023092104166666634
9 0.321535351171875 0.40233552777777776 0.02198190859375 0.04085526388888891
2 0.409962572265625 0.48671053124999997 0.02697779609374997 0.035526318055555506
2 0.47436401406250006 0.49825658055555555 0.03606142656250002 0.0479605277777778
2 0.5178737570312499 0.49914474027777783 0.05895147968750001 0.056842105555555536
2 0.78315541953125 0.5497697416666666 0.16586348906250006 0.1616447388888889
2 0.379987243359375 0.49559210625000005 0.04895970390625002 0.06394736805555555
2 0.2412323835479812 0.4970945430770483 0.03723123428346242 0.06449513051257014
3 0.11920187929687502 0.4804357655146688 0.21082648046875002 0.22192416158489334
2 0.9150468675781251 0.5701973708333333 0.16986019609375003 0.3161842111111111
