9 0.317246972265625 0.4485046673611111 0.013875611718750003 0.013455140277777704
9 0.5205246203665684 0.41322832353782857 0.03695941573313677 0.04812745570212071
9 0.564485171875 0.4036542006944444 0.018921290625000076 0.0358803736111111
9 0.529796138671875 0.4485046673611111 0.010091355468749974 0.017940187499999954
9 0.48753858945312506 0.4440196194444444 0.01135277421874994 0.013455136111111127
2 0.35130529609375005 0.4765362111111111 0.016398451562500017 0.033637849999999976
2 0.393562844921875 0.4720511631944444 0.017659871093750022 0.03363785138888894
2 0.37779510390625 0.4765362076388889 0.03153548593750002 0.04709299027777776
2 0.43392826601562506 0.49447639583333336 0.055502452343749994 0.0784883166666667
2 0.48564645976562504 0.4798999944444445 0.03531974140625005 0.04485046666666671
2 0.508352008984375 0.4698086388888889 0.010091355468749974 0.015697663888888908
2 0.331753297265625 0.48326377986111113 0.030274064843750014 0.038122895833333344
2 0.26679019843749996 0.4866275652777778 0.07190090468750002 0.08521588611111118
2 0.22579406874999997 0.4742936854166667 0.02270554843750001 0.024667756944444442
2 0.119834841015625 0.5598833368055556 0.23966968203125 0.31694331805555553
2 0.79627098203125 0.4778176631944444 0.06180955000000008 0.042607943055555514
