3 0.1148740703125 0.48570912708333336 0.09945596250000001 0.09360561250000003
2 0.5191333128906249 0.4971498131944445 0.13572813984374993 0.18721122638888887
2 0.4246083003816893 0.44997870608883483 0.0252402023616213 0.04710627051100305
2 0.17688778906249997 0.47530850347222225 0.06201371874999999 0.08112486527777776
2 0.67453817578125 0.44930694375 0.034673164062500025 0.07904474027777779
2 0.657786627734375 0.4285056965277778 0.026911613281250003 0.05824349305555556
2 0.606303540234375 0.43890632083333336 0.04563273671875008 0.045762744444444475
2 0.5723715046875 0.4368261951388889 0.019891192187500017 0.033281995833333314
8 0.40619979453125 0.3463407701388889 0.008146998437499952 0.027041623611111138
9 0.423772594140625 0.35154108055555555 0.01755105234375005 0.01248074999999997
9 0.47408561250000003 0.3900233902777777 0.010530631250000066 0.010400627777777772
9 0.526153733984375 0.35362120555555554 0.028081683593750028 0.04160249444444442
9 0.541364645703125 0.38690320208333334 0.011700700781250007 0.008320498611111067
8 0.289214524609375 0.4160249479166667 0.00819049140625001 0.0166409986111111
2 0.3366159907641541 0.4499586403517805 0.025124069478908197 0.029776674937965295
2 0.2933467599949234 0.4629859356371404 0.01674937965260548 0.03846153846153844
2 0.31463242997010943 0.45181968253540344 0.009072580645161255 0.03349875930521091
1 0.30521090391551886 0.4487179455626987 0.01535359801488836 0.04714640198511167
6 0.30451301309666035 0.46732836739892697 0.01395781637717124 0.03970223325062037
