9 0.8728029873757185 0.3397897766119945 0.049834443501437065 0.13698237177601097
9 0.5994894032033007 0.41770057583565157 0.020003795469101426 0.02481389578163768
9 0.55916526015625 0.38015598194444444 0.036914037500000066 0.028124980555555606
9 0.49456569687500007 0.37781223333333336 0.05537105625000001 0.037499974999999984
9 0.39107455625 0.45984342777777776 0.027685528125000004 0.04687496944444444
9 0.36668492500000005 0.39890596874999995 0.06591792343749998 0.0374999736111111
9 0.699570437109375 0.4340621944444444 0.05405269765625 0.06093745833333336
2 0.5360939871093751 0.49851527638888893 0.011865225781250021 0.025781233333333296
2 0.5473000347656249 0.5043746472222222 0.018457017968750034 0.037499974999999984
2 0.341501226496164 0.4834573996569915 0.0181451612903226 0.03970223325062037
2 0.11356009843749999 0.47156216805555556 0.05273433906249999 0.042187469444444445
2 0.086533750390625 0.4867965333333334 0.03295896171874999 0.016406238888888838
2 0.0358250478361144 0.48469809444607337 0.036290322580645164 0.02481389578163768
2 0.290388747407899 0.48316461654685805 0.04712367705920197 0.09867001690628388
2 0.24012251132812504 0.5055465201388889 0.08437494296875 0.09609368472222223
2 0.565757053125 0.5114058909722222 0.03427732031249997 0.046874968055555556
2 0.6468361 0.5137496409722222 0.13051748906250005 0.1734373819444444
2 0.4853371871093749 0.5301558784722222 0.10546867734375001 0.16874988472222227
2 0.40221772773685877 0.4859387892351552 0.022332506203474 0.03473945409429283
