2 0.443149715625 0.48046842013888885 0.050097621875 0.09843743194444438
2 0.3864603015625 0.49687465833333333 0.06328120625000003 0.12656241388888895
2 0.3363626796875 0.49218716180555555 0.03427732031250001 0.0374999736111111
2 0.33012981256085344 0.5048469426652065 0.02972173605920685 0.04406954921930198
2 0.31686934568158853 0.5157379131383937 0.026931255425677047 0.04710150405456525
2 0.29891720107085656 0.5167023636450108 0.02794100370421302 0.0724678884011327
2 0.27031636297259076 0.5262613698803166 0.05722704714640199 0.08312655086848635
2 0.14783741953125001 0.5156246458333332 0.205663921875 0.2343748388888889
2 0.46622098906250004 0.5214840166666667 0.02241209375000004 0.0539062138888889
2 0.4854175545855123 0.5263526400235605 0.03180133885852436 0.07301845226934339
2 0.535860874725478 0.5127021109930257 0.07468020726345621 0.1722798080971624
2 0.68572767421875 0.48046842013888885 0.24785139218750007 0.3609372513888889
2 0.013274219921875 0.6796870326388889 0.02654843984375 0.22499984583333324
