2 0.8364984484375 0.6585932972222223 0.32695289999999994 0.3914059805555556
2 0.61171832890625 0.5929683430555556 0.11074211250000002 0.18984362222222223
2 0.542504509765625 0.5946089576388889 0.025048810156249955 0.05859370694444439
2 0.44824187890625 0.6227339395833333 0.01054686718750002 0.03515622638888887
2 0.38693820937499995 0.6145308215277778 0.027685528125000004 0.0374999736111111
2 0.37375462578125 0.6239058131944445 0.017138659374999986 0.0374999736111111
2 0.3638669375 0.6239058131944445 0.015820301562499983 0.0374999736111111
2 0.32497536250000003 0.6203901916666666 0.072509715625 0.09609368333333326
0 0.203686383203125 0.6363276868055555 0.014501941406250007 0.07265620138888886
0 0.156225478125 0.6445308069444444 0.01977537812500001 0.09374993888888888
0 0.14040517578125 0.6386714361111111 0.017138657812499992 0.1054686777777778
2 0.42187470937500005 0.6152339506944445 0.04218747187499998 0.07265619861111117
2 0.49372524609374996 0.6105464548611111 0.08569329999999997 0.16171864027777783
2 0.1549071203125 0.6421870590277778 0.0751464328125 0.07031245138888885
2 0.10019524296875 0.64570268125 0.11337882812500003 0.07734369583333331
2 0.037573215625 0.6257808201388889 0.061962848437499995 0.04218747083333333
2 0.023730452734374997 0.6527339284722221 0.047460905468749995 0.06328120694444447
8 0.284765429296875 0.5332027583333333 0.005273435156250006 0.03984372222222221
8 0.572167575390625 0.41249971458333334 0.013183585156250021 0.046874968055555556
8 0.68554640390625 0.5121090249999999 0.01054686718749993 0.04921871666666667
9 0.222802580859375 0.556249625 0.026367167968750004 0.014062491666666687
9 0.605785717578125 0.43007782986111115 0.03559568046874997 0.021093740277777724
9 0.6433589328125 0.43593720069444447 0.018457018749999943 0.04218747083333333
9 0.680932148828125 0.47343717500000004 0.01713866015625003 0.023437483333333297
8 0.9182366734375 0.2753904354166667 0.018457018750000033 0.046874968055555556
9 0.2882810578125 0.4851559173611111 0.018457018750000033 0.046874968055555556
8 0.029003885546875004 0.5292965354166667 0.02373045234375 0.058593709722222165
8 0.28102862226562497 0.5729529159722222 0.014350397656250014 0.021259848611111132
8 0.228410496484375 0.5750788993055556 0.007175199218750006 0.01700787916666668
2 0.9031870276401415 0.3668320894832942 0.19238524993063494 0.23573200992555826
