8 0.30908814921875 0.4337757069444444 0.01033163749999999 0.03979593611111112
2 0.28412002578125 0.5517859625 0.041326550000000004 0.05357145277777775
2 0.16616716640625 0.5755104624999999 0.07748727968750002 0.07959187222222223
2 0.126132071875 0.5747451562500001 0.02841200312500001 0.03826532361111114
2 0.241932506640625 0.5701533173611111 0.06887758203125002 0.07500003472222222
8 0.569101020703125 0.40331650763888893 0.01205357734375001 0.0658163569444444
8 0.694802608984375 0.37729608472222226 0.015497458593750046 0.05663267222222225
9 0.9053097175781251 0.22882663333333333 0.042187517968750046 0.07806125833333333
3 0.45502252578124996 0.4591838798611112 0.05596303593750003 0.05204084027777777
2 0.0978766140625 0.7100174236111111 0.1954401390625 0.5219390083333333
2 0.4181573699218751 0.7375684590277778 0.44339943359375 0.5127553374999999
2 0.8572910898437499 0.7207317145833334 0.2823980828125 0.5525512680555555
8 0.964734551171875 0.19642865208333332 0.038743639843749914 0.14387761527777776
9 0.97721861328125 0.43214304305555556 0.027551032812499977 0.030612258333333385
