8 0.5827144429687501 0.3982324104166666 0.009228509375000016 0.026028262499999972
8 0.44557131210937495 0.4138493659722222 0.00683241953125 0.019087393055555582
2 0.552937892578125 0.47978763125 0.016593016406249994 0.022557829166666623
2 0.49827854218749995 0.49713980555555554 0.06734812812499999 0.11973000555555555
0 0.36260622578125 0.48412567500000003 0.020497256250000005 0.07287913333333336
2 0.437274803515625 0.5804302430555555 0.16007381171875004 0.22384305277777775
2 0.62370223046875 0.4823904590277778 0.03318603281249999 0.05552695972222218
2 0.65347205546875 0.4693763256944444 0.04782693124999993 0.09196652638888886
2 0.709107466015625 0.5040806763888889 0.13957655546874995 0.1544343555555555
2 0.9067180039062499 0.5327117645833334 0.18358240000000006 0.29498697083333325
8 0.577441009375 0.3978512888888889 0.006591792187500012 0.021093736111111146
9 0.3191687202926901 0.4096360597066193 0.033498759305210915 0.03846153846153852
9 0.3188197748832608 0.4536807247190262 0.03280086848635233 0.04714640198511167
9 0.29439359622321115 0.4263854393592248 0.011864143920595538 0.02481389578163776
9 0.28392523394033276 0.46794871479346795 0.020238833746898256 0.05086848635235736
