8 0.357456415234375 0.4821090347222223 0.007910150781250014 0.03984372222222221
8 0.42864777265625004 0.4961715270833333 0.01054686718749993 0.03046872916666664
8 0.539389883203125 0.45164030763888896 0.007910150781250014 0.03046872916666664
8 0.8008401041658084 0.49288082775274444 0.019287505206616994 0.03326232494993333
8 0.582236534375 0.5418746208333333 0.006591792187499923 0.023437483333333297
8 0.5262062992187501 0.5371871236111111 0.007910149999999927 0.018749986111111068
8 0.09312554296875 0.5102340173611111 0.014501943750000013 0.02109373472222226
8 0.362070669921875 0.40476533958333333 0.011865225781249978 0.0398437236111111
8 0.546640855859375 0.45164030763888896 0.009228510156250013 0.03046872916666664
8 0.7799903046875001 0.23835920416666667 0.025048810937499954 0.110156175
8 0.796469785546875 0.24890607222222222 0.02373045234374995 0.09374993611111111
8 0.8430652041396375 0.4422876233344924 0.014914555783225047 0.049174094997681786
9 0.041050383203125 0.47156216805555556 0.01582030234375 0.037499974999999984
9 0.039072845703125 0.4293746979166667 0.01977537734375 0.04218747083333333
9 0.103013230859375 0.45632780416666663 0.010546867968750007 0.016406238888888917
9 0.098398976171875 0.47156216875 0.011865225781249999 0.014062490277777803
9 0.11158256054687499 0.4821090368055555 0.017138658593750012 0.016406240277777723
9 0.2173392341964381 0.43298241311082275 0.03501968785712384 0.06778451822279898
8 0.241440869921875 0.42117157847222225 0.010546867968750017 0.03046872916666672
9 0.36075231093750004 0.44226531249999995 0.030322243750000012 0.03984372222222221
9 0.362070669921875 0.5043746472222222 0.017138660156249985 0.037499974999999984
9 0.6264015429687501 0.4973434 0.018457018749999943 0.014062488888888917
9 0.632993335546875 0.5207808840277778 0.03164060390624997 0.03749997638888887
9 0.83733889765625 0.39890596874999995 0.018457018750000033 0.018749987499999954
9 0.831406283984375 0.3192185236111111 0.030322244531249966 0.04687496666666667
9 0.0450054578125 0.50671839375 0.0184570171875 0.03281247638888895
9 0.9533544429687499 0.37078098958333333 0.015820301562500028 0.03749997361111114
9 0.9599462355468751 0.41765595555555557 0.026367169531249957 0.05624996111111105
9 0.429306951953125 0.5336715006944445 0.011865225781249933 0.02578123194444441
2 0.35481969804687497 0.5805464680555557 0.02900388515625001 0.035156224999999985
2 0.505112563671875 0.5735152250000001 0.010546867968750017 0.016406238888888838
2 0.4939065167968749 0.5770308472222223 0.011865225781250021 0.01874998888888884
2 0.480722932421875 0.5770308472222223 0.01713866015624994 0.01874998888888884
2 0.46819852695312497 0.5793745944444445 0.013183583593750025 0.023437483333333297
2 0.44776397109375 0.5758589736111112 0.014501943750000024 0.021093736111111067
2 0.43853546132812493 0.5793745944444445 0.01713866015625003 0.023437483333333297
2 0.42535187656249995 0.5805464694444444 0.014501943749999935 0.025781233333333296
2 0.416123366796875 0.58171834375 0.014501942968750025 0.028124981944444412
2 0.40425814101562507 0.5828902173611111 0.014501942968750025 0.03046872916666664
2 0.586191609765625 0.5910933375 0.02768552734374996 0.04687496944444444
2 0.38580112265625 0.5805464687499999 0.03823239531250002 0.04453121805555556
2 0.5459816765625 0.5957808333333333 0.0527343390625 0.09374993611111111
2 0.06205348359375 0.5770308458333334 0.1241069671875 0.11249992222222219
2 0.294834387890625 0.5782027208333334 0.04877926328125 0.04921871666666667
9 0.899301745703125 0.5207808854166667 0.010546867968750106 0.01874998750000003
9 0.9582361125000001 0.4731067409722223 0.023395389062499918 0.038125818055555524
9 0.22320873269963792 0.5343258860093488 0.013259925558312657 0.05459057071960297
