0 0.8648151399375592 0.6996846090277777 0.20957564706261866 0.599116901388889
2 0.10553679609375002 0.652958525 0.20976851406250002 0.19609565833333326
2 0.6474919269531251 0.6410567652777778 0.26587681171875 0.19949616111111115
2 0.476080053515625 0.5993418354166666 0.09627673359375004 0.058942048611111075
2 0.39096121875000006 0.5982083305555557 0.08161206718750003 0.058942050000000044
2 0.204348963671875 0.5588159590277778 0.014664666406250016 0.022670020833333304
2 0.1858587296875 0.5911207340277778 0.05929626562500001 0.06914355694444446
2 0.0822496609375 0.5667504618055555 0.034430090625 0.01813601527777777
3 0.24686491249999998 0.6053699916666667 0.07141055937499999 0.11901760000000003
3 0.32114464531250003 0.6048032395833333 0.06439702031250003 0.11335009305555552
3 0.9533595833609076 0.6025362381944444 0.09034202390318473 0.1314861069444445
9 0.06499663537606744 0.2809088790089479 0.06727717231463488 0.0452955524623403
9 0.02837294609375 0.5406799416666667 0.009563915624999999 0.009068005555555519
9 0.16386172890625 0.4471661159722222 0.012751884375000012 0.01926951527777779
9 0.17055646796875 0.5015741604166667 0.009563914062500012 0.035138529166666724
9 0.166730903125 0.5231106798611111 0.017215046874999994 0.007934509722222158
9 0.17023767148437502 0.5338789381944444 0.012751886718750004 0.009068004166666633
9 0.2894678 0.4993071631944444 0.022953393749999985 0.007934509722222158
9 0.29839411875 0.5134759201388889 0.025503768750000023 0.015869012499999967
9 0.028372957421875 0.538980129861111 0.009563938281249998 0.020403034722222203
9 0.22730235742187502 0.4670023826388889 0.03761806328124999 0.022670018055555533
8 0.18745271562500002 0.5070149875 0.007651131249999987 0.01700251388888887
8 0.244131359765625 0.3508495291666666 0.015939857031249983 0.04987403888888886
8 0.242392087890625 0.5212215145833333 0.014664669531250007 0.03287152638888892
8 0.302644746875 0.4775817270833334 0.007651132812500005 0.029471026388888866
9 0.16561511210937502 0.4100439604166667 0.03506768515625001 0.05667504861111104
8 0.238300859765625 0.3975754513888889 0.014664669531250007 0.02267001944444442
8 0.19175647773437499 0.48202127222222224 0.015939855468750007 0.021536519444444478
8 0.21056550898437498 0.5075250430555556 0.016577452343749986 0.022670016666666647
8 0.031242141796875 0.46700274444444445 0.02486619609375 0.044206572222222226
8 0.042240651953125 0.34968530625 0.03156094296875 0.09181365138888885
8 0.05036998593749999 0.452267238888889 0.021040628125 0.044206572222222226
8 0.012114298046875 0.4199624361111111 0.02295341171875 0.040806066666666634
8 0.01163610234375 0.46586926041666665 0.0200842359375 0.03740555972222223
