2 0.44883057421874994 0.5646972625 0.139309915625 0.10683461944444446
2 0.38327296796875 0.5756235298611111 0.084678575 0.10926267361111112
2 0.3227004131249818 0.5976937375 0.08645398406246363 0.22624487499999996
2 0.635290978515625 0.5565304993055555 0.09690870546875 0.12857140138888892
2 0.8079335179687501 0.5724766451388889 0.17150506562500006 0.12239338472222225
2 0.9541260890625001 0.5592856006944444 0.087818859375 0.10102038750000004
2 0.16771680429687502 0.7099707229166666 0.33543360859375004 0.47924182361111106
9 0.32639187460937497 0.36219527222222225 0.054926744531249974 0.027727863888888905
9 0.366872248046875 0.3818569423611111 0.03050486015625 0.015061462499999973
8 0.27099658085937495 0.34746483680555557 0.021445772656249983 0.046790776388888886
9 0.809577915625 0.3353338986111111 0.04581596718749994 0.02599487499999999
8 0.55566951875 0.4643186381944444 0.011364793749999968 0.024015593055555545
8 0.568312971875 0.28497604791666664 0.017546539062499988 0.056986543055555575
8 0.596094996484375 0.2842106451388889 0.02047096484375004 0.06238770138888891
8 0.4231330351591579 0.3587292861111111 0.006823655468749923 0.04505778611111116
9 0.22842362927436924 0.42210593024791954 0.013996385510587128 0.04081708273873951
2 0.9117664046874999 0.5409182569444444 0.10848212031250011 0.07530610555555554
0 0.597684837890625 0.5868366145833334 0.023762750781249942 0.11938773194444442
