8 0.312719629296875 0.4627959006944445 0.011996436718749993 0.04691940138888889
8 0.509435659954425 0.4973040109447764 0.012047526966149835 0.03761878088822491
8 0.327115353515625 0.46599495069444447 0.007197863281249983 0.04905209861111107
9 0.643758811328125 0.5202264548611112 0.021593586718750047 0.019194301388888925
9 0.6479575640625 0.5010321541666667 0.020393943749999987 0.01919429999999996
9 0.581977158203125 0.5255582034722223 0.020393944531249986 0.012796201388888859
8 0.659954001953125 0.5471898833333333 0.015595367968750029 0.02132699999999998
8 0.64135952421875 0.5493225840277778 0.016795012499999994 0.02559240138888891
8 0.15370433789062501 0.5770476840277777 0.010796794531249997 0.02559240138888883
0 0.1797169387870088 0.7202022564524273 0.03882912132401763 0.14189490179374367
8 0.4848060140625 0.5738486319444445 0.005998218750000017 0.023459700000000003
2 0.470410287890625 0.6250334333333333 0.029991094531249995 0.04905209999999995
0 0.5981723488281251 0.6353922555555556 0.014395725781249969 0.0533175
2 0.648020058203125 0.6662372216147515 0.08277541796875001 0.13816244045172538
2 0.732562385815157 0.6745243971756019 0.13909356225531394 0.20595533498759297
2 0.8759523707031249 0.694420418885223 0.2459269695312499 0.3224908349926683
2 0.41708863437500004 0.6675351020833333 0.1367593875 0.22606620138888883
2 0.5145781495730871 0.6255169530068675 0.020936724565756747 0.03349875930521091
