9 0.5646560734375 0.39256039930555553 0.017206381249999937 0.03466767083333337
9 0.8594587382812499 0.2875377472222222 0.0263831187500001 0.07953171666666665
0 0.263623265625 0.4379342631944444 0.016632834375000006 0.054040781944444505
0 0.23781369257812504 0.4246789756944444 0.03154503203124999 0.07851207916666669
9 0.49866243359375 0.436914625 0.007456098437499925 0.015294561111111054
0 0.39891541249978796 0.47733400536337306 0.009396193749575944 0.051949021837857226
2 0.42394612460937503 0.4727718791666667 0.021221203906249996 0.03874622222222225
2 0.44688796601562497 0.47736024791666665 0.004014822656250061 0.009176734722222177
2 0.4520498796875 0.4819486166666667 0.00975028281250001 0.016314197222222285
2 0.49334519453125003 0.4778700673611111 0.013191559374999962 0.04486404583333336
2 0.503669023046875 0.4819486166666667 0.017779927343750047 0.04486404444444447
2 0.5254637734375001 0.4844977097222222 0.04072176875000002 0.0621978833333333
2 0.5357876015625 0.4916351715277778 0.045310135937499926 0.05404078194444442
2 0.78260356796875 0.5485649229166667 0.22884486875000007 0.2202416819444445
2 0.43264489960937497 0.4795694680555556 0.026383117968750015 0.038746222222222175
2 0.470498938671875 0.4800792861111111 0.040148222656249996 0.06831570555555559
2 0.5550969800781249 0.49282475416666666 0.026956664843749943 0.07953171666666665
3 0.6101574 0.5020014909722222 0.10725310937500003 0.12847431250000002
2 0.92320524296875 0.5944685201388888 0.15256324531250004 0.3364803430555556
