9 0.692600974609375 0.3405328736111111 0.012672502343749947 0.03292684166666666
9 0.678953664453125 0.3413993701388889 0.010722885156249973 0.02426188472222219
9 0.68577731953125 0.3656612541666666 0.02826942812499995 0.02426188333333334
9 0.6857773191406251 0.38905664236111115 0.032168658593749996 0.019062909722222247
9 0.685777319921875 0.4063865597222222 0.012672502343749947 0.01906290833333328
9 0.7953363660163822 0.4319537333651652 0.03530675546723554 0.04593537228588597
9 0.511774119140625 0.4462453708333334 0.009748078906250068 0.015596924999999985
9 0.512748926953125 0.46530827847222217 0.007798463281250001 0.019062909722222247
0 0.48740392304687497 0.4973686263888889 0.007798463281250001 0.041591802777777784
0 0.7837455082031249 0.52509649375 0.011697694531250047 0.04505778749999997
0 0.7686359859375 0.5250964930555556 0.012672501562500039 0.041591802777777784
0 0.750602041015625 0.5129655506944444 0.009748077343749984 0.05198975138888894
2 0.5921957667968749 0.4904366576388889 0.010722885156250061 0.013863934722222224
2 0.6058430761718749 0.5043005923611111 0.016571733593749992 0.031193851388888857
2 0.510311906640625 0.5017011048611112 0.028269427343749952 0.03985880972222217
2 0.5926831703125 0.5190310215277778 0.03509308281249997 0.05025675972222222
2 0.7384169433593749 0.5502248729166667 0.04971520078124998 0.07105265972222223
0 0.7510894453124999 0.5571568402777778 0.022420581250000016 0.06758667777777774
2 0.70429866875 0.5623558152777779 0.03801750624999993 0.07798462777777779
0 0.39382236953125 0.5198975173611111 0.011697693750000005 0.03465983472222215
0 0.429402855859375 0.5034340972222222 0.014622117968750015 0.036392825
0 0.46644555468750004 0.5043005930555555 0.008773271874999988 0.02772786944444445
2 0.45231084062499993 0.5580233361111111 0.06823655000000003 0.09704753611111107
2 0.437201319140625 0.5848847076388889 0.07311058828124999 0.09878052916666667
0 0.37481361640625 0.5103660631944444 0.012672501562499994 0.02946085972222221
0 0.34264495859375 0.507766575 0.012672501562499994 0.024261883333333303
2 0.348981208984375 0.602214625 0.14817079296875 0.18889609722222225
2 0.534682103515625 0.5736202604166667 0.06336251015625001 0.08664958472222221
2 0.64532279375 0.5623558152777778 0.09748078437499999 0.14730429722222216
2 0.8549064812499999 0.7269900284722223 0.2846438921875 0.44537887361111117
2 0.172053584375 0.7113931034722223 0.34410716875 0.41418502361111115
9 0.7194091049080746 0.3972291118158004 0.020238833746898166 0.03349875930521091
