2 0.13408992773437498 0.4683352599918539 0.26771181328125 0.4834033633496255
2 0.936285998046875 0.5948601416666667 0.12682886171875013 0.4073027222222222
2 0.8294203964843749 0.49266410138888894 0.27224128984374996 0.29135587777777777
2 0.67637796015625 0.47167591875 0.11154658906249999 0.1578541041666667
0 0.6369076296875 0.4209692 0.01029660937500001 0.03813558611111113
0 0.62575296953125 0.4217319118055555 0.012012709374999986 0.03661016250000004
2 0.581436581640625 0.45446721736111106 0.06177964921874999 0.07474574861111109
2 0.5384249851562499 0.4510136944444445 0.03797235468749997 0.041991786111111096
2 0.340753365234375 0.45904348749999996 0.04890888828125002 0.06559320555555553
2 0.29913790703125 0.4620943347222222 0.04290253437500002 0.05644066666666671
0 0.279402741015625 0.44302654166666666 0.006864405468749979 0.027457622222222255
0 0.26610295546875 0.44912823541666663 0.006006354687499993 0.03355931527777779
0 0.27125125976562503 0.4460773895833334 0.006006355468749991 0.033559318055555565
0 0.26009660078125 0.44455196527777774 0.004290253125000021 0.030508469444444505
8 0.35534022734375 0.33112584305555554 0.004290254687500017 0.022881352777777805
8 0.248941941796875 0.3921427791666667 0.006006355468749991 0.01983050555555555
8 0.51794083125 0.4043461673611112 0.006864404687499981 0.013728812500000014
8 0.559127264453125 0.3849515069444444 0.00858050703125004 0.013728811111111128
9 0.59044611484375 0.31336555 0.018019065624999976 0.009152541666666675
9 0.2579514734375 0.3820096041666667 0.010296607812500014 0.012203386111111077
9 0.5977395582031251 0.38506045138888884 0.01544491171875002 0.006101694444444424
8 0.602029798828125 0.3659926583333334 0.010296608593749923 0.0167796583333333
8 0.4587353343749999 0.3232808020833333 0.005148304687500005 0.019830504166666665
0 0.556445869140625 0.41262704027777775 0.007722457031249963 0.0167796583333333
2 0.43998499648437506 0.4720708854166667 0.16560378203125006 0.25932198472222223
8 0.5707004984374999 0.2969583041666667 0.00779645468750001 0.02772072777777781
8 0.55627705703125 0.32329299652777777 0.007016809375000044 0.01663243750000001
