8 0.6742286753906249 0.2718959409971613 0.018416728906249968 0.04595170143876707
8 0.6875430641534015 0.2723968547137315 0.007202925181803011 0.04246848442746294
8 0.6620309311790296 0.2723968547137315 0.00597876420444079 0.04246848442746294
9 0.7209011742187499 0.2982556027777778 0.03658116250000001 0.044850463888888865
9 0.7934327890624999 0.38459275208333327 0.027751228124999992 0.033637848611111174
2 0.4672297390624999 0.4982886791666666 0.05297959375000003 0.11212616666666667
2 0.281221063671875 0.4391181006944445 0.28306926328125004 0.4636897486111111
9 0.5932455375 0.4563534993055556 0.023462409374999993 0.02018270972222227
2 0.597282075390625 0.5101740590277777 0.011352774218750028 0.020182709722222192
2 0.6193569136718751 0.5314780319444444 0.04541109609375003 0.06279065555555555
2 0.69920478359375 0.5386540986111111 0.12488051875000003 0.16146168333333333
2 0.4329249237666355 0.5243828906128906 0.013957816377171195 0.054555696551996706
2 0.531814416796875 0.5583883118055556 0.13875613046875 0.24667756527777776
