2 0.4563418 0.42537773958333336 0.03581960781250002 0.09424536805555558
2 0.406194350390625 0.44320794652777773 0.09313097890625 0.15537749861111114
2 0.5341419937499999 0.3965946888888889 0.014327843750000024 0.02801889444444446
2 0.6236910124999999 0.4156984875 0.024357332812499966 0.05094344166666668
2 0.6487647378906249 0.4271607611111111 0.05158023515624999 0.0738679888888889
2 0.721120346875 0.4322551090277778 0.12465223437499998 0.12990577638888887
2 0.82943884765625 0.47683061875 0.21348486249999993 0.19358507916666667
2 0.9559119722656251 0.5532457819444444 0.08817605546874993 0.1579246722222222
2 0.262199527734375 0.5848090934199626 0.30661584140625 0.43501373406214733
2 0.5122203890625 0.40423621388888886 0.03295403906249996 0.03820758055555555
2 0.5643737417968749 0.598842015041607 0.26506509765624997 0.38213399503722084
