2 0.49253564453125004 0.38953010486111106 0.01365783437500001 0.019424476388888855
2 0.515071071875 0.40288443333333335 0.042339287499999934 0.046133133333333375
2 0.46180551718749996 0.4077405520833333 0.01775518437499999 0.06070148749999996
2 0.45429370664062496 0.4283790569444444 0.035510369531249975 0.09712238055555554
2 0.40444261015625005 0.44537547430555546 0.09697062656250002 0.15053969027777778
2 0.263084020703125 0.5862029263888888 0.30320393046874994 0.4370507111111111
2 0.5458012007812499 0.3943862236111111 0.01365783437500001 0.043705072222222204
2 0.558776143359375 0.39560025416666666 0.015023617968750003 0.04127701111111111
2 0.602481215234375 0.39924234375000006 0.08604435859374995 0.048561190277777735
2 0.6209192921875 0.41259666874999995 0.030047235937500007 0.03642089027777781
2 0.5041448035156251 0.5728485986111111 0.009560483593749947 0.026708655555555558
2 0.64960074375 0.42716502847222226 0.05463133906249995 0.0558453708333334
2 0.7198028908196157 0.4368772659722222 0.11855175820173161 0.12383103472222222
2 0.8292012710937501 0.48908054444444454 0.20350173749999997 0.203957
2 0.95690202578125 0.5777047173611111 0.08467857500000005 0.17724834305555556
2 0.564239277734375 0.606715975724553 0.26086464453125 0.3663860736713284
