2 0.26615408476562497 0.45358041944444444 0.10350315078125001 0.10533876666666674
2 0.205845190625 0.417642075 0.06855464062499998 0.052472186111111166
4 0.368003283203125 0.4066403458333333 0.08701165703125002 0.06796870277777774
3 0.48548525546875004 0.3716310166666667 0.15514945156249996 0.15835466111111116
9 0.664973621037107 0.33953680412349274 0.023030397022332495 0.0372208436724566
9 0.9551584337873965 0.3141025609473141 0.024701714449793143 0.048387096774193554
9 0.606626166015625 0.2953122958333333 0.02373045234375004 0.018749986111111106
2 0.9682859445312498 0.4174741680555556 0.06150360781249997 0.1053387722222222
2 0.934386250390625 0.41015596944444443 0.08276057421875009 0.08906244166666666
9 0.61980975078125 0.2566404493055555 0.031640603124999965 0.016406237499999993
9 0.165284844140625 0.3433905263888889 0.017152200781250015 0.026334694444444452
9 0.6662070707031249 0.2989680534722222 0.024169010156249993 0.01247432638888889
2 0.16214328604951392 0.43755169246096176 0.013957816377171195 0.07940446650124065
