2 0.296894427734375 0.32218737847222223 0.017929680468750007 0.02812499027777776
2 0.3162866087419432 0.32311810065593477 0.025073431546386304 0.02126356257701928
2 0.359120968359375 0.32062488819444446 0.015820307031250015 0.018749993055555574
2 0.388124862890625 0.32538542221116923 0.023203116406249967 0.029999988888888947
2 0.4224198609343917 0.31780182523428085 0.017965009368783313 0.031893035201133874
2 0.4477146875000001 0.3190623826388889 0.02003905625 0.02437499305555555
2 0.4692060146634489 0.32919867046141765 0.029271721514397876 0.041602403521609134
9 0.41712876054687503 0.2784374041666667 0.015820307031250015 0.016874994444444427
9 0.4398045339843749 0.2784374013888889 0.027421864843749956 0.02062499166666664
2 0.13341792148437498 0.2959373861111111 0.26472646953125 0.5906247944444444
2 0.24797402656249998 0.32567414791666666 0.030088470312499994 0.03566040972222224
