8 0.330541290625 0.5027492138888888 0.0069587640625 0.026804130555555538
8 0.523067096875 0.5120275659722222 0.006958762500000049 0.024742270833333337
8 0.53060575703125 0.5130584923611111 0.005798970312500007 0.022680418055555564
8 0.337500056640625 0.5017182840277777 0.006958763281250002 0.024742270833333337
8 0.585695971484375 0.5927836020833334 0.006958763281249958 0.016494845833333393
9 0.5846521656249999 0.5521650472222223 0.010438146874999976 0.008247425000000023
9 0.5776934015624999 0.5655671090277778 0.015077323437500035 0.010309279166666683
9 0.23717787421874997 0.5263918444444444 0.015077320312499998 0.010309277777777718
9 0.243556742578125 0.5377320513888888 0.009278352343750029 0.012371136111111111
2 0.494362194921875 0.6108248430555556 0.010438146093749979 0.0164948472222222
2 0.501320958984375 0.6128866993055556 0.010438146093750067 0.020618559722222173
2 0.458408580859375 0.6128866979166667 0.01971649765625001 0.028865981944444504
2 0.4079575421875 0.5994846368055555 0.009278349999999946 0.01855670416666663
2 0.395199807421875 0.5994846368055555 0.016237114843750032 0.01855670416666663
2 0.39056063124999996 0.6108248430555555 0.013917528125 0.020618558333333366
2 0.34793820039062495 0.6164949472222222 0.023195880468749985 0.030927841666666626
3 0.3641753171875 0.5907217444444445 0.037113407812500034 0.07010310277777781
2 0.56250009296875 0.6443300020833334 0.020876292187500044 0.05360825694444442
2 0.57989700390625 0.6371135083333334 0.03479382031249996 0.07216496388888889
2 0.6042526765625 0.6422681486111111 0.05335052343750002 0.07835053055555553
2 0.6529640238281249 0.6484537166666666 0.08118558046874993 0.10309280000000005
2 0.27603097343750005 0.6309279395833334 0.037113407812499985 0.05154640138888888
2 0.23717787499999998 0.6340207229166667 0.054510320312500006 0.053608256944444495
2 0.74010804375 0.6602062944444445 0.14381445625000006 0.14845363333333333
2 0.88262631484375 0.6996779506944445 0.2307990078125001 0.20412374583333331
2 0.966711380859375 0.7491624958333334 0.06262887578125013 0.11340208055555563
2 0.46623719101562494 0.6273933263888889 0.02783505703125 0.037113408333333334
2 0.42007738515625004 0.5962887493055555 0.011597939062499929 0.012371134722222147
4 0.6651649390625 0.5821521590277778 0.08814434218749997 0.05154640138888888
