9 0.50824745625 0.44604486736111115 0.012304684375000008 0.031249995833333342
9 0.877388037890625 0.22026364444444446 0.042187494531249925 0.13593748333333333
9 0.86068881953125 0.06948241458333333 0.045703118750000014 0.11562498472222223
0 0.17250531171875 0.5593260993055555 0.017578123437499982 0.08906248750000004
0 0.597016978515625 0.5124511083333333 0.017578122656250007 0.08281248888888884
0 0.580757214453125 0.51557610625 0.011425780468750002 0.06093749027777772
0 0.566694716796875 0.5062011083333333 0.009667966406250006 0.02968749722222215
0 0.6712845480468751 0.49604486111111107 0.013183592968750001 0.05624999444444438
0 0.6185501792968751 0.5007323590277778 0.011425780468750002 0.05312499305555549
0 0.682270875 0.49526360902777783 0.015820309375000008 0.05156249583333326
2 0.18041546757812502 0.5562011013888889 0.03515624609374999 0.06093749166666669
2 0.139985785546875 0.5608886013888889 0.04921874453125001 0.09531248611111115
2 0.094722118359375 0.5765136006944445 0.07294921015625 0.13593748472222225
2 0.5429642515624999 0.5569823534722222 0.06943358750000002 0.14999998472222217
2 0.033638143359375004 0.5882323472222222 0.06679686796875 0.4218749472222223
2 0.8180323722656251 0.57573235 0.36292923515625 0.731249911111111
2 0.3642972078125 0.6056783881944445 0.339638484375 0.5192670208333334
3 0.035686313671875 0.47484342361111104 0.07137262734375 0.30468729166666664
