2 0.33543229765625 0.5824349277777778 0.007020421874999983 0.016640997222222214
2 0.34011257734375 0.5969958006944445 0.011700703124999956 0.012480748611111083
2 0.34947313828125 0.5980358631944445 0.01638098281249998 0.02704162083333333
2 0.352983348828125 0.6032361743055555 0.009360561718749993 0.02496149583333336
2 0.36409901484375 0.6032361743055555 0.015210912499999996 0.02496149583333336
2 0.367024190234375 0.6094765486111111 0.014040841406250015 0.02080125
2 0.374629646875 0.6084364874999999 0.015210910937499999 0.03120187222222223
2 0.38633035078125 0.6073964243055555 0.022231332812500025 0.04160249583333334
2 0.402126297265625 0.6105166097222222 0.028081686718749978 0.03952236666666664
2 0.44483385742187503 0.6281976708333333 0.04095245546874997 0.05408324166666666
6 0.412071893359375 0.6209172354166667 0.03627217421874995 0.03536212083333336
0 0.43547329687499997 0.6042762368055555 0.008190490625000013 0.03120187361111104
0 0.48929652343749996 0.5938756145833334 0.015210910937499999 0.0270416236111111
2 0.479935961328125 0.6388096925921926 0.06903413828125 0.07030143981561471
2 0.329581945703125 0.5938756131944445 0.009360560156250041 0.01456087361111113
2 0.321976490234375 0.5990759256944445 0.015210911718749998 0.0166409986111111
2 0.306765576171875 0.6011560520833333 0.010530630468749979 0.012480751388888853
2 0.297990051171875 0.6021961118055555 0.011700702343750003 0.022881370833333314
2 0.286874386328125 0.607396425 0.012870772656249984 0.024961497222222167
2 0.275758716015625 0.6084364875 0.018721122656249988 0.027041622222222214
2 0.25820766367187503 0.6136367986111111 0.02106126328125 0.037442244444444446
2 0.24065661289062498 0.6167569854166667 0.028081683593749983 0.03952237361111115
2 0.214330034375 0.626117545138889 0.03393203593749998 0.054083243055555626
2 0.185078280078125 0.6323579201388889 0.04329259609375 0.07072424305555552
2 0.121309455859375 0.6458787319444445 0.09594575234375 0.10608636111111112
6 0.03666829140625 0.6812408520833333 0.0733365828125 0.10608635972222215
2 0.982481098828125 0.8206092111111111 0.03276196484375014 0.1560093583333333
2 0.33016698046875004 0.5928355513888889 0.008190490625000013 0.016640997222222214
2 0.3161265656410725 0.6058841975370721 0.014185808435878532 0.019285282056619165
