2 0.4878676171875 0.4009476013888889 0.00959714999999992 0.017061597222222245
2 0.477670644921875 0.40734570277777776 0.010796794531250065 0.017061600000000017
2 0.46747367265625 0.41130197059669327 0.00959715000000001 0.020708738415608805
2 0.45907616718750005 0.415688648832329 0.00959715000000001 0.020951297664657965
2 0.451878303515625 0.4180092013888889 0.007197863281249983 0.017061600000000017
2 0.44108151054687494 0.41907555208333336 0.014395725781249969 0.019194301388888845
2 0.40146638261411327 0.43729252662679385 0.014341957415726548 0.030035853253587576
2 0.39074296090742394 0.43757856467928635 0.014488699939847915 0.03487332658079486
2 0.37035416902131457 0.43753508518139844 0.029909020748665194 0.04397620129689099
2 0.34478821851907093 0.44786700208333335 0.03598931328125001 0.04265400138888885
4 0.411690238671875 0.4116111006944444 0.056383255468750046 0.05545019861111113
2 0.285127823828125 0.44680065208333336 0.03359002578124999 0.04052130138888883
2 0.25573655 0.45213240138888894 0.03958824375000001 0.051184799999999975
2 0.21314919726562503 0.4691940013888889 0.05998218671875002 0.06824640000000007
2 0.09757727031249999 0.5310423013888889 0.19515454062499998 0.2218008
2 0.543651051953125 0.38921775208333337 0.010796794531249976 0.019194301388888845
2 0.5670441046875 0.38068695069444447 0.011996437500000035 0.027725098611111162
4 0.553248201953125 0.38601870069444444 0.015595367968750029 0.038388598611111116
2 0.5778408984375 0.39241680208333335 0.00959715000000001 0.02559240138888883
2 0.5844389390625 0.40201395277777774 0.008397506249999954 0.01919429999999996
2 0.59103697890625 0.40310068675818467 0.011996437500000035 0.029898573516369473
2 0.60003430859375 0.40841205138888886 0.013196081250000002 0.023459700000000003
2 0.6120307453124999 0.3988149006944444 0.013196081250000002 0.04265400138888885
2 0.62162789609375 0.40308030138888895 0.010796793749999978 0.04691940000000001
2 0.6336243332031251 0.40308030208333334 0.01559536796874994 0.05545019861111113
2 0.6468204140625 0.4052130027777778 0.017994656250000053 0.05971559999999998
2 0.66481507109375 0.40734570138888887 0.020393943749999987 0.08957339999999997
2 0.700804383203125 0.4062793520833334 0.05398396796874998 0.09597149861111115
2 0.75298888671875 0.4197298114882241 0.07677720156249998 0.09892838257910729
2 0.8471609210937501 0.4244073027777778 0.16675048125000008 0.13222740000000002
2 0.9556709308593749 0.4372035020833333 0.08865813828124995 0.19194299861111117
