2 0.544851553125 0.4369736881944445 0.010990954687500044 0.014210526388888903
2 0.532861420703125 0.43608552916666665 0.014987664843750003 0.02309210555555552
2 0.584818659375 0.4343092125 0.010990954687499953 0.015986841666666703
2 0.605933926257734 0.4223128507736329 0.02253978930080134 0.04824843786838207
2 0.614734810413655 0.4299481619206659 0.028857797389809915 0.04279105717466515
2 0.626599764453125 0.4378618430555556 0.028607442968749997 0.04085526388888883
2 0.521370878125 0.4405263194444444 0.01398848749999999 0.021315788888888913
2 0.510379924609375 0.44674342499999997 0.03597039453124999 0.033750000000000016
2 0.715880407421875 0.44940789722222224 0.09526083203124998 0.11723684166666667
2 0.328030005859375 0.4964802652777777 0.15087582265625002 0.1758552638888889
2 0.42744818085937497 0.47516447500000003 0.05995065859374997 0.07638157777777776
2 0.88682990546875 0.4716118458333333 0.22533416874999998 0.26822368611111114
9 0.746185846875 0.3250657909722222 0.02597861874999996 0.014210526388888903
9 0.77616117578125 0.31707236944444445 0.02398026249999994 0.015986844444444436
