9 0.616137275 0.5288016326388889 0.03247423281249997 0.03711340694444445
9 0.59729391328125 0.5752578270833333 0.013917526562500004 0.016494848611111085
9 0.25631447500000004 0.5226805 0.030154643750000033 0.030927836111111082
9 0.5114691578125 0.5546392673611111 0.009278353124999939 0.02474227361111111
9 0.5126289515625 0.5587629777777778 0.013917528125 0.02886598333333331
9 0.56134029765625 0.5639176159722222 0.013917526562499916 0.01443299027777777
2 0.572358341796875 0.5907217451388889 0.012757733593750053 0.016494848611111165
2 0.59903360390625 0.58969081875 0.010438145312500069 0.022680415277777793
2 0.536984623828125 0.5886598909722223 0.013917528906249999 0.02061855972222225
2 0.5543815343749999 0.5907217472222223 0.013917526562500004 0.020618558333333366
2 0.583956281640625 0.5927836020833334 0.02203608359375 0.028865981944444424
9 0.707474344140625 0.5783506125 0.013917528906249999 0.012371136111111111
9 0.6471650546875001 0.5742269 0.009278353125000027 0.012371138888888883
9 0.6912372273437499 0.5742269 0.009278351562500032 0.012371138888888883
2 0.2764496056970124 0.5909137737067395 0.06100281359132174 0.050746201979484734
2 0.5016109082031249 0.582989788888889 0.026675261718750055 0.026804130555555538
2 0.3929588229990359 0.614003052039984 0.11213304987518949 0.15068633741330117
9 0.38860925837393073 0.5013340247138842 0.02593882856463865 0.05815686446112041
2 0.6299279393646396 0.6085545411155686 0.04201467679569806 0.05303804513047644
2 0.692220044213188 0.6085417660331062 0.04658895386583524 0.0530635952954013
2 0.770690303952635 0.604677605802943 0.044072172656249894 0.03505155138888891
2 0.8365014269531251 0.6118557722222222 0.03711340546875004 0.030927844444444474
