2 0.9789708882812501 0.65211910625 0.03978238593750003 0.3099385875000001
2 0.752562311328125 0.48050881527777783 0.10647638671874997 0.10400623611111107
2 0.575881715625 0.4565873784722222 0.062013718750000016 0.08528510972222224
2 0.39737117843428915 0.44116784899885836 0.042122525781250045 0.052003118055555575
2 0.040574614453125005 0.3921035125 0.07722463046875 0.04368262222222228
2 0.20613954375 0.4087445111111111 0.036272176562500015 0.027041619444444442
2 0.2330511578125 0.40978457222222225 0.019891192187500017 0.02080124722222223
2 0.26901008099826573 0.4108683110565102 0.030407559398928495 0.022702632934937364
2 0.3133030029524828 0.4166793553476061 0.019891192187500017 0.01279786163280671
2 0.424357628125 0.4387383928936501 0.018721120312499995 0.028785891342855606
2 0.618004241796875 0.4482668805555556 0.04095245546874997 0.0686441138888889
2 0.540194575390625 0.44930694375 0.032761964843749956 0.049922993055555524
2 0.516793171875 0.44410663194444444 0.01872112187499999 0.027041622222222214
2 0.497487015625 0.4438238231337569 0.019891192187500017 0.028918934543008215
2 0.48403120742187494 0.44098644583333324 0.016380982031250026 0.016640999999999986
2 0.472330505859375 0.44306656944444445 0.009360561718749948 0.02080124722222223
2 0.46414001484374995 0.44306656944444445 0.014040842187500058 0.02080124722222223
2 0.45302434843749995 0.44202650972222224 0.015210912499999996 0.014560872222222167
2 0.43956854140625 0.4399463833333333 0.00936056093750004 0.0228813722222222
2 0.355908524609375 0.41706501041666666 0.019891192968750016 0.01456087361111113
9 0.263472982421875 0.3557013305555556 0.008190492968749963 0.02080124722222223
9 0.3589457141275499 0.39303604511054246 0.01615695299490021 0.020586184665529413
9 0.412071891796875 0.4025041368055555 0.019891191406249932 0.018721120833333296
9 0.44911802226562497 0.4069244013888889 0.02845952265624998 0.015080905555555546
9 0.7566575562500001 0.3851697659722222 0.011700701562500004 0.018721120833333296
9 0.211080657421875 0.3638138208333333 0.014040841406249971 0.022881372222222238
2 0.33610265429687497 0.4191451361111111 0.02340140390624996 0.01248074999999997
