9 0.8514764449218749 0.6282873666666666 0.026582266406249923 0.06413499722222227
9 0.679641071875 0.578498354861111 0.017088601562500028 0.03206749861111109
3 0.578070940234375 0.6604955118055555 0.033452375781249974 0.059071706944444455
2 0.607138896875 0.6537444611111111 0.039873401562499924 0.08607591388888886
2 0.6280249644531251 0.6571199868055556 0.03987340078125001 0.08607591527777775
2 0.29099978515625 0.6539267902664847 0.07025313749999999 0.07968952219963599
9 0.554923728515625 0.6748414986111112 0.013291133593750004 0.01012657777777777
2 0.680714816796875 0.6596516319444444 0.09588603671875004 0.11476788611111112
2 0.38498708828125 0.6638710402777779 0.04367087031250003 0.0388185527777778
2 0.192740331640625 0.652900579861111 0.13196197421875003 0.1147678875
9 0.102523381640625 0.45877805694444446 0.02105042734375 0.044353166666666666
