9 0.10540726875000002 0.4840330888888889 0.02212748281250001 0.048278144444444455
9 0.107418858203125 0.4366489854166667 0.018104303906250008 0.03576158749999997
8 0.5047077507812501 0.4491655409722223 0.006034768750000019 0.025033112500000006
8 0.45140063359375004 0.5019138840277778 0.008046357812500026 0.01966887083333333
2 0.34624085757225964 0.5619564691810618 0.03710593389451926 0.02540507414724497
2 0.31760006111292916 0.565013826615864 0.022067719100858342 0.02070320045395001
2 0.3028297486360434 0.5646165595403372 0.03412443449780489 0.027149099310239757
2 0.26580718724166436 0.5710184016151775 0.04061808854428439 0.02564814457103171
2 0.2284868196423555 0.574197294261873 0.04214429286890638 0.029180247511804442
2 0.18788243124999998 0.5768573853155926 0.05230132187500001 0.040814159520074215
2 0.13662921884339624 0.5841312378885972 0.04386789044350954 0.037569183784537885
2 0.11424940341994683 0.5870213665473888 0.05404117499382288 0.03885313234850006
2 0.075736325390625 0.5841655354166666 0.05129552890625 0.04470198472222222
2 0.045663072265625 0.6369138777777777 0.09132614453125 0.18596025833333335
2 0.47216422055575047 0.5573427069673325 0.017554075983542194 0.0289812338694672
2 0.53035551484375 0.5377749783489465 0.013075331249999956 0.021456952777777774
2 0.5595235605468749 0.5430397104166667 0.045260760156250066 0.06615894027777777
2 0.5014510512737378 0.5545945044340472 0.0438754599932369 0.051431733051746975
2 0.44553501433079495 0.5642413215499795 0.033436578599257506 0.039202304701427694
2 0.6185027385874572 0.5388215764124633 0.02788186813758564 0.043418036158260044
3 0.614200125536191 0.5235013668950144 0.02642915049011796 0.050040155195903366
2 0.83259681171875 0.5233708347222222 0.07040562656249998 0.08046356944444442
2 0.9360033199218749 0.5332052743055555 0.12634944453124994 0.17165562361111109
2 0.729502858203125 0.6351257986111111 0.22429221015624998 0.3325827694444443
9 0.519291773046875 0.4885032881944445 0.013075330468750045 0.010728476388888847
9 0.6973174285156251 0.40535759513888886 0.02313327734374999 0.06973509583333334
1 0.41429333437500004 0.5476253854166667 0.009748078124999981 0.020795901388888892
7 0.41429333437500004 0.5597563277777777 0.009748078124999981 0.02079590000000001
2 0.2821426157054372 0.5658287489027525 0.03258364962862852 0.0289632441143365
2 0.2986331213101699 0.567948010667216 0.02503377959272677 0.024724720585409206
