9 0.6336250999999999 0.20102704027777776 0.05263962343749995 0.07625163611111109
9 0.72379482578125 0.2547497840277778 0.039967121875 0.0311938513888889
9 0.01315990625 0.4055200638888889 0.014622118750000001 0.041591802777777784
9 0.546379798046875 0.4115855361111111 0.012672502343750036 0.015596924999999985
9 0.590246151171875 0.42804895625 0.014622116406250019 0.010397951388888929
9 0.570262589453125 0.4349809229166667 0.007798461718750005 0.013863931944444453
9 0.00341182734375 0.36219527083333336 0.0068236546875 0.013863933333333339
9 0.01169769375 0.3751927090277778 0.0233953875 0.015596926388888871
9 0.016571733203125 0.34833133680555556 0.01754654140625 0.013863934722222224
8 0.46888257343749995 0.1767651548611111 0.021445773437500027 0.06238770138888887
8 0.748652425390625 0.32666894027777776 0.01949615703125005 0.029460858333333326
8 0.51908517890625 0.40465356736111113 0.002924423437499968 0.015596926388888871
2 0.4797592234373436 0.48316794902511334 0.018947323117795456 0.049793847482418996
2 0.45767228437499996 0.4878371708333334 0.039967123437499995 0.07105266111111111
2 0.40893189101562494 0.5034340951388889 0.08480828203124995 0.11264446250000001
2 0.49617719375 0.4765727256944444 0.00974807812500007 0.031193851388888857
2 0.5082655474079351 0.4747432106567148 0.016765223934130002 0.041398760202318544
2 0.22956724765624997 0.6143455659722222 0.3090140875 0.32406945138888893
2 0.5332933365079808 0.48866643991664427 0.050836898015961654 0.06939412294448934
8 0.416242949609375 0.4159180145833334 0.009748078906250068 0.020795901388888892
0 0.607792691796875 0.46184229583333336 0.010722886718750057 0.036392827777777845
8 0.485996366015625 0.17132800972222223 0.01713866015624994 0.06796870277777779
2 0.5604867939233997 0.4792139424612971 0.012678631481700809 0.023441380872833484
