2 0.057911369140625 0.5321275833333333 0.11582273828125 0.12489446388888889
2 0.9678115597656249 0.5641950819444445 0.06075946953124998 0.23966235
3 0.8149635203125 0.47474363750000004 0.19936700625000006 0.19578051111111114
2 0.281012544140625 0.48149469305555553 0.07215186953124997 0.07426157222222227
2 0.32563278046875 0.47305587708333335 0.03987340156250001 0.06751052083333332
2 0.356961881640625 0.4787219291666667 0.028481000781250022 0.04894512777777772
2 0.373575798046875 0.47703416736111115 0.01613923359374998 0.04219407638888886
2 0.38354415 0.46859535138888886 0.030379734375000033 0.04219407777777783
2 0.4257909664062501 0.4605905458333333 0.027531634375000013 0.038818550000000035
2 0.4485757671875 0.45789011458333334 0.018037967187499948 0.028691970833333375
2 0.464240317578125 0.45789011458333334 0.013291133593750004 0.021940918055555553
2 0.47420866874999995 0.4536707069444445 0.012341765625 0.02025315555555562
2 0.70205667578125 0.4747677465277778 0.05791136718750005 0.08945144027777777
2 0.66977820859375 0.4688605763888889 0.05221516718750001 0.07763709999999999
2 0.642246575390625 0.4663289298611111 0.033227833593749964 0.06244723194444449
2 0.6232592406249999 0.46210952361111113 0.025632898437500006 0.0506328916666667
2 0.61044279140625 0.45957787708333336 0.013291135937499999 0.038818548611111066
2 0.59715165625 0.4587339965277778 0.01708860000000003 0.030379734722222274
2 0.58575925703125 0.45113906388888886 0.015189867187500017 0.02869197222222218
2 0.572942806640625 0.44691965625 0.012341767968749995 0.02700420972222225
2 0.56202508828125 0.44523189305555555 0.01139240000000008 0.023628683333333338
2 0.49177195312500005 0.45282682499999993 0.018987332812500046 0.02194091944444452
2 0.531170669921875 0.4494512986111111 0.014240500781250009 0.02194091944444444
2 0.506487135546875 0.4511390611111111 0.010443032031249988 0.018565391666666722
2 0.544936488671875 0.44838237291666666 0.011392400781249989 0.01687762638888886
9 0.765980712109375 0.3513360006944445 0.018037967968749947 0.021940920833333363
8 0.5537811796287496 0.4104077104166666 0.00889288449250083 0.018565395833333376
8 0.49414536953125 0.415471 0.006645567187499956 0.015189866666666616
9 0.594908775390625 0.4135019444444445 0.006645566406250048 0.023628683333333338
