2 0.192713026171875 0.4225128166666667 0.07172941328125 0.06630985833333337
2 0.46767578046875 0.5211274770833334 0.269702596875 0.37575586527777777
2 0.811976968359375 0.5058252041666667 0.37490573828124996 0.38935788888888884
2 0.6446083351562499 0.3740556104166667 0.07459859062499996 0.05780859583333328
8 0.38925162109375 0.11646731458333333 0.01338949062500001 0.06290935416666667
8 0.568096960546875 0.24143589375 0.011476707031249945 0.023803540277777795
8 0.55375107734375 0.24653665277777778 0.013389490624999922 0.03740556111111112
8 0.569531548828125 0.30264499375000004 0.01052031484375 0.01700252638888888
8 0.325651541015625 0.2533376652777778 0.012433099218750021 0.027204044444444422
8 0.8201063015625 0.05525821527777778 0.02964815781250003 0.11051643055555556
8 0.8631439499999999 0.03995594027777778 0.027735373437499967 0.076511375
2 0.355299698046875 0.39445864305555556 0.02773537265624997 0.03740556111111112
9 0.32804252109375 0.3528024513888889 0.017215059375000008 0.03230480277777777
9 0.329955305078125 0.40125965694444443 0.01338949140625001 0.027204044444444422
8 0.8717514789062498 0.17002527847222224 0.027735373437499967 0.057808595833333344
8 0.8320612046874999 0.19127843819444448 0.021040628125000006 0.05270783472222224
2 0.9831711703124999 0.35535283125 0.03251733437500004 0.07141061805555557
2 0.5547074695312499 0.3672545993055555 0.024866196875000045 0.017002526388888918
2 0.5733571171875 0.36470422152777776 0.018171451562499996 0.018702781944444444
2 0.59152856875 0.36300396944444446 0.018171451562499996 0.0187027805555556
8 0.39881554296875 0.32304802986111114 0.005738353124999973 0.020403034722222203
2 0.9633738691406251 0.33409967152777775 0.05068878515624995 0.028904298611111105
