2 0.49541115468749997 0.5287786145833334 0.009563921875000058 0.015302276388888853
2 0.490150996875 0.5287786145833334 0.00860752812500003 0.015302276388888853
2 0.48536903671875004 0.5347294993055556 0.010520315624999999 0.027204045833333308
2 0.48106527148437495 0.5347294993055556 0.011476707031250033 0.03060454861111113
2 0.473414133203125 0.5372798784722222 0.021040628906250004 0.03910581527777776
2 0.45332989765625004 0.5440808909722221 0.034430118750000016 0.04930733194444446
2 0.45667727031250005 0.5517320277777777 0.01817145 0.0510075861111111
2 0.5159735863281251 0.5296287409722222 0.006694746093749959 0.013602023611111097
2 0.5193209585937499 0.530478867361111 0.005738353125000017 0.015302276388888853
2 0.52266833125 0.5321791201388889 0.008607529687499938 0.018702781944444444
2 0.5298412734375 0.5364297520833333 0.011476706250000034 0.027204045833333308
2 0.5365360171875 0.5381300048611111 0.013389489062500015 0.03400505694444441
2 0.54275256796875 0.5415305104166667 0.010520315624999999 0.04080606805555552
2 0.5561420578125 0.5423806368055556 0.029648157812499944 0.04250632083333328
2 0.58770300078125 0.5559826597222222 0.05260157187500001 0.07651137777777776
2 0.6082654324218749 0.5789360715277778 0.04016847265624994 0.08841314583333333
2 0.34047561914062496 0.58488695625 0.09755200390624999 0.17512603749999994
2 0.22331757617187503 0.6238227604166667 0.23622887109375004 0.27034019305555557
2 0.43372385781249995 0.5549625229166667 0.04303764843750004 0.05780859583333332
2 0.50688786015625 0.5269083534722222 0.00956392187499997 0.015302279166666703
2 0.65895421796875 0.5889675777777778 0.09946478593750001 0.12921921111111118
2 0.857883793359375 0.6426955513888889 0.28404848046875 0.36555434722222224
0 0.40790126875000005 0.5440808895833332 0.010520314062500003 0.05440809027777781
0 0.38399146328124995 0.5347294993055556 0.014345882812499999 0.056108343055555565
0 0.39594636640625 0.5381300055555556 0.01338949062500001 0.059508850000000044
9 0.07985874765625 0.18753788055555556 0.043037648437500006 0.04930733055555558
9 0.5987015101562501 0.49698389375000007 0.007651137499999993 0.01190177083333334
