9 0.291393971875 0.40820168472222224 0.011005437499999982 0.024901191666666656
9 0.6870894773437499 0.44555347291666675 0.014006920312499994 0.028458506944444413
9 0.65107168125 0.44021750277777777 0.00800395468749997 0.02134387777777778
9 0.515004452734375 0.4233202652777778 0.008003953906249972 0.016007908333333393
8 0.49649530859375 0.4224309368055556 0.00900445000000003 0.021343879166666666
8 0.49449431992187504 0.4464428006944445 0.009004449218750033 0.012450595833333406
8 0.5765348546875 0.4170949673611111 0.009004449999999942 0.01778656527777779
8 0.53501433984375 0.40998034097222225 0.010004943749999917 0.017786565277777715
2 0.5551076109374999 0.46778667847222216 0.009004448437499946 0.014229251388888918
2 0.54810415078125 0.46867600763888884 0.009004448437499946 0.0160079097222222
2 0.54260143203125 0.46867600763888884 0.010004943750000005 0.0160079097222222
2 0.53746556328125 0.47063254097222224 0.00800395468749997 0.014229251388888918
2 0.5289613609374999 0.4733005256944444 0.015007414062500057 0.0160079097222222
2 0.600496705859375 0.4492886625 0.010004942968750008 0.014229252777777803
2 0.590491762109375 0.44662067708333336 0.012005932031249954 0.01600790972222228
2 0.580987066796875 0.4457313486111111 0.009004449218750033 0.01067193888888885
2 0.58098706640625 0.45462463124999997 0.013006426562500017 0.014229251388888918
2 0.568981134375 0.45729261597222226 0.015007414062499969 0.019565220833333383
2 0.58699003203125 0.48486179375 0.019009392187499953 0.032015818055555596
2 0.607500166015625 0.4590712736111111 0.012005932031249954 0.023122536111111144
2 0.61900585 0.4644072430555556 0.015007414062499969 0.01956522222222219
2 0.623007828515625 0.4777471673611111 0.01900939296875004 0.02845850416666672
2 0.596994975390625 0.46618589930555554 0.013006425781249931 0.023122534722222178
2 0.59199250390625 0.4466206777777778 0.013006426562500017 0.01956522222222219
2 0.568981134375 0.4966980802508058 0.029014335937500045 0.04035906449838838
2 0.63001128828125 0.4813044798611111 0.013006426562500017 0.03201581805555552
2 0.6360142539062499 0.4884191069444444 0.011005437499999982 0.03913044444444446
2 0.6455189499999999 0.4901977631944444 0.02201087500000005 0.04268775694444445
2 0.65752488203125 0.49464440486111116 0.020009885937500017 0.04446641527777781
2 0.6920419363281249 0.4670752277777778 0.05302619921875005 0.02134387777777778
2 0.6985451496093751 0.53555350625 0.11005437578124999 0.12984192916666662
2 0.7450681351562499 0.5035376881944444 0.025012357812499976 0.040909101388888855
2 0.778584695703125 0.5177669402777778 0.06203064921874999 0.11916999166666666
2 0.851954289453125 0.5290910576388889 0.14580537734374993 0.16411070694444446
2 0.932046809375 0.5715416645833334 0.13590638125000004 0.2098814763888889
2 0.48523974765624994 0.4821938090277778 0.01600790937500003 0.030237162500000005
2 0.4762352984375 0.48664045 0.020009885937500017 0.032015816666666634
2 0.4222086046875 0.5382214909722223 0.07603756874999998 0.11739133472222218
2 0.2766366808593751 0.5685772277777777 0.2391181445312501 0.2667984861111111
2 0.033416510546875 0.6805140173611111 0.06603262578124999 0.49090921527777776
