8 0.26444227851562496 0.4535421506944444 0.02247520234375 0.07736145416666665
8 0.3457355640625 0.24568637777777774 0.024387985937500023 0.07651132777777778
8 0.28213552304687506 0.46586897638888886 0.010042111718750002 0.035705286111111116
8 0.251530991796875 0.46714416527777775 0.01099850390624999 0.029754405555555585
9 0.26348588671875 0.4016844729166667 0.015780460937499984 0.024653648611111124
9 0.343105487890625 0.1951038875 0.01530226640625001 0.026353899999999993
9 0.259182125390625 0.5840364729166667 0.025344377343750012 0.05270780416666664
2 0.18656211250000002 0.6228872347222223 0.12528730000000002 0.1487720277777778
2 0.2921093234375 0.5751708847222221 0.015302265624999967 0.020403019444444462
2 0.355948463671875 0.5721954451388889 0.02247520234375 0.02635390416666665
9 0.7391199671875001 0.4263381361111111 0.05594890781249999 0.08076195833333329
9 0.9691321484375 0.4577927944444445 0.027257160937500125 0.06715994444444447
2 0.006760491406250001 0.6250125493055555 0.0133894828125 0.0629093152777778
