2 0.3706171578125 0.5013749597222221 0.07171874374999998 0.12299998888888893
2 0.8937421160156249 0.5163749583333334 0.0928124929687499 0.08399999166666663
2 0.801351498046875 0.5471249569444445 0.08690624296875002 0.13049999166666665
2 0.668249946484375 0.5392499569444443 0.20503123359375 0.2759999777777778
2 0.557465590625 0.4994999611111111 0.021093748437500004 0.09299999444444451
0 0.9395999558593751 0.4922999569444444 0.030374997656250003 0.05399999722222222
2 0.139334751953125 0.5996999520833334 0.27674997734374995 0.6089999513888888
8 0.40753121757812505 0.30174997708333334 0.006749999218749992 0.03149999861111112
8 0.22654685703124997 0.42049997013888885 0.017718748437500008 0.020999998611111122
9 0.23203123124999997 0.3694999743055555 0.015187498437500002 0.014999998611111131
8 0.687571840625 0.29099997638888886 0.010968748437499976 0.041999997222222245
8 0.6773624355468749 0.29099997638888886 0.008437499218749967 0.03899999722222221
8 0.8963436874999999 0.2649999631944444 0.015187498437500047 0.04799999583333335
9 0.981196816796875 0.2812499770833333 0.02109374765624992 0.019499998611111104
9 0.9862593171875 0.25874997916666664 0.026156248437499842 0.028499997222222205
8 0.01054687421875 0.28017854722222224 0.019406248437500002 0.04349999722222222
2 0.88856243203125 0.6706796354166666 0.2197499937499999 0.4393593263888888
3 0.38924997734375 0.45924997152777775 0.040499996875000034 0.06149999583333338
2 0.47899684687500005 0.5377148620958937 0.19153123437500003 0.3525701619193237
2 0.7194502629816976 0.4919662288900126 0.08418211628233933 0.1216838067134126
