8 0.332738977734375 0.2863375770833333 0.010926267968750025 0.05098924861111109
8 0.31908114414062505 0.2851235458333333 0.01912096953125002 0.058273427777777796
9 0.7534002890625 0.40357817847222227 0.016389401562499996 0.01699641805555553
9 0.753400288671875 0.42178862361111114 0.01365783515625001 0.014568355555555555
9 0.743156912890625 0.4436411597222222 0.028681452343750014 0.024280594444444463
8 0.54989855078125 0.3328175798611111 0.01365783437500001 0.046133131944444454
8 0.5376065000000001 0.33160355208333336 0.010926267187500028 0.0388489513888889
2 0.356640189453125 0.5461399423611111 0.020486752343750015 0.050989248611111135
2 0.3682493484375 0.5849888958333334 0.03277880312499999 0.11411879722222219
2 0.340933679296875 0.5607082999999999 0.02185253515625001 0.05584536944444444
2 0.327958736328125 0.5643503895833334 0.02594988671874998 0.06312954861111114
0 0.696037383203125 0.5582802409722222 0.010926267968750025 0.05584536805555555
4 0.15817478828125 0.4550877118055555 0.3163495765625 0.8546769458333333
3 0.8612971835937501 0.5284093298611111 0.2758882625 0.8488611708333335
2 0.53487493125 0.6371921770833333 0.3578352703125 0.5438853319444444
