2 0.017272878677024494 0.6360211955098567 0.03421690110404899 0.200554821419644
2 0.07254238956825218 0.5966599688760947 0.14508477913650436 0.18930875666714067
2 0.13324792143721587 0.47863033242171676 0.2661669866244317 0.36935387960101074
2 0.247708787890625 0.5112993548611111 0.10284451640625 0.1296850736111111
2 0.2788013171875 0.5166143152777778 0.10762798281250001 0.09779530277777779
2 0.282388915234375 0.4857875361111111 0.16742130546874998 0.1254331055555555
2 0.34437858058737075 0.47960538241195333 0.10723719867474149 0.0854794348786785
2 0.40974869453125 0.4857875361111111 0.022721462500000022 0.040393711111111154
2 0.453397821484375 0.5166143159722222 0.08371065390624999 0.12755909027777773
2 0.500982758407773 0.4808501057440378 0.018412359590468073 0.028195478676895095
2 0.5276370496916434 0.47920627045790937 0.02133458186671309 0.031483149249151965
2 0.5597843625263886 0.5010911764433139 0.05491870942777739 0.07100099177551679
2 0.540098141015625 0.4857875361111111 0.02272146328125002 0.040393711111111154
2 0.626200526953125 0.5017324215277777 0.05620572421874996 0.06803151527777784
2 0.6531075214843749 0.4836615520833334 0.019133863281250017 0.040393712499999956
2 0.7780683349255204 0.521179076002908 0.14671229928696264 0.15794845478359384
2 0.900053948828125 0.5527560576388889 0.1973179679687501 0.24661424305555554
9 0.8229205605468749 0.3433465513888889 0.026309061718749936 0.027637802777777803
9 0.540696073828125 0.39968515069444444 0.026309061718749936 0.012755909722222233
8 0.48449035078125 0.3848032583333334 0.011958665625000009 0.021259849999999938
8 0.47970688359375 0.4347638993055556 0.009566931250000011 0.019133862500000022
8 0.57298446796875 0.44433083194444445 0.014350398437500012 0.017007877777777795
8 0.6160356625000001 0.4315749236111111 0.016742131250000014 0.021259850000000018
