8 0.06025858671874999 0.43471324513888887 0.008190485937499992 0.023921418055555598
8 0.192768933203125 0.4393935222222222 0.006435380468750007 0.01664098611111105
8 0.06932662265625 0.4612348145833333 0.014625865625000001 0.018721109722222216
8 0.18019068945312502 0.4586346597222222 0.008190485156250005 0.011440677777777748
8 0.4964019148437499 0.4295129368055555 0.008775520312499997 0.01352080138888891
8 0.46451752578125005 0.4393935201388889 0.005850346874999968 0.010400615277777723
9 0.0596735515625 0.41391201111111114 0.01872110781249999 0.011440677777777748
9 0.028666716406249997 0.42639274930555554 0.012870762499999997 0.030161784722222192
9 0.18165327578124998 0.43107302638888884 0.007605451562499988 0.008320491666666641
9 0.184870965625 0.44459382708333334 0.00936055468749999 0.006240370833333328
9 0.18662606875 0.41131185763888883 0.00936055468749999 0.008320493055555525
9 0.643910405078125 0.305225575 0.016380969531249966 0.03536209444444446
9 0.650930820703125 0.33434729930555557 0.015210900781250026 0.024961476388888886
9 0.631624676953125 0.35254837708333336 0.015210900781250026 0.053043143055555575
9 0.48829118828125007 0.36242896180555556 0.018721107812500026 0.02080123194444445
9 0.495604121484375 0.39415084097222225 0.012285727343749997 0.009360554166666665
9 0.45494421484374997 0.42951293541666663 0.011700692187500028 0.017681045833333305
9 0.49150887968750007 0.4149520722222222 0.007605450000000058 0.009360555555555549
0 0.977087635546875 0.5173981402777778 0.04036739140624999 0.16848997777777772
0 0.8852371964843752 0.5049174013888889 0.04153746015624993 0.18513096111111116
0 0.867393638671875 0.4882764145833333 0.03276193984375002 0.13936825416666668
0 0.6538559933593749 0.48359613819444447 0.014040830468749998 0.07592449583333334
0 0.625481812890625 0.4721554597222222 0.013455797656250023 0.06136363611111114
0 0.559665416015625 0.4768357395833333 0.015210900781250026 0.05616332638888887
0 0.48967400703125 0.4711154006944445 0.00819048437499994 0.044722648611111124
0 0.46949031171875 0.4731955222222223 0.007605449999999969 0.03432203333333332
0 0.462762412109375 0.4700753368055556 0.00585034609374997 0.021841295833333323
2 0.52828630234375 0.4679952138888889 0.026911593749999962 0.04888289444444441
2 0.43351069023437494 0.49347672152777783 0.03393200859375005 0.06864406527777776
2 0.27906154375000003 0.48307610763888886 0.008190485937500025 0.024961476388888886
2 0.2672655320134695 0.48363451082579656 0.02125188284806101 0.04271926887381533
2 0.1991900031654033 0.5037448890871655 0.031030027596620657 0.05219874775934438
2 0.161469579296875 0.5019930050801644 0.06786401953125001 0.09737420928411575
2 0.0762151773482245 0.5372743309087668 0.10700487413470498 0.10044441026332175
2 0.032469441015625 0.5210383569444444 0.032176905468749996 0.06552388055555561
2 0.05996607031250001 0.4851562305555556 0.026326559375000003 0.014560861111111083
3 0.34868066640624995 0.4035113958333333 0.15912942343750003 0.3796224805555555
