8 0.78328620078125 0.1410936451388889 0.015820301562499937 0.07499994583333332
8 0.539389883984375 0.3414841333333334 0.007910150781250014 0.025781233333333337
8 0.6349708722656249 0.34851537708333336 0.006591791406250014 0.02578123194444441
8 0.249351021484375 0.35671849791666665 0.015820302343750026 0.02812498194444445
8 0.766147541015625 0.14695301666666666 0.015820302343750026 0.06796870277777776
8 0.792514710546875 0.14226551875 0.013183585156250021 0.053906212500000016
8 0.857114275 0.3203903965277778 0.01582030156249985 0.03046872916666668
8 0.21045944531250002 0.0494530875 0.019775376562499992 0.098906175
8 0.18013720117187498 0.04828121319444444 0.030322244531250007 0.09656242638888889
9 0.269785576953125 0.2793748 0.009228508593750018 0.018749988888888916
9 0.2513285578125 0.2688279333333333 0.022412093749999994 0.021093736111111108
9 0.845908228125 0.25564185069444445 0.027685528125000046 0.019340923611111116
9 0.03973202460937499 0.3672653645833333 0.026367169531249995 0.06328120694444439
0 0.25132855859375003 0.45046843402777775 0.019775376562499992 0.09843743194444446
0 0.358774773828125 0.4996871486111111 0.047460905468749995 0.2671873166666667
0 0.9256689140625 0.45984342638888887 0.05009762031250009 0.22968734444444447
0 0.890732415625 0.4208512062057857 0.02241209375000004 0.10014043463379367
0 0.8353613597656249 0.42585907361111114 0.017138658593749946 0.08203119444444443
0 0.025230080859374997 0.43640594097222224 0.018457017968749996 0.04218747083333333
0 0.158384287109375 0.4211715777777778 0.00527343359375001 0.021093733333333375
0 0.225620568359375 0.4434371881944445 0.01845701796874999 0.0796874458333334
0 0.23946333281249998 0.4446090618055556 0.014501942187499983 0.07265619861111117
0 0.25792035078125003 0.4504684333333333 0.011865226562499975 0.08437494166666666
0 0.28099162499999997 0.4141403347222222 0.013183584374999979 0.025781233333333375
0 0.3186881567009532 0.4367347852303196 0.01450194531250002 0.06796870277777782
0 0.33899939687499997 0.44460906041666665 0.013183584374999979 0.09140618472222223
0 0.81097172890625 0.39539034722222227 0.010546868750000016 0.04921871666666667
0 0.8017432203125001 0.40828096180555556 0.015820301562500028 0.05624995972222224
0 0.8452490484375002 0.39187472569444437 0.015820301562500028 0.042187473611111095
0 0.85052248203125 0.4188278298611111 0.018457018750000033 0.11015617361111114
0 0.863046887890625 0.3942184736111111 0.01713866015624994 0.06562495555555559
0 0.8742529351562499 0.40007784166666666 0.015820301562500028 0.08203119166666666
0 0.9085302546874999 0.40828096180555556 0.013183584374999845 0.07031245138888885
0 0.9513769054687501 0.4059372125 0.019775376562500037 0.07968744444444442
0 0.971152283203125 0.4082809625 0.03295896171874997 0.10312493055555558
0 0.9882909429687501 0.41414033333333333 0.022412095312500036 0.08671868888888888
2 0.47215360312500004 0.42234345138888885 0.03427732031249997 0.04687496666666667
2 0.5459920081507473 0.41333914822269135 0.010526202448505462 0.024178860334271787
2 0.6468361 0.40945283611111116 0.02241209375000004 0.03984372222222221
3 0.5531709896182735 0.4024215909722222 0.018457017968750034 0.03046872916666664
3 0.492588158203125 0.39656222013888887 0.05141598046875 0.09374993472222219
3 0.40557649921875 0.39773409374999996 0.09096673437499998 0.14765614583333336
3 0.6877052125 0.39187472291666664 0.06987299843750003 0.11249992361111107
2 0.529360621752868 0.41921546049679576 0.030605392431763877 0.040618984882480426
2 0.59739765703125 0.4317184465277778 0.08173822656249996 0.1406249013888889
2 0.6883643906250001 0.42585907500000003 0.06591792343750003 0.09609368333333335
2 0.764170003125 0.4293746965277778 0.07250971562500004 0.08906244027777777
2 0.08719292890625 0.4780458508700922 0.17402331875000002 0.13952977674018435
2 0.9777440746093751 0.6719526555555555 0.04350582890624999 0.4289059555555555
