2 0.21674144609374996 0.5135264972222222 0.08108313125 0.0956365138888889
2 0.37461965820312504 0.5183776243055556 0.07718490390625003 0.11088291527777783
2 0.31107855078125 0.4837267111111111 0.023389365625000026 0.024948655555555553
2 0.046388906640625 0.4948150041666666 0.05379553828125 0.0360369472222222
2 0.253384784375 0.4809546402777778 0.014033618749999999 0.049897311111111106
2 0.27443521210937505 0.4941219840277778 0.03898227421875 0.0540554208333333
2 0.343433837890625 0.4837267125 0.03196546484375 0.0582135305555555
2 0.34811171210937497 0.4449176944444444 0.011694682031250014 0.011088291666666647
2 0.321993587109375 0.46709427638888884 0.01091503671874996 0.016632438888888858
2 0.32550199140625 0.4532339111111111 0.008576101562500016 0.011088291666666647
2 0.33251880039062504 0.4463037298611111 0.01169468203124997 0.01386036250000002
2 0.31887500546875003 0.44353165624999996 0.009355746875000025 0.01940450972222223
3 0.215961801171875 0.4456107111111111 0.031185819531250037 0.0457392027777778
8 0.173081298828125 0.3437370347222222 0.012474327343750003 0.03603694722222228
8 0.24363921601562497 0.42412714652777783 0.007016810156249997 0.03880902083333326
8 0.350450647265625 0.34789514375 0.008576099218750022 0.036036948611111126
3 0.31185819609375 0.37838794375 0.00779645468750001 0.01940450972222223
9 0.37267054453125 0.37284379791666666 0.046778729687500006 0.0471252375
9 0.32862057421874996 0.38670416111111117 0.03352475468749998 0.03326487222222225
9 0.37539930312500003 0.40541565625 0.033524756249999975 0.020790545833333358
2 0.42841519648437504 0.4684803118055555 0.04132121015625003 0.027720729166666618
