9 0.566812110546875 0.4413462472222222 0.020142577343750023 0.030437672222222212
2 0.4061750574218751 0.5505637770833333 0.00906416015625 0.012533159722222267
2 0.3915716890625 0.5487733256944445 0.00805703124999999 0.0161140625
2 0.37998970703125 0.5505637777777778 0.007049901562499983 0.016114061111111116
2 0.3467544546875 0.5630969361111111 0.011078417187499977 0.026856769444444477
2 0.367904161328125 0.5738396444444445 0.03323525234374998 0.04118038055555557
3 0.42782832734375004 0.5559351319444444 0.02819960937500001 0.04476128333333339
3 0.46609922499999995 0.5541446805555555 0.0443136703125 0.10921753055555554
2 0.50235586328125 0.5666778395833333 0.024171092187499976 0.051923090277777736
3 0.54213745390625 0.5693635166666666 0.05136357187499998 0.05729444444444438
3 0.6589644019531249 0.5702587409722223 0.06344911953125001 0.03759947638888887
2 0.70428520078125 0.5836871263888889 0.06747763437500005 0.03222812222222223
9 0.636807566796875 0.5201261055555555 0.013092675781249952 0.030437672222222212
2 0.8795256210937499 0.6338197625 0.23667528281249997 0.21485415555555556
2 0.701263813671875 0.6893237541666667 0.25077508671874993 0.21127325555555562
2 0.23093463515624996 0.5639921625 0.029206735937499985 0.04297083055555559
2 0.20223146328125 0.5729444187499999 0.01611406249999998 0.03580902638888885
2 0.17604611210937499 0.573839645138889 0.034242382031249984 0.05550399305555555
2 0.144321553125 0.581896675 0.03927802656250001 0.05729444166666669
2 0.08590807851562501 0.5783157722222222 0.07352040703125 0.08236075833333337
3 0.02205611640625 0.5299735868055555 0.0441122328125 0.21485415694444437
2 0.290355237890625 0.597115511111111 0.10776278671874998 0.14144565277777776
