9 0.4877524949218749 0.46909824236111114 0.00906416015625 0.02506631805555557
9 0.39962872148437495 0.4395557972222222 0.030213867968749985 0.030437672222222212
8 0.0541835203125 0.17188332499999998 0.0181283203125 0.06445624722222222
8 0.034544507031250005 0.17456900208333334 0.017121190624999998 0.0734085041666667
2 0.372436241015625 0.5129643 0.03021386484375004 0.044761283333333304
2 0.34322950429687504 0.5066977201388888 0.03424238359375002 0.02506631805555557
2 0.297405139453125 0.50132636875 0.04330654140624999 0.04655173472222221
2 0.26467345195312497 0.4914788840277778 0.028199607031250018 0.05550399027777778
2 0.42430337656250006 0.4977454638888889 0.019135448437500015 0.014323611111111094
2 0.44444595390624997 0.4977454638888889 0.017121190624999994 0.014323611111111094
2 0.47264556210937503 0.5165452020833333 0.03323525234374998 0.051923087499999965
2 0.42189456328124997 0.5756300958333334 0.10250912656250004 0.14502655555555558
2 0.0093662859375 0.4941645597222223 0.0171211890625 0.035809022222222195
2 0.14945791679687498 0.5702587423611111 0.29891583359374996 0.3348143958333333
0 0.5675662203125 0.5066977194444444 0.009565251562499988 0.03938992777777778
2 0.512342280663716 0.5023496318964493 0.03091171104109902 0.06525805664232022
