2 0.03666828984375 0.5637138055555556 0.0733365796875 0.1788907277777778
2 0.6484260671875 0.5054703125 0.17434045468750003 0.24545471944444444
3 0.5273238046875 0.40978457222222225 0.0772246328125 0.07072424166666672
2 0.050124096484375005 0.3993839486111111 0.10024819296875001 0.06656399166666663
2 0.9419598400050091 0.430638968148817 0.1141083087074474 0.06105880541787832
2 0.3966645445057377 0.4126541576960313 0.11388967973852457 0.06439939800228961
2 0.8554040555165647 0.4106055706986612 0.048221737404370656 0.048281003047122004
2 0.7489473144984714 0.4086464528972938 0.05244358212194298 0.05180700023903202
2 0.4831711383756102 0.3976834574604592 0.0415025279362796 0.05484250103202955
9 0.9491340980468751 0.3577814555555555 0.052653157031249974 0.08320498888888889
9 0.390425593359375 0.21542241180555552 0.042122527343749994 0.026782615277777803
