2 0.36025430750687626 0.8022298166196141 0.009093955638752505 0.021406591572561712
2 0.35088216326509863 0.8042038495244198 0.018354125850140245 0.028513110029861365
2 0.31606452365593973 0.8013611173791032 0.01841350550316658 0.04683238491124955
2 0.40921702568437546 0.7967460425864903 0.01776629614324916 0.026057234343432215
9 0.46961360937499996 0.75742125 0.010391450000000014 0.017052636111111182
2 0.4424359703125 0.7965002062500001 0.0215822421875 0.029842112499999966
2 0.467215582421875 0.795079154861111 0.02637829609375002 0.03836843194444444
2 0.483202428515625 0.7979212618055556 0.023180927343750036 0.06678949305555557
2 0.6656523611180356 0.8028949458333332 0.16106757536107122 0.21031584444444437
2 0.8401087714843751 0.8384212722222222 0.3181382414062499 0.26431586111111116
2 0.377738040234375 0.8075741444444443 0.010722886718750014 0.017329916666666632
2 0.32971285044333537 0.8089850465962841 0.01421303691459932 0.04105988441995376
2 0.33815184111137875 0.8050369807866733 0.01154809249311195 0.03948065809610928
2 0.3654675214316243 0.8030629478818677 0.008438990668043368 0.022898781695743428
