0 0.42452881679687504 0.5320284597222222 0.018521349218749972 0.10051351944444444
8 0.40552006406249996 0.45317733611111116 0.007798462500000003 0.01906290833333336
8 0.307551875390625 0.4540438319444445 0.00877327109374999 0.02079590000000001
2 0.40113342851562506 0.5155650381944444 0.02047096484374995 0.03985880972222217
2 0.406494871875 0.5190310215277778 0.013647309375000027 0.039858809722222256
2 0.4518849273401907 0.5192176781669395 0.047880933981184 0.05904552290233696
9 0.494227577734375 0.3734597166666666 0.011697694531249959 0.022528891666666655
9 0.5025134445312499 0.3968551055555556 0.010722885937499971 0.017329916666666632
9 0.475706228515625 0.40811955138888895 0.01949615703125005 0.022528891666666655
9 0.47619363281249993 0.4419128895833333 0.012672501562499949 0.0415918013888889
2 0.38651131054687504 0.5103660631944444 0.014622116406249974 0.019062909722222247
2 0.371889193359375 0.5060335840277778 0.014622117968750015 0.02426188472222227
2 0.356779671875 0.5120990548611111 0.007798464062499999 0.02252889305555562
2 0.3494686125 0.5112325590277778 0.006823654687500014 0.017329918055555518
2 0.34069534218749997 0.5112325590277778 0.010722885937499971 0.017329918055555518
2 0.32569867904301036 0.5157329376365867 0.01777225808602072 0.022993990144430557
2 0.312425914453125 0.5190310215277778 0.014622117968750015 0.025994876388888914
2 0.293904566015625 0.5259629881944444 0.03021904453124997 0.03292684027777774
2 0.23622872615768697 0.5268947789841449 0.02404584294037395 0.03479042185717876
2 0.21640734179687499 0.53289495625 0.027294619531249963 0.039858809722222256
2 0.195448973046875 0.5363609395833333 0.028269427343749976 0.03639282638888888
2 0.16684882117040728 0.5370330450370067 0.03930567359081456 0.044183554453946214
2 0.13386669064844167 0.540495636531808 0.040182107693656065 0.05357668705071382
2 0.08382542262647612 0.548408677731983 0.0685011422384371 0.06000285317723216
