8 0.27245879375 0.5250964944444445 0.004874039062499991 0.01386393611111111
8 0.29098014179687504 0.5224970041666667 0.004874039843749988 0.015596924999999985
8 0.31924956953125 0.5190310222222222 0.004874039062499991 0.015596924999999985
8 0.33679611132812504 0.5198975180555555 0.004874039843749988 0.01386393611111111
8 0.39284756171875 0.5285624763888889 0.005848846875000024 0.017329916666666632
2 0.19675277521858744 0.5718435660942025 0.028927417624674923 0.03110644329951613
2 0.14187127874887678 0.5772769854554141 0.030292516872753604 0.03157533202193924
2 0.05761282010689559 0.5742416750979134 0.04577711365129119 0.053232577973604436
2 0.40357044804687503 0.5632223111111111 0.01559692578124996 0.03119384999999997
3 0.41404590394108115 0.5549494708961477 0.02510686508292128 0.049308008458962146
3 0.4313983606171027 0.5650368841526271 0.04289154374999997 0.057188727777777774
2 0.36808204952201234 0.5761657454975329 0.05964745373152458 0.08480858543951016
2 0.5662644142329251 0.6010321027361614 0.11513922829182119 0.14210532083333333
2 0.9511916577039508 0.5949104293712695 0.09597276896709843 0.12922992540920583
2 0.017136431723263717 0.5742365252162451 0.034272863446527434 0.07874826448784494
