7 0.699724087109375 0.5373355291666666 0.06694490234375002 0.07993421111111114
0 0.203132801171875 0.6092763194444444 0.09292351953125003 0.41565789722222224
0 0.55983921796875 0.5607512476177942 0.10691200781249996 0.33507645754218934
0 0.454925566015625 0.5977302666666666 0.12090049453125004 0.3641447388888889
0 0.3550078015625 0.5568750020833333 0.052956414062500026 0.28243420972222216
0 0.31554028515625 0.5488815826388889 0.04596217031249998 0.2877631569444444
0 0.09122490625 0.6217105298611112 0.08692845468750002 0.4476315819444444
0 0.70471997578125 0.5062500027777778 0.05495477031250005 0.27355263333333335
0 0.77716035390625 0.4582894770833333 0.019983553124999977 0.10657894583333329
0 0.7431883140625001 0.4689473708333333 0.017985196874999953 0.10657894722222226
0 0.141683376953125 0.5675328972222222 0.049958882031250006 0.3641447388888888
0 0.27857071328125 0.5195723722222223 0.027976973437499986 0.2540131611111111
0 0.24409908476562503 0.5204605298611111 0.04696134921874999 0.27710526527777785
0 0.606300978515625 0.5515460555555556 0.05195723671875001 0.26111842222222226
0 0.6112968664062499 0.44468442576694117 0.023980262500000026 0.0804995762438954
0 0.6432705503906251 0.48848684444444446 0.03996710546874995 0.19184210555555553
0 0.4947916309662008 0.5123190461012405 0.038594327983516405 0.23270616644494357
0 0.5046846955259734 0.4437994193551039 0.021382235510553294 0.11317618231398896
0 0.43843913515625 0.5249013173611111 0.059950657812500016 0.28953947361111115
0 0.393476141015625 0.41210526597222225 0.021981907031250046 0.053289476388888896
0 0.379487653125 0.5124671083333333 0.025978617187500008 0.2362500027777778
0 0.319536996875 0.40411184375000003 0.025978618750000005 0.06572368472222223
0 0.08173271953125 0.38901315833333333 0.0419654609375 0.07815789444444445
0 0.026378283593750003 0.6217105291666667 0.052756567187500006 0.48315789722222235
0 0.7561776234375001 0.4449671083333333 0.015986842187500017 0.09059210833333341
0 0.8163155807056022 0.47203612722401306 0.028351572348704047 0.13348064821335093
0 0.7921480171875 0.4529605291666666 0.015986842187500017 0.11368421111111116
0 0.831666914259775 0.4546919097738939 0.016883262105450037 0.09583118343667671
0 0.84510443359375 0.45029605694444447 0.015986842187500017 0.09059210555555555
0 0.8590929199218749 0.46095395 0.021981910156250173 0.1403289472222222
0 0.9083151108704538 0.6217105291666667 0.13336483138409266 0.5400000027777777
0 0.9560131503906248 0.6261513194444445 0.06594572265625001 0.5275657916666667
0 0.966004928125 0.4227631604166667 0.015986842187500017 0.0568421069444445
0 0.985488890625 0.44141447638888887 0.01898437656249996 0.09059210555555555
1 0.6806176718750001 0.48879320694444445 0.030213865625000037 0.16830242222222216
0 0.15922552781016824 0.43137363330331885 0.03562333955923769 0.07307351704459014
0 0.3962577487235574 0.5239334215597997 0.01826837926114755 0.2127251273964735
0 0.414526127984705 0.5263692054612861 0.02192205511337706 0.2370829664113369
