2 0.132143244140625 0.5075788819444444 0.03468012890625001 0.017007877777777795
3 0.029298728125 0.4831300534722222 0.05859745625 0.07653545416666666
2 0.0498743890625 0.5740712888888889 0.099748778125 0.10534701111111112
2 0.587768371875 0.5841143361111111 0.013154531250000013 0.014881894444444457
2 0.57521177265625 0.5766733888888889 0.011958664062500013 0.008503938888888897
2 0.57760350703125 0.5968702458333334 0.011958664062500013 0.027637802777777803
2 0.5315626476562499 0.5883663055555556 0.013154529687500017 0.019133861111111136
3 0.5142225828125 0.5798623666666667 0.028700793749999943 0.05314962222222227
2 0.51063498359375 0.5926182763888889 0.019133864062500016 0.04039371388888892
2 0.49867631953125 0.5904922888888889 0.016742129687500017 0.04889765000000005
2 0.480738321875 0.5873033138888889 0.026309062500000025 0.0637795444444445
2 0.45263546015625 0.5873033125 0.044247057812500046 0.07653545277777778
2 0.42154293203125004 0.5915552847222222 0.044247057812499956 0.080787425
2 0.36533720546875 0.6011222138888889 0.08012305312500004 0.11692916666666661
2 0.29717281796875 0.6032481986111111 0.08012305312499998 0.14669295277777777
2 0.140514310546875 0.6606497916666667 0.28102862109375 0.2955118944444445
3 0.6039125679687499 0.5777363819444444 0.021525595312499934 0.0446456805555556
2 0.55189237734375 0.5968702444444445 0.04185532656250004 0.057401588888888945
9 0.66848935859375 0.5511615722222222 0.009566931250000011 0.012755911111111039
9 0.73665374765625 0.5213977833333333 0.009566931250000011 0.025511816666666694
8 0.6388916640625 0.5447836166666666 0.007175198437500007 0.01700787777777772
8 0.5895621703125 0.5405316458333332 0.009566931250000011 0.012755908333333269
2 0.6505513621093749 0.5906517479166666 0.06457678984375007 0.044326765277777805
2 0.69629325390625 0.5936812694444444 0.03109252812500003 0.06803151666666672
2 0.69928291953125 0.6000592222222222 0.017937996875000018 0.0637795444444445
2 0.72320024921875 0.6011222152777778 0.04903052500000005 0.08291340833333333
2 0.73874651328125 0.6106891458333333 0.03946359374999995 0.08929136388888889
2 0.795550171484375 0.613878125 0.10523625078125001 0.13818901666666664
0 0.71662298359375 0.6064371763888889 0.019133862500000022 0.10629924166666668
2 0.899650369140625 0.67202380625 0.1973179679687501 0.22577958194444447
0 0.90144416796875 0.5521182569444445 0.009566931250000011 0.023385830555555584
