9 0.41084993359375 0.30749978125 0.025048812500000038 0.04218747083333333
9 0.12344778789062501 0.20671860069444442 0.09887688515625001 0.17812487638888888
9 0.026457804687499996 0.21140609652777778 0.05291560937499999 0.17812487638888888
9 0.9381933210937501 0.2582810652777778 0.035595678125000065 0.03281247777777775
9 0.9408300374999999 0.21843734305555554 0.05932613281249992 0.03281247777777779
8 0.98103997109375 0.24304670069444445 0.02900388593750005 0.03984372361111114
8 0.990268480078125 0.08015618819444444 0.01845701796875012 0.12187491527777777
9 0.80569829453125 0.27234355416666667 0.005273434375000008 0.08437494166666666
9 0.3844827640625 0.32742164305555554 0.019775376562499992 0.021093736111111146
2 0.44842315 0.3660934923611111 0.03691403593750007 0.05156246527777782
2 0.36602574453125003 0.39656222083333337 0.09887688437500004 0.11718741944444441
2 0.17024951328125 0.44929655902777776 0.2531248265625 0.2554685708333333
4 0.65936050390625 0.2969529138888889 0.2900388625 0.5601558638888888
3 0.899960925 0.33562476180555556 0.199072128125 0.10312492916666668
