8 0.367989962109375 0.21489097430555554 0.00877327109374999 0.0311938513888889
8 0.475218825390625 0.25734927152777776 0.0068236554687500115 0.02252889305555558
8 0.40503266015624995 0.3076060319444444 0.006823654687500014 0.015596927777777797
8 0.29195495 0.22875490763888887 0.006823654687500014 0.034659834722222234
8 0.24955080859374998 0.19582806458333332 0.011697693750000005 0.045057784722222216
8 0.37968765625 0.22008994930555556 0.006823656250000009 0.0311938513888889
8 0.6711552019531251 0.32926842777777776 0.014622117968750015 0.02426188333333334
8 0.196423780859375 0.28334414722222223 0.010722886718749991 0.022528891666666655
9 0.8227378218750001 0.24868431319444445 0.037042698437499945 0.032926843055555585
9 0.8227378222656251 0.20709251180555555 0.025345003906249986 0.039858809722222215
9 0.65702048828125 0.30067406527777774 0.031193851562500007 0.03292684444444443
9 0.6687181824218751 0.26774722152777775 0.015596925781250003 0.015596926388888871
9 0.658970103515625 0.2538832875 0.01949615703125005 0.01906290833333332
9 0.659944911328125 0.20362652708333331 0.017546539843750077 0.02946085694444444
9 0.5712373972656251 0.2998075694444444 0.017546539843749986 0.024261886111111113
9 0.5273710453125 0.2738126923611111 0.013647309375000027 0.020795901388888892
9 0.28756831445312503 0.27554568472222224 0.017546541406249984 0.010397950000000005
8 0.276845428125 0.30500654375 0.011697693750000005 0.020795901388888892
9 0.2125081109375 0.2183569576388889 0.023395389062500004 0.04159180138888886
3 0.451823436328125 0.34833133680555556 0.024370196093749998 0.048523768055555534
3 0.386998715234375 0.37086023055555556 0.02534500546874998 0.041591802777777784
3 0.36652775078125 0.36306176597222223 0.021445773437499982 0.025994873611111143
3 0.347518997265625 0.36479475763888886 0.022420580468750017 0.03985880694444444
3 0.33435909140625003 0.3734597166666666 0.031193851562499965 0.036392825
2 0.280257255078125 0.38385766805555555 0.038017505468750025 0.08491659722222222
2 0.1403723296875 0.3682607423611111 0.0584884703125 0.08145061250000005
2 0.078472031640625 0.42631596527777776 0.15694406328125 0.20795900833333336
2 0.216894745703125 0.3838576673611111 0.12380059609375002 0.1334403625
2 0.42062958593750005 0.40032108888888884 0.06531212656250003 0.09011556944444447
2 0.468395169921875 0.3769257006944444 0.030219042968749932 0.04332479305555555
2 0.6004816332031251 0.4107190388888889 0.14427156171875 0.18369712222222223
0 0.5098245039062499 0.37086022916666667 0.007798464062499999 0.024261883333333383
0 0.6999120328124999 0.4211169888888889 0.015596925000000006 0.0866495861111111
0 0.721845209765625 0.41158553472222226 0.026319811718749975 0.08838257777777775
0 0.8432087859374999 0.42198348541666664 0.03509308281249997 0.13344036250000002
0 0.824687437890625 0.40898604722222226 0.01754654140625007 0.08318360277777773
0 0.9772448656249999 0.45491032847222224 0.032168659375 0.16116823194444438
0 0.9553116886718751 0.4471118652777777 0.02729461953125014 0.16290122222222223
