2 0.256025805859375 0.50406641875 0.02526570546875 0.07486134861111111
2 0.2942752765625 0.5134240875 0.07930624218750001 0.09108130833333329
2 0.34678074726598174 0.5054716051845317 0.029368184891905312 0.06870494709195746
2 0.361299578515625 0.4978279743055555 0.028073005468750002 0.057393704166666656
2 0.37849429453125005 0.49470875 0.009123726562500023 0.03119222777777782
2 0.42376201640625 0.4872226159722222 0.015440153125000045 0.01871533749999996
2 0.41042733867187503 0.4890941472222222 0.01122920234375 0.014972266666666675
2 0.5209648109375 0.48160801527777775 0.016141978125000022 0.0249537861111111
2 0.545177777734375 0.4778649458333334 0.02666935390624996 0.027449161111111113
2 0.562723406640625 0.48472723541666674 0.018247452343750047 0.03618298194444449
2 0.582023598046875 0.48597492569444445 0.030178480468750025 0.04366912083333337
2 0.49639300587004964 0.5017389045252293 0.04844178357240079 0.07020632016156986
2 0.63606413515625 0.49658028263888887 0.051233235937499975 0.06987059027777778
2 0.5961756738491175 0.4922958597976586 0.02771082608339288 0.03939217420844427
9 0.43716688515625 0.43544351527777775 0.014738326562499982 0.022458405555555554
9 0.7094750609375 0.41672817777777776 0.016141978125000022 0.024953783333333333
2 0.97132600703125 0.5034425743055556 0.056146012499999995 0.0810997958333333
