2 0.127228027734375 0.5945766451388889 0.25445605546875 0.45702532916666677
2 0.911499309375 0.5979044993055556 0.17471235312500005 0.20632697361111113
2 0.6443765992187499 0.5624073861111111 0.1516253640625 0.2551355
2 0.290022501171875 0.5124895708333332 0.10108357578125 0.10870990833333335
2 0.33619647851562495 0.5036152909722222 0.06738905078125002 0.10205420138888886
2 0.3917300484375 0.5002874381944444 0.051165760937499936 0.07099422638888894
2 0.41824888750000005 0.5030606506944445 0.024334935937500024 0.058792095833333335
2 0.429168409375 0.5008420784722222 0.014975343750000026 0.047699245833333334
2 0.780777030859375 0.5779373729166667 0.11169111171875006 0.12423989583333331
2 0.573555705859375 0.5141534979166666 0.024958908593750006 0.03882497083333334
2 0.559204332421875 0.5119349284722222 0.011231507031249954 0.021076412499999957
2 0.518022136328125 0.5097163569444444 0.023710961718749958 0.029950688888888917
2 0.5033587789062499 0.5036152930555555 0.01060753437500006 0.022185694444444456
4 0.49262643984375 0.4941863736111111 0.013103426562499987 0.03660640277777784
0 0.5155262449218749 0.5213638479166667 0.008735616406250025 0.039934251388888876
3 0.459680689453125 0.48087495416666665 0.05802946015624997 0.10981919444444443
9 0.29975648164062496 0.3705011180555556 0.013727399218750014 0.03993425277777776
9 0.22456777187499996 0.35164327847222226 0.0205910984375 0.024404265277777802
9 0.40926368867187507 0.4398314159722222 0.010607538281249962 0.025513548611111107
9 0.9549902046875001 0.37271968819444445 0.023086992187499968 0.057682809722222214
8 0.500114111328125 0.4575799729166667 0.006863700781249982 0.01663927083333334
