8 0.5351184625000001 0.3083674847222222 0.008029645312499945 0.026510572222222233
8 0.42040925468749996 0.2981711111111111 0.008029645312500033 0.02651057222222219
8 0.42786534414062505 0.29926357708333334 0.0068825523437500815 0.02447129861111108
8 0.5420010058593749 0.3104795895833333 0.00573546015624995 0.02651057361111112
2 0.492676046484375 0.42172203541666664 0.01261801328125003 0.020392748611111088
2 0.469734205078125 0.4237613097222222 0.008029644531250036 0.0203927472222222
2 0.46055746835937494 0.41968276041666663 0.010323828906250032 0.01631419861111109
2 0.45711619218749994 0.4268202222222222 0.01261801250000003 0.018353472222222205
2 0.44105690312500007 0.4237613097222222 0.02179475000000002 0.024471297222222195
2 0.39115839765625 0.4472129701388889 0.029824393749999966 0.055060420833333346
2 0.374525562890625 0.4502718826388889 0.026383117968750015 0.06117824583333334
2 0.34642180703125 0.4502718819444444 0.041295315624999995 0.08972809166666665
2 0.306273583984375 0.46046825625000004 0.07111970859375001 0.12235648750000003
2 0.25637507890625 0.4839199159722222 0.09291445781250003 0.12031721250000002
2 0.154857430078125 0.5104304888888889 0.16288707421874998 0.16925980833333337
2 0.585475787890625 0.41866312291666663 0.016059288281249983 0.034667670833333296
2 0.605549899609375 0.43599695833333335 0.05161914296874999 0.08972809166666665
2 0.68756698359375 0.4405405405405405 0.13535686562499993 0.17837837837837833
2 0.613579544140625 0.4563897069444445 0.019500564843749936 0.06117824444444445
3 0.546015828125 0.4121953555555556 0.06882552499999992 0.15772404444444443
2 0.4812051257812501 0.4227416645833333 0.01261801250000003 0.022432023611111084
2 0.429012436328125 0.43497731388888894 0.027530210156250057 0.03466767222222218
2 0.049324959375 0.5496306414039038 0.096355734375 0.2052432216966967
2 0.9710717978462838 0.6244259388888889 0.05700846055743245 0.277341375
