8 0.448547936328125 0.6584228895833333 0.005738352343750019 0.01700252916666661
8 0.3074800890625 0.6669241527777777 0.008607529687499981 0.02380353888888891
8 0.22379577187500002 0.7510866652777777 0.01338949062500001 0.01870278055555556
8 0.30030714804687497 0.6686244055555556 0.005738355468750012 0.02380353888888883
8 0.44233138867187505 0.6609732680555556 0.004781963281249979 0.02210328611111107
8 0.5255375082031251 0.6924279444444446 0.012433099218749976 0.017002527777777804
9 0.5575766460937499 0.6516218777777778 0.009563921875000058 0.013602022222222211
9 0.54514354765625 0.6652239 0.007651137499999993 0.013602022222222211
2 0.47293593749999996 0.7442856541666667 0.018171451562499996 0.0289042972222221
2 0.490629194140625 0.7434355277777779 0.022953414843749975 0.04760707777777782
2 0.50688786015625 0.7425854020833333 0.021040628125000006 0.07651137361111118
2 0.51740817421875 0.7425854013888888 0.02677898125000002 0.07991188055555551
2 0.541317979296875 0.744285654861111 0.04399404140624998 0.12411845416666661
2 0.5848338234374999 0.7544871708333334 0.09468282656250002 0.15812350833333327
2 0.6273932765625 0.772339825 0.14537161406249996 0.19722932222222223
2 0.401365928125 0.7978605374436937 0.14345882968750004 0.245720366554054
2 0.10376855234375 0.8416251256944444 0.2075371046875 0.3128465097222222
2 0.7879077746093749 0.8033694388888888 0.42240656953124994 0.3893578861111111
9 0.9669125171874999 0.33847175138888885 0.04973239375000009 0.06630985555555556
2 0.24512054218749996 0.7810315256944445 0.04054156562500002 0.03187883750000001
