2 0.475975571875 0.4212206215277777 0.010091354687499976 0.01569766250000002
2 0.48732834609375003 0.42682693055555554 0.01261419375000008 0.01794018611111115
2 0.49868112070312504 0.4245844076388888 0.015137032031250008 0.03139532638888885
2 0.510033894921875 0.4223418840277778 0.017659871093750022 0.04485046805555552
2 0.5157102828125 0.42570566944444443 0.01639845312499997 0.033637849999999976
2 0.428041635546875 0.4189780993055556 0.010091355468749974 0.020182709722222192
2 0.419211700390625 0.4178568381944444 0.010091355468749974 0.017940187499999954
2 0.40785892578124994 0.4178568381944444 0.015137032812500006 0.017940187499999954
2 0.390829763671875 0.4144930513888889 0.011352774218749983 0.015697661111111136
2 0.38073840859374997 0.4122505284722222 0.011352773437499986 0.01569766250000002
2 0.37127776367187504 0.41000800416666666 0.012614194531249989 0.015697663888888908
2 0.35929428007812503 0.4111292666666667 0.01639845234374997 0.02242523333333332
2 0.342895827734375 0.40888674305555556 0.02396696796875002 0.026910277777777797
2 0.317667440234375 0.40888674444444445 0.02396696796875002 0.04485046666666664
2 0.28991621328125 0.3976741270833333 0.03658116093750001 0.05830560694444442
2 0.25648860078125 0.40888674375 0.03784258281249997 0.05382055972222225
2 0.229998793359375 0.4144930527777778 0.042888258593750006 0.060548130555555545
2 0.1763884703125 0.4167355763888889 0.06685522812500003 0.07400327222222221
2 0.10385685546875001 0.4122505284722222 0.10091354999999999 0.10539859861111106
2 0.028802402734375 0.41262429236111114 0.056763872656250006 0.12109625972222224
2 0.5352622828125 0.42383691041666666 0.025228387499999984 0.03139532638888893
2 0.436240861328125 0.41710934027777774 0.013875613281249954 0.0224252333333334
3 0.187110534765625 0.36441004166666663 0.07316232421875002 0.0784883166666667
9 0.774441515234375 0.292378125 0.01760647890625 0.06260081388888888
