2 0.23297714296875 0.3936085180555556 0.032517334375 0.05270783611111109
2 0.24923581015625002 0.3995594027777778 0.017215059374999963 0.03740556111111112
2 0.2659726734375 0.3927583916666666 0.03729929531250002 0.05780859444444444
2 0.28749149765625 0.4004095291666666 0.017215059375000008 0.035705308333333366
2 0.37356679453124997 0.39445864444444445 0.024866196875000003 0.040806066666666634
2 0.39078185390625003 0.4165619305555555 0.04973239374999996 0.07481112222222217
2 0.4218646 0.40466016111111114 0.027735373437500054 0.044206572222222226
2 0.4362104828125 0.3953087708333334 0.008607529687500027 0.01870278055555556
2 0.4405142476562499 0.4233629416666667 0.022953412499999982 0.07481112222222223
2 0.5448566414062499 0.41656193055555557 0.029648157812499944 0.05100758333333333
8 0.358742715625 0.33239941805555556 0.008607529687500027 0.022103286111111113
2 0.14311213320312502 0.4947735597222222 0.28404848046875003 0.2924434805555555
0 0.8987576 0.5143264666666667 0.06312188437500002 0.2907432277777778
0 0.829419166796875 0.3375001763888889 0.06981663203124996 0.22613361944444443
2 0.48871641171875 0.4481380569444445 0.10329035781249996 0.1700252777777777
2 0.330911701953125 0.4221484770833333 0.08990086796875003 0.1267902819444445
8 0.5344319578125 0.31029613194444444 0.006120904687499973 0.022103286111111113
8 0.5308933093749999 0.30859587916666664 0.004781960937499985 0.022103286111111113
3 0.79763105625 0.35207629791666667 0.3768185218749999 0.5627836708333334
3 0.08006756756756757 0.3367310653903904 0.16013513513513514 0.17698831966966963
