8 0.722205583984375 0.4476315819444444 0.011990132031249967 0.035526313888888855
8 0.40946298359375 0.3827960541666667 0.007993421875000007 0.03374999999999994
8 0.4014695625 0.38368421319444446 0.005995065625000029 0.02842105138888892
9 0.236605252734375 0.3588157923611111 0.015986841406249973 0.02842105138888892
9 0.776660765234375 0.4787171069444445 0.08692845390625 0.05506578888888885
9 0.34501602578124996 0.4289802652777778 0.008992598437499976 0.026644736111111123
2 0.756177623046875 0.5906250027777777 0.05395559140625004 0.044407894444444436
2 0.81113239375 0.5808552666666666 0.04596217187500003 0.03907894722222222
2 0.38698148710937497 0.5204605298611111 0.058951480468750005 0.13144736805555557
2 0.208128688671875 0.4725000020833333 0.024979441406250014 0.042631579166666635
2 0.134189543359375 0.5044736868055556 0.18085115234375002 0.15276316250000002
2 0.2965559109375 0.5204605298611111 0.16386513125000005 0.22381579305555557
4 0.556841684765625 0.47427631805555553 0.31873766640625 0.6323684249999999
2 0.88407236015625 0.7256250034722223 0.23180921249999997 0.5204605291666666
3 0.113206814453125 0.40855263402777775 0.12289885078125 0.07105263194444444
9 0.28556495625 0.36503289791666665 0.0219819078125 0.040855262500000024
9 0.37149423281250005 0.37480263402777775 0.11190789531250003 0.05328947361111109
