3 0.46098103515624994 0.4335644583333334 0.05164517968750006 0.14282123333333338
3 0.5996579023437499 0.40551029097222224 0.16641224062500007 0.27374069861111117
2 0.42368173984375 0.4607685013888889 0.024866196874999958 0.034005055555555525
2 0.339519228125 0.45566774444444447 0.01338949062500001 0.017002527777777804
2 0.32947710937499997 0.45821812430555553 0.014345882812499999 0.015302276388888853
2 0.29982895234375 0.4599183763888889 0.0353865125 0.01870278055555556
2 0.059296316015624996 0.4709700201388889 0.03634290390625 0.023803537500000024
2 0.024866196875000003 0.46926976805555554 0.0382556875 0.02380353888888891
2 0.20842518203125 0.5445180385510511 0.2247521640625 0.22627923821321316
2 0.383923148828125 0.4828717888888889 0.053557963281249954 0.06801011111111105
2 0.36862087382812503 0.44789515208333336 0.01530227421874999 0.020403034722222282
7 0.75746261328125 0.5075254548611111 0.025822589062500078 0.051007584722222214
7 0.7703739078125 0.5058252013888889 0.03251733437499995 0.04760707777777782
7 0.7756340652343751 0.5041249486111111 0.025822588281249993 0.040806066666666634
7 0.7904581453125001 0.5049750756944444 0.024866196875000045 0.03910581527777776
2 0.8990428484902871 0.45981639450075074 0.20056295166807425 0.49440756377627637
8 0.413639622265625 0.3545027034722222 0.004781961718749983 0.02040303472222224
3 0.50290290234375 0.4482999847222222 0.018171451562499996 0.047607077777777736
0 0.8679259105468751 0.40721054097222215 0.05068878515624995 0.13091946527777773
