3 0.7823991 0.2961512597222222 0.43058582031250003 0.5878215888888889
2 0.10804256953125 0.3765025770833333 0.2160851390625 0.24129446805555554
2 0.0337431140625 0.5418724944444444 0.067486228125 0.3016180888888889
2 0.23188108671874996 0.3827429534722222 0.13221792968749999 0.15808948194444447
2 0.3026703328125 0.36402183055555554 0.08190491093750003 0.10400623611111111
2 0.37521468203124997 0.3536212048611111 0.05850350781250002 0.062403737499999994
2 0.40973175273437495 0.34530070625000003 0.026911614843749997 0.05824349027777775
2 0.42903791015625004 0.34218051805555555 0.030421823437499995 0.04368261944444443
2 0.45126924414062497 0.33386001944444443 0.018721121093749994 0.04368261388888893
2 0.46355498046875 0.3307398354166666 0.022231332812499983 0.03744224583333333
2 0.480520997265625 0.32449945902777777 0.025741544531249973 0.033281995833333314
2 0.5021672949218751 0.3099385875 0.010530632031249976 0.02080125277777781
2 0.5349292609375 0.32657958541666665 0.015210912499999996 0.029121745833333337
2 0.5571605925781251 0.32553952152777776 0.017551052343749964 0.031201873611111115
2 0.512112891796875 0.296417775 0.009360561718750039 0.022881372222222238
2 0.5220584886718751 0.2974578375 0.010530632031249976 0.02080124722222223
2 0.524983666015625 0.31409883541666667 0.011700703906249998 0.02496149305555559
2 0.54838506796875 0.29433765069444445 0.011700701562500004 0.022881370833333352
2 0.558330664453125 0.30265815138888885 0.017551053906250048 0.02288137500000001
2 0.523813594140625 0.27457646597222224 0.009360560156250041 0.0166409986111111
8 0.4922217 0.24025440833333336 0.0070204234374999785 0.018721122222222223
8 0.4190923140625 0.29745783680555554 0.010530631249999978 0.0166409986111111
8 0.481106031640625 0.22777366180555553 0.010530632031250065 0.01872112916666665
9 0.4278678402343751 0.2340140333333333 0.009360560156250041 0.018721122222222223
8 0.31086082460937503 0.23817428402777777 0.011700703906249998 0.03536212083333332
8 0.362343910546875 0.25481528263888886 0.009360561718750039 0.01872112361111111
9 0.491051627734375 0.27249634027777775 0.014040842968750055 0.012480747222222238
8 0.50333736640625 0.27353640347222224 0.008190489062500018 0.02704162083333333
2 0.5717864703125001 0.3234593965277778 0.014040842187500058 0.03536212083333332
