9 0.9533544429687499 0.08367180972222221 0.03427732031250006 0.044531216666666665
9 0.990927659765625 0.10828116875000002 0.01713866015624994 0.03749997361111112
9 0.789877992578125 0.29812478680555554 0.02636716796875005 0.02812497916666664
9 0.5914650433593749 0.3321091395833333 0.014501942968750025 0.021093734722222222
9 0.5868507886718749 0.36140599444444443 0.007910150781250014 0.028124980555555564
9 0.594760939453125 0.3660934909722222 0.010546867968750017 0.03749997361111114
9 0.55323264765625 0.35203100069444443 0.009228509375000016 0.018749987499999992
9 0.5538918277343751 0.3742966104166667 0.013183585156250021 0.02109373472222226
9 0.5209328656250001 0.4071090875000001 0.013183584375000024 0.030468727777777756
0 0.54004906328125 0.4481246847222222 0.01186522656250002 0.0515624638888889
0 0.522910402734375 0.45281218125000006 0.009228508593750018 0.05156246250000002
0 0.6178322128906251 0.45632780416666663 0.011865225781250021 0.0539062138888889
2 0.298130284375 0.4457809368055556 0.013183584375000024 0.0374999736111111
2 0.28494669921875 0.4457809375 0.015820301562499983 0.042187472222222216
2 0.269126398046875 0.4434371881944445 0.02636716953125 0.05156246527777779
2 0.24275922851562498 0.44695281041666673 0.036914036718749973 0.06328120694444447
2 0.215732880078125 0.4504684340277778 0.03559567890625002 0.06093745972222225
2 0.17881884296875 0.45632780416666663 0.05668941406250001 0.07265619999999996
2 0.140586447265625 0.4657027979166667 0.046142546093750014 0.07734369583333331
2 0.081260316015625 0.4692184208333333 0.08569330078125001 0.11249992222222226
2 0.43787628203124995 0.44343718749999994 0.015820301562500028 0.03281247499999999
2 0.48072293281250006 0.4481246847222222 0.014501943749999935 0.03281247777777775
2 0.46951688515625 0.44695281041666673 0.015820301562500028 0.03515622638888887
2 0.45171904609375 0.4492965597222222 0.02241209375000004 0.04453121944444444
2 0.49588405468749996 0.45046843263888897 0.02900388593750005 0.046874965277777784
2 0.418100905078125 0.45281218125000006 0.034277321093749966 0.05156246250000002
2 0.38118686757812503 0.4492965590277778 0.023730452343749996 0.0398437236111111
2 0.322519915625 0.4680465458333333 0.05668941406250001 0.0773436972222222
2 0.0225027296875 0.4692184201388888 0.045005459375 0.14062490416666668
