2 0.20094087265625 0.5947011340277778 0.06146025625 0.08498208194444443
2 0.8134947624999999 0.6590447111111112 0.19120968906249997 0.08741014166666672
2 0.42424647070312493 0.6056274006944444 0.06555760703124998 0.07769790138888884
2 0.22916196953124998 0.5792413180555556 0.04599157031250001 0.07705275555555555
2 0.2548893203125 0.5594942722222223 0.0382419375 0.07284178888888886
2 0.27469318046874996 0.5497820333333334 0.02321831875 0.04370506944444443
2 0.285619448046875 0.5449259152777778 0.015023617968750003 0.03399283333333329
2 0.38873610078125004 0.5704205388888889 0.03551037031250002 0.05584536944444444
2 0.3743953734375 0.5449259138888889 0.02048675000000002 0.02913671388888888
2 0.347762596484375 0.5497820326388888 0.021852535156249964 0.019424476388888855
2 0.351859946875 0.5279294979166667 0.016389401562499996 0.019424476388888934
2 0.302691740625 0.5449259138888889 0.008194698437500003 0.024280594444444463
2 0.32317849374999996 0.5364277055555555 0.02458410312499999 0.04127701111111111
2 0.984293491015625 0.7192223454204204 0.031413017968749915 0.15434810195195198
2 0.956219134375 0.6614727729166667 0.08604435781250004 0.0874101458333333
2 0.9186600890625 0.6396202347222222 0.05463133906249986 0.02913671388888888
9 0.09372687070312499 0.36939532986111107 0.03277880390624999 0.013147756944444448
