8 0.24613939999999998 0.2011846923611111 0.013196081250000002 0.05545019861111113
8 0.559246419921875 0.14466813888888888 0.017994655468749964 0.07890990277777778
8 0.233543141015625 0.2033173909722222 0.011996436718749993 0.05545019861111111
8 0.53945229921875 0.13933639027777778 0.01919429999999993 0.07251180277777779
8 0.61802896484375 0.39632674166666665 0.010796793749999978 0.01919429999999996
8 0.62462700390625 0.39632674166666665 0.00959715000000001 0.01919429999999996
8 0.8603570015625 0.3398101902777778 0.025192520312499946 0.05545019999999998
8 0.832165373828125 0.34194288888888885 0.016795013281249993 0.03412319999999999
8 0.113578765625 0.38033149027777774 0.00959715000000001 0.017061599999999937
8 0.12196069023437499 0.38033149097222224 0.009565986718749997 0.021326998611111096
9 0.13217324375 0.35367273888888884 0.029991093749999996 0.023459699999999965
9 0.24869805234375 0.3739333895833334 0.030309823437499973 0.038388598611111116
9 0.63722326328125 0.37073433888888885 0.027591806249999972 0.044786700000000026
9 0.85195949609375 0.28435999027777775 0.044386820312499964 0.02985779999999999
9 0.51785871171875 0.38886229027777774 0.011996437500000035 0.017061600000000017
9 0.79857535 0.3088860395833333 0.05758290000000006 0.1045023013888889
9 0.6593605050781249 0.13408573194444445 0.08964837734374997 0.040359119444444445
9 0.8507598523437501 0.21184818958333335 0.0203939437499999 0.04691940138888889
2 0.040594191796875 0.4922982402777778 0.08118838359375 0.10450229999999996
2 0.401493265625 0.42298549027777776 0.0215935875 0.017061600000000017
2 0.3900966515625 0.4400470902777778 0.032390381249999975 0.034123200000000034
2 0.42428649804687507 0.4293835902777778 0.014395725781249969 0.034123200000000034
2 0.43748257890625003 0.42405184027777776 0.01919430000000002 0.023459700000000003
2 0.45127848203125 0.44431249027777775 0.029991093749999996 0.04265399999999996
2 0.477670644921875 0.48056839097222226 0.04678610546874999 0.07251179861111115
2 0.40293978242187506 0.5584119402777777 0.14897450703125004 0.21966809999999998
2 0.941875028125 0.5168242895833334 0.11624994374999993 0.16635060138888885
