8 0.891897931640625 0.07385737569444444 0.03365652578125004 0.12527706805555555
8 0.948167434765625 0.21596270763888892 0.06415775078124994 0.05796401805555556
8 0.013147079687499999 0.16940450694444445 0.017880028125 0.10096957499999999
8 0.0220870953125 0.2935596958333333 0.014724729687500002 0.03739613888888888
8 0.9418568367187501 0.06450834236111111 0.02839769375000003 0.12527706805555555
2 0.19151710859374999 0.44744306668543543 0.16598786093749998 0.13574449725975973
2 0.39493829375 0.3823755284722222 0.06836481718749998 0.06918285972222221
2 0.46330311250000006 0.3515237125 0.043122425000000054 0.06731305
2 0.6253707601562499 0.31830542361111114 0.01807126562499999 0.029040441666666677
2 0.74780593203125 0.4197716673611111 0.1304190375000001 0.18511089027777777
2 0.5879374343749999 0.3244115125 0.021035328124999975 0.024307488888888902
2 0.305538147265625 0.40855282638888885 0.10622841015625002 0.11031861111111109
2 0.49433022265624993 0.34591429166666665 0.01262119843749998 0.04861498333333335
2 0.56752360546875 0.3164356159722222 0.01807126406249999 0.032780051388888905
2 0.7199341207031249 0.3720915895833334 0.10412487578124993 0.14958455694444445
2 0.673130514453125 0.34778410000000004 0.016828263281250068 0.07105266388888892
2 0.664190499609375 0.32534641527777775 0.024190627343750038 0.03739613888888888
3 0.52851263046875 0.31225776666666666 0.06205421874999999 0.13088648888888887
9 0.675759930078125 0.23466077708333333 0.02629416015624999 0.00934903472222225
2 0.6501828894531251 0.32061346597222223 0.010517663281250034 0.026177298611111115
9 0.025195409765625 0.008503939583333333 0.04799908671875 0.017007879166666667
