2 0.8276200425781249 0.38841165230855856 0.11167287109375001 0.14258907038288288
2 0.75168248984375 0.3882355520833334 0.04913606250000004 0.10058830416666661
0 0.7181806300781249 0.38955908125000005 0.011911772656250008 0.05558827361111117
2 0.5938514996093749 0.34544141249999993 0.022334574218750004 0.060882394444444425
4 0.657132793359375 0.34191199236111114 0.11316184140624994 0.18794130416666668
2 0.569283469140625 0.4019120256944444 0.06849269296874994 0.10323536527777774
2 0.417408365234375 0.41073556736111116 0.026801488281249952 0.03441178750000004
2 0.310202409375 0.41602968819444447 0.06849269374999997 0.07676475694444444
2 0.159816277734375 0.441597940503003 0.13698538671875 0.11562831343843843
2 0.0196047890625 0.4676473708333333 0.039209578125 0.07941181944444438
2 0.48848904101562507 0.39157588263888893 0.043180175781249996 0.07147063750000003
