2 0.047948197656250004 0.661139375 0.0943371046875 0.11088291388888893
2 0.14501406015625 0.6625254125 0.10603178437500001 0.09702255000000003
2 0.12240434296875 0.6382697743055555 0.0717273875 0.0679157847222222
2 0.190233499609375 0.6368837374999999 0.04521943828125001 0.062371638888888886
2 0.272486098828125 0.6167862097222222 0.01793184609374996 0.033264874999999944
2 0.283790958203125 0.6126281013888888 0.01247432734374998 0.019404511111111116
2 0.313807309765625 0.6167862097222222 0.028846883593750004 0.03880901944444446
3 0.36940577265624996 0.6077769847222222 0.01841911249999999 0.03465091388888892
2 0.34694224296875 0.6195582819444444 0.04054156562499998 0.049897311111111106
2 0.42802537265625 0.6140141361111111 0.021830071874999923 0.0360369472222222
2 0.39162566875 0.6029258555555556 0.01763946718749998 0.01940453055555551
2 0.4744142796875 0.5939166083333334 0.016372553124999988 0.012474327777777777
2 0.4740244578125 0.6043118819444444 0.02183007343749992 0.022176583333333295
2 0.44439792890624996 0.6008467902777778 0.01559290937500002 0.023562619444444502
2 0.45999083867187507 0.6043118819444444 0.010915036718750049 0.022176583333333295
2 0.4880580765625 0.7304411965277778 0.163725553125 0.2356261930555556
9 0.52197265546875 0.4407595833333333 0.019491137500000023 0.04712523888888885
9 0.5356164515625 0.5253078055555556 0.012474328124999979 0.044353163888888894
9 0.536006273828125 0.4927359500000001 0.010135391406250083 0.012474327777777777
9 0.509498326953125 0.53293100625 0.016372555468749984 0.04296712916666665
9 0.51105761875 0.5655028618055555 0.010135393749999989 0.02217658194444441
2 0.29363397070312497 0.6264884854166667 0.031185819531249992 0.0415810930555556
2 0.290515389453125 0.6036188840277779 0.014033619531249996 0.01247432638888889
8 0.27765123828125005 0.5845113625 0.0054575187499999785 0.011088291666666647
2 0.9440207308593749 0.5960967222222222 0.07874419453124996 0.05405541666666665
9 0.685568251171875 0.5579807229166666 0.009355746093750028 0.016632437499999972
9 0.628654130078125 0.5718410875000001 0.02027078203124999 0.04712523888888893
9 0.7533974089843751 0.5662969409722223 0.0077964554687500074 0.01386035972222217
