0 0.9584466074218749 0.39296847430555554 0.08173822578124987 0.47656216250000005
3 0.9434121621621621 0.34823337713963964 0.1131756756756758 0.3954251376126125
2 0.775193092356419 0.33400891178678677 0.15028949096283792 0.16801821246246243
2 0.6815913289062501 0.3234234234234234 0.09228509374999998 0.10990990990990987
2 0.0474609046875 0.3567567567567567 0.094921809375 0.2054054054054054
2 0.1443999126372466 0.35405405405405405 0.12268666121199323 0.13513513513513517
9 0.840453523828125 0.15773426458333334 0.027685527343750137 0.08203119305555553
3 0.39995070625 0.27953976597222224 0.05175815625000002 0.0876334986111111
2 0.45422603671874995 0.29364312569444445 0.0225151828125 0.04318206527777776
2 0.495043605078125 0.291796675 0.038232396093749975 0.07499995000000001
0 0.541845330078125 0.2935544854166667 0.007910149218750018 0.046874968055555556
3 0.539867794140625 0.2748044986111111 0.02768552734374996 0.08437494166666666
8 0.38424238515625 0.18857841319444443 0.006239726562499959 0.026622834722222224
8 0.53056398125 0.1869144861111111 0.00561575468749993 0.027732119444444456
8 0.353979249609375 0.2592897347222222 0.009228508593750018 0.020532936111111115
2 0.255402479296875 0.3161461631944445 0.029722013281249994 0.04326210694444445
7 0.278832815234375 0.3269529 0.017138661718750024 0.03984372222222225
2 0.29205058046875 0.32077149513888886 0.009296868749999998 0.02513716527777778
0 0.56821250078125 0.2789060583333333 0.009228507812500019 0.04921871666666667
8 0.377753063671875 0.18769098680555554 0.0049917820312499915 0.02440426527777778
8 0.524698651171875 0.18713634444444444 0.005615753906250021 0.02107641111111109
8 0.296012641015625 0.25757593194444445 0.012479453906250004 0.017748555555555573
3 0.43490896601562506 0.2742706625 0.018719180468750006 0.046589961111111106
8 0.6486196128906251 0.23128587777777776 0.01123150859375004 0.02107641111111111
9 0.645967728515625 0.17582163819444444 0.01123150859374995 0.008874279166666652
