8 0.36602574531250004 0.3848434777777778 0.009228509374999971 0.028124980555555526
8 0.34822790625 0.39773409374999996 0.007910150000000015 0.021093737499999952
8 0.30406289765625 0.42468720069444443 0.006591792187500012 0.02343748194444449
8 0.2480326625 0.4059372138888889 0.005273434375000008 0.023437483333333297
9 0.38777866015624995 0.3860153527777778 0.013183584374999979 0.011718741666666688
2 0.623764825 0.4879684069444445 0.0527343390625 0.06093745833333336
2 0.6666114765625 0.48328090972222226 0.0514159796875 0.06562495277777781
2 0.689023570703125 0.49148403124999995 0.05932613203125001 0.07265620138888894
2 0.717368276953125 0.4832809104166666 0.055371057031250004 0.07499994861111116
2 0.7727393328125001 0.4797652881944445 0.10019524374999991 0.09609368472222223
2 0.4965432343750001 0.48445278472222225 0.06459956562500002 0.0539062138888889
2 0.371299179296875 0.46687467222222223 0.01977537734374999 0.032812477777777835
2 0.353501340625 0.4680465458333333 0.023730453124999995 0.04453121944444444
2 0.3343851421875 0.47859341388888893 0.035595678125000016 0.06562495555555559
2 0.110264201953125 0.4750777916666667 0.04614254609375 0.03984372222222221
2 0.035117769921875 0.4809371631944444 0.06723628203125001 0.03281247638888887
2 0.16497607890625 0.4996871493055555 0.09228509218749999 0.09843743194444446
2 0.272422294140625 0.5082472620495496 0.11997062109375004 0.15162965923423422
