2 0.363360716796875 0.40793921805555555 0.01243309765624998 0.01870278055555556
2 0.374837423046875 0.40368858541666663 0.01052031484375 0.013602023611111097
2 0.38392314765625 0.40793921805555555 0.013389489062500015 0.01870278055555556
2 0.40113820742187495 0.413039975 0.019127844531249983 0.03230480277777777
2 0.40639836562500004 0.41984098680555554 0.01625866718750002 0.028904298611111143
2 0.37388103085937496 0.41984098819444443 0.020084236718750016 0.03230480138888889
2 0.33419075390624997 0.4104895979166667 0.01338949062500001 0.03060454861111113
2 0.30884636171875 0.42749212569444445 0.05451435468750003 0.07141061805555561
2 0.278241811328125 0.4104895979166667 0.02773537265624997 0.03060454861111113
2 0.27106887031250004 0.4300425034722222 0.032517334375 0.042506320833333354
2 0.238073339453125 0.4325928840277778 0.05260157109375001 0.06801011250000003
3 0.16634392539062498 0.43939389374999993 0.10042118046875 0.10881617638888888
2 0.036342903125 0.42030248263888886 0.07268580625 0.09181364861111116
3 0.42989828945312497 0.4007495826388889 0.037299296093749934 0.14792199305555553
3 0.49206378046875 0.41605185625 0.12720016093749997 0.18192704583333327
2 0.5900939796875 0.42285286805555555 0.055470746874999935 0.09011339722222221
3 0.7980565250527871 0.40720720720720716 0.4025355985430742 0.8144144144144143
8 0.348536637890625 0.36968352986111114 0.005738353906250016 0.017002526388888838
8 0.381737110546875 0.38037082569444447 0.005738353906249971 0.013602023611111175
8 0.36691303046875 0.3820710777777778 0.008607529687499981 0.017002527777777804
