2 0.40433528789062495 0.4075947715277778 0.018037967968750034 0.01856539305555553
2 0.42664540546875 0.4075947715277778 0.028481001562500018 0.01856539305555553
2 0.3843985875 0.42025299375 0.01803796718750004 0.030379734722222274
2 0.340253035546875 0.45147660972222226 0.03607593515624998 0.07932486111111112
2 0.373480869921875 0.4362867430555555 0.013291133593750004 0.05232065277777775
2 0.358765686328125 0.4345989798611111 0.023734167968749987 0.062447231944444404
2 0.31746823476562497 0.4649787138888889 0.03797466796875 0.11308012499999999
2 0.66493646328125 0.4852318694444444 0.17278474062500004 0.18059064444444445
2 0.7138288484374999 0.5240504201388889 0.15854424062499994 0.19409274861111112
2 0.83791105859375 0.5459913395833333 0.21797462968749998 0.22784800694444446
2 0.254272050390625 0.4708858854166667 0.12436703828125 0.1755273541666667
2 0.07252106484375 0.5925278847222222 0.1433543734375 0.40337536388888884
2 0.43950344446790535 0.5761773598536036 0.2176147326858108 0.32872636137387384
2 0.9116873117715372 0.6041280245307807 0.17527402510557427 0.30735514816066073
