9 0.54485069609375 0.012440738888888888 0.029991093749999996 0.0234597
9 0.233543140625 0.18092404166666667 0.016795012499999994 0.014928902777777767
2 0.23834171484375002 0.2502367888888889 0.023992873437500027 0.02985779999999999
2 0.21674812812500002 0.2502367888888889 0.016795012499999994 0.0383886
2 0.2815288921875 0.24490503888888887 0.01199643749999999 0.03625589999999998
3 0.163963803125 0.20758278958333334 0.10796793749999997 0.2004738013888889
3 0.3187178484375 0.2271785426801802 0.06718004999999998 0.133030302027027
2 0.37690056953125 0.2704974402777778 0.03718895624999998 0.10876770277777778
2 0.5844389386718751 0.3163504895833333 0.41627638203125006 0.5971560013888889
0 0.839963058203125 0.2555685409722222 0.05158468203125004 0.21966809861111108
0 0.877152014453125 0.23957328958333335 0.06598040703125001 0.2260662013888889
1 0.9269372312499999 0.2395732916666667 0.0359893140625001 0.1791468
0 0.968867012109375 0.20438374097222223 0.06226597578124995 0.2409951041666667
8 0.212048964453125 0.17924138958333333 0.004801108593750003 0.019915709722222216
