9 0.5181103707031249 0.4185175020833333 0.016571736718749987 0.02946085972222221
9 0.03947971796875 0.27554568333333335 0.010722889062499996 0.031193850000000013
2 0.0887075140625 0.6090319331831832 0.177415028125 0.4035577552552552
2 0.125262808203125 0.45057784722222227 0.12380059609375 0.0901155666666667
2 0.24272715351562502 0.5112529656343844 0.14817079296875 0.15947605071321316
2 0.3587292875 0.4731067409722223 0.042891545312500015 0.051989751388888866
2 0.37968765585937503 0.4679077659722222 0.024370196093749998 0.045057784722222195
2 0.39187275390625 0.4644417833333334 0.011697693750000005 0.03465983611111112
2 0.46352113085937496 0.4687742590277778 0.02047096484374995 0.03985880416666671
2 0.47375661289062504 0.4713737493055556 0.025345003906249986 0.04852376805555557
2 0.48984094218749996 0.4774392201388889 0.026319809374999982 0.06412069305555555
2 0.5103119070312501 0.48177169722222224 0.04386635312499996 0.07971761388888889
2 0.55076643203125 0.5025676006944445 0.07798462500000003 0.11091147083333329
2 0.6984498214843751 0.49130315416666664 0.12964944296874997 0.08838257777777775
2 0.8719656183593749 0.6689348062500001 0.25247523203124994 0.4471118652777778
2 0.30535855859375 0.4566433194444444 0.033143467187499984 0.03465983611111112
