8 0.289889769921875 0.23425435972222222 0.009760599218749989 0.07982000555555556
8 0.272808721875 0.21516696805555557 0.02635361406250003 0.09023130833333334
9 0.224981790234375 0.21603457430555556 0.030257855468749994 0.06420304583333336
9 0.8555164402343749 0.38088023541666666 0.055635410156249954 0.019087393055555582
9 0.8130578374999999 0.35658719027777774 0.021473315625000034 0.04338043611111111
8 0.795976790625 0.3652632784722222 0.014640895312500124 0.05032130694444446
8 0.788168312890625 0.37046893194444447 0.008784538281249966 0.03991000277777776
8 0.9487301531250001 0.504080675 0.02147331406249986 0.026028258333333394
0 0.9067595804687499 0.5544019833333333 0.013664837500000004 0.022557827777777817
0 0.8901665644531249 0.5622104618055556 0.011712717968749864 0.0381747847222222
0 0.878941876171875 0.5925767673611111 0.020497257031249917 0.08155522083333334
0 0.8638129492187498 0.5769598104166666 0.011712718750000128 0.0572621763888889
0 0.847707961328125 0.5665485069444445 0.012688778906250064 0.022557827777777817
0 0.8291628249999998 0.5743569847222222 0.012688778124999977 0.05205652500000003
0 0.7647428765625 0.5856358972222222 0.018545135937500047 0.07808478611111111
0 0.74961394765625 0.5821654625 0.019521195312499982 0.08502565555555558
0 0.740341380078125 0.5812978541666667 0.022449377343749966 0.07982000555555552
2 0.701298987109375 0.5648132881944444 0.022449375781249968 0.03991000138888883
0 0.717892004296875 0.6081937256944444 0.036114213281249974 0.13014131250000002
0 0.6661608335937499 0.5847682895833333 0.008784539062499963 0.07634957083333337
0 0.657864325390625 0.5821654631944445 0.013664836718750007 0.0989073986111111
0 0.650543876953125 0.583900679861111 0.01464089765624994 0.09890739583333333
0 0.621750111328125 0.5674161138888889 0.013664836718750007 0.05899739444444441
0 0.635902979296875 0.5934443763888889 0.034162094531250006 0.09717217777777773
0 0.6949545988281249 0.639427638888889 0.04685087109374999 0.2030204444444445
0 0.49925460234374996 0.6350895958333334 0.020497256250000005 0.11105391944444444
0 0.409457098828125 0.5960472027777778 0.024401496093749975 0.09196652499999998
0 0.34162094140625 0.585635898611111 0.0136648390625 0.057262177777777784
0 0.27768902070312496 0.5873711166666666 0.012688777343750023 0.06420304722222225
0 0.22449376132812499 0.5760922006944446 0.007808480468750023 0.04511565694444444
0 0.217661342578125 0.5925767680555555 0.013664836718750007 0.07461435
0 0.12200747773437501 0.5769598083333334 0.019521194531250008 0.019087391666666696
1 0.021589369140625002 0.6229430722222222 0.034906046093750004 0.12146522499999995
0 0.29379400859375 0.6238106819444444 0.033186034374999986 0.14402304999999999
0 0.536832906640625 0.6992926416666667 0.07027630859375007 0.23946001111111118
0 0.520794808984375 0.6692028597222222 0.08673554609374996 0.33434392500000004
0 0.44605934179687506 0.7175124270833333 0.11517505859375002 0.4147169763888889
0 0.062955859375 0.7504815569444444 0.09077356562500001 0.4181874111111111
6 0.025468190624999998 0.6402952479166667 0.050573840625 0.09717217916666669
2 0.39042393203125 0.5986500277777778 0.06051570937499995 0.062467830555555534
2 0.43581071484375 0.5899739409722222 0.03416209531250001 0.0763495680555556
2 0.61345360234375 0.56047524375 0.018545135937500047 0.024293043055555567
2 0.60125285390625 0.5708865486111111 0.013664837500000004 0.03123391111111115
2 0.585635896484375 0.583900679861111 0.03904239296875005 0.07808478472222215
2 0.550009712890625 0.5821654618055555 0.018545136718749956 0.05032130416666673
2 0.7008109570312501 0.5717541583333333 0.023425435937499996 0.04338043611111107
4 0.7862161917968751 0.5570048104166667 0.04977905078124998 0.09370174305555558
2 0.9623949906250001 0.6142669875000001 0.074180546875 0.10064261388888893
0 0.015202702702702704 0.7639639639639638 0.030405405405405407 0.05405405405405395
