2 0.1668904375 0.4414281263888889 0.062165492187500004 0.05313290000000003
2 0.033951921484374994 0.44716648124999997 0.05068878515624999 0.07481112361111104
2 0.065034669140625 0.4250631951388889 0.022953411718750004 0.02720404861111108
2 0.2065807140625 0.4412155972222222 0.04208125625000001 0.03910581388888896
2 0.37815746640625003 0.43866521666666664 0.05929631562500006 0.06460960555555555
2 0.628827863671875 0.48372191597222225 0.15397914296874998 0.14112097916666666
2 0.78446475703125 0.4927899368055556 0.18445620468750007 0.17739303194444445
2 0.85278305390625 0.5418138944444444 0.29265601093749993 0.25843842222222224
2 0.20897169296875 0.46714445 0.04303764843750002 0.08331238611111111
2 0.089422669140625 0.45694293611111114 0.10042117890624999 0.07991188055555559
2 0.29695977500000004 0.5147515312500001 0.1979731828125 0.2575882986111111
3 0.47484872226562497 0.4786211590277778 0.18840926171874997 0.1904283125
2 0.004303764453125 0.4626387930555555 0.00860752890625 0.05950884722222227
9 0.69905437890625 0.3375001513888889 0.020084235937499972 0.022103286111111113
9 0.5551173539062499 0.34770167013888886 0.030604549999999973 0.03910581249999999
9 0.148718984765625 0.27646109861111107 0.020084235156249998 0.017002527777777762
9 0.18888745664062498 0.38187677430555556 0.008607528906250005 0.017002526388888838
2 0.21088447773437502 0.4175820847222222 0.025822588281250013 0.023803536111111058
8 0.150153573046875 0.33750017430555557 0.009563921093750016 0.028904298611111105
8 0.151109964453125 0.3051953722222222 0.013389491406249987 0.035705305555555594
9 0.14058965156249997 0.35110219652777774 0.015302276562500005 0.015302273611111082
2 0.172628790625 0.3893578881944445 0.035386510937500004 0.0306045513888889
2 0.15302274843750002 0.4131614243055556 0.017215059374999987 0.013602020833333325
