8 0.35239831523437504 0.44722681875 0.017551052343750005 0.029121745833333375
8 0.41207189218749996 0.3806628270833334 0.010530631250000066 0.03328199583333339
8 0.649596136328125 0.3796227652777778 0.012870772656250029 0.0228813722222222
8 0.5524803125 0.4451466944444445 0.008190490624999925 0.016640997222222214
8 0.5624259089843751 0.44618675694444443 0.009360561718750039 0.01872112222222226
8 0.5460449261718751 0.4617876923611111 0.011700700781250007 0.0166409986111111
8 0.512112891796875 0.4659479416666667 0.009360561718750039 0.016640997222222214
8 0.495731909375 0.4680280666666667 0.014040842187499968 0.02080124722222223
8 0.23656136718749998 0.34010039583333335 0.012870771874999987 0.043682622222222196
8 0.4196773484375 0.3765025784722222 0.00936056093750004 0.0291217458333333
8 0.618589276171875 0.43994638402777786 0.011700700781250007 0.022881373611111085
8 0.21374499882812498 0.45762744236111114 0.011700700781250007 0.029121745833333375
9 0.68703838125 0.37234232777777776 0.03393203437499999 0.024961494444444395
9 0.7221404863281251 0.37962276597222216 0.019891192968750016 0.031201873611111115
8 0.58056199765625 0.4368261958333333 0.010530631249999978 0.016640997222222214
2 0.6103987859375 0.45346719375 0.023401403125000008 0.033281995833333314
2 0.5916776628906251 0.4524271305555555 0.028081683593750028 0.035362119444444395
2 0.5682762609374999 0.4576274430555556 0.023401403125000008 0.024961497222222167
2 0.5554054878906249 0.4981898763888889 0.028081683593750028 0.05616336944444448
2 0.5132829624999999 0.4929895631944444 0.025741542187499977 0.03744224583333333
2 0.44424882265624993 0.5096305618055555 0.03276196562499996 0.05408324305555554
2 0.3798949625 0.5221113090277778 0.05850350781250002 0.08736523749999997
2 0.8683992578125 0.5387523076388889 0.11817708749999997 0.1289677347222222
3 0.642575715234375 0.4711482534722222 0.03159189453125002 0.07696461527777781
2 0.675337681640625 0.5002699993055556 0.03627217578125004 0.043682618055555546
2 0.9485490640625001 0.5751544909722223 0.10062603437500002 0.13936835694444444
2 0.5992831203125 0.5429125569444444 0.08541512187500003 0.13728823333333334
2 0.48695638320312506 0.5429125576388889 0.07839470078124995 0.10400623750000003
2 0.25762263007812497 0.6385982951388889 0.31942915546875 0.29121746249999997
2 0.06807126328125 0.5928355506944445 0.13455806875 0.23713422083333338
8 0.769528328515625 0.44410663194444444 0.009360561718750039 0.022881372222222276
0 0.954399414453125 0.4815488770833333 0.02106126328125004 0.0520031180555555
