9 0.582616037109375 0.13548972916666666 0.06427600078125 0.04897219166666665
9 0.5821569234374999 0.2391475340277778 0.17354520312499994 0.17466748194444445
9 0.80012548515625 0.33864421875 0.021816031250000024 0.02759069861111109
9 0.42046704101562504 0.4905218972222222 0.03381115546875 0.06363141111111112
9 0.40539792070312497 0.4840084881944444 0.014691657031249994 0.03101571805555557
9 0.40402057773437494 0.5223700402777779 0.013773428906249973 0.04897219166666665
9 0.71759563984375 0.4880895048611111 0.04407497187500002 0.0620314402777778
9 0.718054753125 0.4987001472222223 0.015609884374999971 0.027750908333333355
9 0.71759563984375 0.5452237291666667 0.03672914375000005 0.04897219166666665
9 0.650105838671875 0.5101269916666666 0.019282800781249953 0.060399036111111096
9 0.46324632148437506 0.5215538368055556 0.012855200781249998 0.057134223611111104
2 0.52935877890625 0.5944679902777777 0.02662862812500002 0.034280533333333335
2 0.5670061515624999 0.5944679902777777 0.030301543750000003 0.037545347222222206
2 0.8397200417968751 0.7084643666666667 0.31862531953125 0.4309552833333333
2 0.548488537109375 0.5955562625 0.01101874296875005 0.0244860944444444
