2 0.9241178375000001 0.577952742361111 0.15012040781249994 0.11611044583333331
0 0.71307193984375 0.6013481284722223 0.04386635312500005 0.17676515694444445
0 0.6092549046875 0.5970156493055556 0.03899231406250001 0.1577022458333333
2 0.7652241589843751 0.5597563277777777 0.07798462734375003 0.06585368333333332
2 0.837359939453125 0.5597563270833333 0.052639624218750035 0.038125818055555524
2 0.86514196328125 0.5502248736111112 0.01852134843750015 0.022528891666666655
2 0.487891326953125 0.5519578652777778 0.012672502343750036 0.015596924999999985
2 0.5205473890625 0.5545573520833333 0.013647309375000027 0.02426188472222227
2 0.5678255703125 0.5519578652777778 0.016571732812499997 0.03985880833333329
2 0.6398773312499999 0.549188675 0.040135160937499935 0.04818436666666667
2 0.6745670285156249 0.5467588895833333 0.01949615703124996 0.025994876388888914
2 0.697475013671875 0.5424264104166667 0.018521349218749972 0.02426188472222219
2 0.2322429593961149 0.5427628317755254 0.019973540667229717 0.03879866077327318
2 0.36457813359375 0.5536908576388889 0.007798462500000003 0.019062909722222167
9 0.22907984453125 0.4254494701388889 0.03314346874999998 0.08491659583333333
9 0.309988895703125 0.48870366597222226 0.021445772656249983 0.0415918013888889
9 0.3650655375 0.5294289736111111 0.014622117187500016 0.01906290833333336
9 0.42501622070312506 0.5294289736111111 0.011697692968750052 0.01906290833333336
9 0.44110055039062496 0.521630511111111 0.010722886718750057 0.027727866666666677
9 0.4240414125 0.5528243611111111 0.005848846874999936 0.017329916666666632
