2 0.07490608281250001 0.5729529138888889 0.149483309375 0.20622052777777783
2 0.24830672109375002 0.6186615895833334 0.20449316718750002 0.19559060416666668
2 0.366697501953125 0.56019700625 0.09208171796875005 0.11267719583333337
2 0.47432548476562497 0.5974017395833333 0.13991637734374995 0.21685045138888895
2 0.560427870703125 0.5495670805555556 0.034680127343750033 0.061653558333333316
2 0.569994802734375 0.5633859847222222 0.03228839453125003 0.0637795472222222
2 0.59211833203125 0.570826929861111 0.055009859375000046 0.10417325694444446
2 0.744591308203125 0.6175985958333333 0.29777075234374994 0.410315075
9 0.7924259656249999 0.3635434069444445 0.04663879218749996 0.08929136111111112
9 0.39061483007812503 0.44220484722222225 0.015546263281250017 0.021259850000000018
9 0.43187222421874993 0.4655906805555555 0.01674212968749993 0.021259849999999938
2 0.57537620078125 0.4804725743055555 0.021525596875000018 0.012755909722222233
8 0.55624233671875 0.4730316256944445 0.009566931250000011 0.02763779861111107
8 0.4617688871093749 0.4677166652777777 0.009566932031250008 0.021259849999999938
9 0.390016897265625 0.4772835972222222 0.009566930468750012 0.03614174166666662
9 0.23276045703125003 0.30614181736111107 0.049030525000000005 0.059527576388888906
9 0.22498732460937498 0.3720473465277777 0.01913386484374997 0.02976379027777772
8 0.3744706328125 0.44858280138888884 0.007175198437500007 0.034015758333333285
