8 0.32067985859375003 0.24926844861111108 0.010100514062499987 0.027750908333333317
8 0.15631694140625002 0.2541656736111111 0.011936971875000002 0.034280533333333335
8 0.30552908749999996 0.3006892548611111 0.011018742187500008 0.03591294027777781
9 0.155705333203125 0.2960485625 0.02203748671874999 0.05060459722222224
9 0.311345078125 0.3148212361111111 0.01193697187499998 0.032648127777777744
9 0.31272242109375004 0.27074626319444445 0.027546857812499992 0.013059251388888922
9 0.4206142796875 0.34420455138888884 0.015609885937500057 0.016324063888888872
9 0.6015053117187501 0.27844189027777777 0.01377342812500002 0.04897219166666665
8 0.311279490625 0.24812576944444445 0.007345828124999976 0.027750908333333355
0 0.8374244699218749 0.4276904701388889 0.05233902890624993 0.21221282916666667
0 0.9696493863281249 0.35341597847222217 0.032138000781250044 0.1681378569444444
2 0.24792171796874998 0.37545346458333334 0.02203748593749997 0.031015720833333343
2 0.21670194687500005 0.3803506854166667 0.023873942187500007 0.03428053472222222
2 0.189614202734375 0.38606410902777777 0.032138000781249995 0.032648126388888934
2 0.16711760234375 0.38361549722222227 0.02203748593749999 0.034280533333333335
2 0.1492121453125 0.38688031249999993 0.0192828 0.034280533333333335
2 0.12579731640624997 0.38279929374999994 0.031219771875000003 0.03591294027777781
2 0.386115120703125 0.36729143611111115 0.02111925859374999 0.027750908333333317
2 0.43110832109375 0.3648428263888889 0.019282799999999954 0.02285368888888885
2 0.47059215078124994 0.3648428263888889 0.015609885937500057 0.02285368888888885
2 0.48298823593750007 0.37218865277777774 0.018364571874999937 0.034280533333333335
2 0.37050523476562497 0.40075576458333334 0.057848402343749994 0.07509069305555553
2 0.072878656640625 0.39830715486111107 0.14575731328125 0.16324063749999998
2 0.088488542578125 0.5643228840277777 0.17697708515625 0.4456469402777777
2 0.29726503007812505 0.43373037500000006 0.12671554609375 0.14854898055555554
2 0.5020300042968749 0.3757799486111111 0.03489268671875001 0.05223700277777783
2 0.45106831757812504 0.37414754236111114 0.02295571484375003 0.03591294027777773
2 0.41182552070312506 0.3730048583333333 0.033974457031249995 0.04897219166666669
