2 0.26559282656249994 0.5216495694444444 0.0208762921875 0.030927838888888934
2 0.24703612382812498 0.5257732833333334 0.016237116406249984 0.030927838888888854
2 0.231958801171875 0.5257732819444444 0.02319588046875003 0.03505155000000002
2 0.44188151679687504 0.49896915555555554 0.011597939843750016 0.03917526388888888
2 0.432603164453125 0.5041237944444444 0.013917527343750003 0.03298969722222217
2 0.49349234960937505 0.5024055930555555 0.010438146093750067 0.024742272222222222
2 0.455219146484375 0.4951890965277777 0.0057989695312500086 0.022680415277777793
2 0.582989811328125 0.49003445486111114 0.06958763984375001 0.09896909027777778
2 0.41230676835937496 0.5127148729166666 0.04523196484374994 0.06185568194444444
2 0.31565727421875 0.5261169354166667 0.08234537343749997 0.09690722916666661
2 0.6806057937500001 0.5065293020833334 0.12873713593750002 0.14432992083333337
0 0.9037107953125 0.4982818791666667 0.04298352968750017 0.111340225
2 0.3858248125 0.5072165777777778 0.006958765624999997 0.020618561111111135
9 0.38273202109375 0.47491417222222226 0.01159794062499997 0.012371133333333341
8 0.400708829296875 0.47147775138888887 0.008118558593749946 0.0164948472222222
2 0.19971181132812502 0.5191411763888889 0.05057645546874998 0.04171861666666664
2 0.45579904375 0.4642612548611111 0.009278353124999939 0.01855670416666663
2 0.471456263671875 0.5058420118055555 0.035953614843749995 0.05360825416666665
2 0.175139976171875 0.5425476569444445 0.04441631328125002 0.05094344166666668
