2 0.278790530078125 0.3701056291666666 0.012292050781250018 0.024280594444444463
2 0.267181371875 0.39074413472222225 0.013657834374999966 0.026708652777777786
2 0.256255103125 0.40167040347222227 0.02185253437500001 0.02428059583333335
2 0.233719675 0.41259667222222224 0.03141301875 0.0461331333333333
2 0.19616063085937502 0.4198808493055556 0.049168205468750024 0.07526984583333338
2 0.178405446484375 0.43444920625 0.04916820546874998 0.07526984583333338
2 0.120359648828125 0.4647999506944444 0.09970219453125 0.11654685694444449
2 0.03525427578125 0.4732981576388889 0.0705085515625 0.2598023652777777
2 0.31293511796875 0.3725336895833334 0.012292051562499972 0.03884895416666667
2 0.3190811421875 0.38710204722222225 0.016389401562499996 0.024280594444444463
2 0.333421870703125 0.4004563743055556 0.02594988671874998 0.05584536805555555
2 0.346396813671875 0.41745278750000003 0.03277880390624999 0.06070148888888885
2 0.35868886328125005 0.42352293680555564 0.04097350468749998 0.07284178749999996
2 0.39624791171874996 0.44658950208333326 0.08331279218750001 0.12383103472222222
2 0.5826773546874999 0.5829077090277778 0.3687615390625 0.40062982083333337
2 0.6332113421875001 0.3655963840277778 0.11199424374999997 0.08255402361111111
2 0.857199832421875 0.39230503958333335 0.27861982734375 0.16996416527777777
