8 0.3679870671875 0.3882899541666666 0.012870771874999987 0.05408324444444443
8 0.029251754687500003 0.25862884375 0.0468028078125 0.12480748472222222
8 0.533669001953125 0.36943014930555557 0.011466691406250007 0.04576274305555555
8 0.8314518671875 0.4089525229166666 0.014040840624999973 0.041602493055555495
8 0.8571934109375 0.30494628472222224 0.014040842187499968 0.07072424166666669
8 0.9137077871093752 0.4463947645833333 0.00819049140625001 0.033281995833333314
8 0.278476698828125 0.49839788194444445 0.009360561718750039 0.024961497222222167
8 0.897911837890625 0.3912714604166666 0.018721122656249988 0.060323618055555604
8 0.90434722421875 0.4474348270833333 0.01287077187500003 0.031201870833333267
8 0.48499408398437505 0.4775966381944444 0.012870771093750033 0.04576274305555559
8 0.0988709296875 0.5191991479166667 0.012870771874999987 0.0291217458333333
0 0.04621777109375 0.5969958013888889 0.012870771874999997 0.05408324444444443
0 0.056748403125 0.5897153645833333 0.015210912500000002 0.06864411805555556
0 0.07663959648437499 0.5897153631944445 0.022231333593749993 0.07280436527777781
0 0.9137077855468749 0.5065103736111111 0.033932035156249894 0.06032361666666672
0 0.0202568296875 0.5764917138888889 0.040513659375 0.3328199583333334
0 0.8718192890625 0.5377122444444444 0.02223133281250007 0.10192611388888895
9 0.140993455078125 0.5429125576388889 0.03861231328125001 0.07072424027777784
2 0.18347878435388512 0.5798354128753753 0.12358297183277027 0.11960845352852847
2 0.36459386171875 0.5574734319444444 0.0210612625 0.0540832472222222
2 0.46287975546875 0.5356321194444444 0.014040842187499968 0.01872112222222218
2 0.465219896875 0.5273116229166667 0.016380981249999937 0.014560873611111053
2 0.45059401953125 0.5429125555555555 0.019891192187500017 0.02912174444444449
2 0.38799526484374997 0.5585134930555556 0.039782385937499984 0.05200311944444446
6 0.627859658984375 0.5418724951388889 0.02106126328125004 0.043682618055555546
6 0.572749346484375 0.6656399180555557 0.12285736796874999 0.28289696388888885
1 0.555929569921875 0.5969958173611112 0.12285736640625 0.39938395138888894
2 0.42356540039062496 0.5603856243055555 0.042122525781249996 0.05824349305555556
2 0.33346999843749997 0.5603856243055555 0.049142946875000024 0.06240374305555558
2 0.9310248285156251 0.6197300265953454 0.13643018984374997 0.3641435504129129
