8 0.360196215625 0.23701223263888885 0.012474328124999979 0.0415810986111111
8 0.555887234765625 0.2578027736111111 0.01247432734374998 0.030492797222222222
8 0.6422979511718749 0.38323907222222225 0.0070168085937499566 0.018018475000000065
9 0.723770928515625 0.25064159166666666 0.02338936640625002 0.026334694444444414
9 0.72649968828125 0.3227154854166666 0.013253975000000029 0.023562618055555578
9 0.795108490234375 0.32964566805555556 0.02260972109374997 0.04296713055555558
9 0.7268895101562499 0.3594454486111111 0.0062371640624999895 0.013860361111111136
9 0.667246630078125 0.37284379930555556 0.011694682031250014 0.027720729166666697
9 0.182437045703125 0.3642965770833333 0.006237164843749987 0.02356261805555554
2 0.513916334375 0.44561071249999995 0.011694682812500013 0.023562622222222194
2 0.501442007421875 0.4449176930555555 0.01013539296874999 0.019404508333333344
2 0.49169643828125 0.4456107111111111 0.009355745312499941 0.018018472222222214
2 0.781334737890625 0.46085711319444445 0.08965923046875002 0.10395273194444449
2 0.875282018359375 0.4684803131944444 0.16528484296875012 0.16909644305555555
2 0.471295698046875 0.436601475 0.03508404609374995 0.04158109166666664
2 0.970788592578125 0.5001281562500001 0.05535483203125011 0.14276175138888894
2 0.44205899296875 0.4359084555555555 0.012474328124999979 0.023562622222222274
