2 0.10815346406250001 0.5004548013888889 0.0659659421875 0.09272731944444443
2 0.270000137890625 0.4854547923611111 0.021477283593750007 0.04090911250000002
2 0.309886521484375 0.4827275173611111 0.021477283593750007 0.03000001527777777
2 0.330596759765625 0.4786366069444444 0.02301137578125001 0.032727288888888886
2 0.49857979804687497 0.48681843055555557 0.01534091640624995 0.027272741666666652
2 0.4487218191406249 0.4909093395833333 0.019943192968750002 0.046363659722222256
2 0.543835503515625 0.4922729770833333 0.016875008593749997 0.04909093472222226
2 0.56531278828125 0.4922729770833333 0.023011374999999924 0.04363638472222225
2 0.58218779609375 0.4909093395833333 0.038352292187500046 0.046363659722222256
2 0.6136366757812499 0.4909093416666667 0.05829548437499996 0.06272730555555554
2 0.8215061 0.5386366381944444 0.14267052656250004 0.11454551249999996
2 0.936065321875 0.5712532354166667 0.12633429843750008 0.1584032791666667
2 0.054460255078125 0.5100002604166666 0.10585232734374998 0.10636369027777771
2 0.016875008593749997 0.5917671278528529 0.030681834375 0.13898826681681672
2 0.6596594277343749 0.5113638972222222 0.07363640078125 0.07636367500000002
2 0.3868881376266892 0.5102191890953454 0.11811561663851351 0.20839045063813808
4 0.45869341445312506 0.46500023819444447 0.039886383593750005 0.07090912638888883
2 0.51468776171875 0.4881820673611111 0.038352292187500046 0.04636366250000003
9 0.30221606328124995 0.40090929583333335 0.027613651562500018 0.01909091944444441
9 0.49244343281249997 0.4118183909722223 0.02147728437499996 0.019090918055555604
9 0.5890912089843751 0.43227294722222226 0.009204550781249932 0.027272741666666652
8 0.256960359375 0.39136383611111114 0.010738642187500026 0.038181838888888896
2 0.321392209765625 0.39409110902777783 0.010738641406249982 0.03272728750000001
0 0.715653773828125 0.4936366152777778 0.019943192968750002 0.06272730555555563
0 0.8291765578125 0.4786366069444444 0.016875007812500085 0.032727288888888886
0 0.733295827734375 0.5018184368055556 0.021477283593749962 0.07363640138888891
4 0.1983539265625 0.46086192916666663 0.13747301875 0.2118102805555556
