2 0.291829748046875 0.4951617187500001 0.014691658593750035 0.03428053194444445
2 0.268874033203125 0.5065885666666666 0.047747886718749966 0.06692866388888885
2 0.24454097734375 0.51638300625 0.07070360156250004 0.07019347638888891
0 0.18340468398437498 0.5075151444444443 0.01836457265625 0.06692866111111115
0 0.1260153984375 0.5044135694444445 0.021119257812499993 0.09467956944444443
0 0.85958821171875 0.5117593979166667 0.06978537187500003 0.3836154958333334
0 0.9278699859374999 0.5035973687499999 0.07345828749999991 0.36402662361111104
0 0.85900284296875 0.5378779027777778 0.13957074531249997 0.43911731666666676
4 0.6482024078124999 0.3787182819444444 0.7023109218749999 0.3558645916666666
2 0.766261754296875 0.4733978465277778 0.27730503359375 0.22853689027777777
2 0.49767989296875 0.5027811624999999 0.45268669218749996 0.3199516472222222
