2 0.4171202765625 0.4835046909722222 0.012672501562500039 0.031193851388888857
2 0.4312549914062499 0.49043666041666667 0.023395389062500004 0.04852376805555549
2 0.45172595546875005 0.4913031534722222 0.037042698437500035 0.06412069583333341
2 0.46927249609375005 0.508633075 0.04679077656250001 0.08491659722222222
2 0.40980921796875 0.4926028986111111 0.013647310937500023 0.04765727222222225
2 0.34547189960937497 0.49043665694444444 0.023395388281250006 0.03812581944444449
2 0.50080753046875 0.4575098159722222 0.05166481562499996 0.05718872638888889
2 0.5539345589843749 0.5155650374999999 0.16961656484374998 0.27034670833333335
2 0.381880973828125 0.49736862291666667 0.05946327734375001 0.09531454583333338
2 0.25174412578125 0.5333333333333333 0.17936464218749998 0.24504504504504507
2 0.040698227734374995 0.5398269222222223 0.08090904921875 0.16290122222222223
0 0.76887968984375 0.5120990555555556 0.01657173437499999 0.09704753888888891
0 0.77716555625 0.5207640125 0.025345003124999987 0.11437745277777778
0 0.74938353125 0.5146985423611111 0.028269426562500043 0.12304241249999998
0 0.81859488828125 0.5172980263888889 0.02924423593750003 0.13517335277777778
0 0.676313565234375 0.4956356333333334 0.022501822656249983 0.07105266111111111
0 0.63435620625 0.49996811388888884 0.010722885937499971 0.041591802777777784
0 0.643129476171875 0.5138320486111111 0.014622117968750015 0.07625163611111113
0 0.6572641906250001 0.5155650395833333 0.017546540624999985 0.09358155416666665
0 0.7005212882812499 0.4907254951388888 0.01047918281250002 0.03292685138888889
0 0.130119438671875 0.5033103027777778 0.027294619531249988 0.10397950277777773
0 0.11124993203125 0.5024438055555556 0.010722885937500015 0.09878053055555557
0 0.10881291093750001 0.5033103013888889 0.017546540625000006 0.1005135222222222
0 0.8693336554687502 0.4991016173611111 0.015596925000000006 0.08318360416666669
0 0.978512134375 0.497368625 0.01559692343750001 0.07971761944444443
0 0.94963545859375 0.5701542784722223 0.04581597031250002 0.20449302638888892
0 0.890659584375 0.54849188125 0.042891545312499876 0.18196413194444447
0 0.989267505859375 0.5571568381944445 0.017221624218750085 0.23741986527777775
0 0.9684715945312501 0.4592428090277778 0.01072288593750006 0.034659834722222234
0 0.063606212109375 0.4713737472222222 0.011697694531249992 0.046790772222222186
0 0.07286688632812499 0.4731067416666666 0.008773271093750002 0.06412069444444445
0 0.0821275609375 0.4965021305555556 0.015596925000000006 0.10397950277777773
8 0.10442627617187501 0.39722646250000004 0.010722886718749991 0.029460861111111094
8 0.092728581640625 0.39722646250000004 0.014622117968749992 0.029460861111111094
8 0.24674822148437503 0.21229147986111113 0.012672500781249995 0.055208159722222226
8 0.25795851171875 0.22108022708333333 0.009748079687499977 0.05545573472222224
9 0.11661137343750001 0.2400193465277778 0.037042695312500006 0.055703312499999984
9 0.10491367890625 0.31268121249999997 0.021445773437499992 0.017329916666666674
9 0.572341630078125 0.30197040138888886 0.03023422109374998 0.03304383888888888
9 0.648856458203125 0.3798965298611111 0.027294619531249963 0.015596923611111101
8 0.47631546875 0.2762883861111111 0.009748078124999981 0.04159180000000002
8 0.6639659796874999 0.4192602048611111 0.012672503125000035 0.025994876388888914
