2 0.14880610625 0.5855551145833333 0.239864384375 0.2225733486111111
2 0.833850036328125 0.6820025899962463 0.33229992734374997 0.3036982125
2 0.9612126421875 0.6094765493055555 0.07371442031250001 0.13312798194444445
2 0.4638158152343751 0.5520651083333333 0.07020421015625003 0.09568573888888889
3 0.383080973046875 0.5304318083333333 0.05616336796874997 0.07904473888888891
3 0.429883780078125 0.5241914361111111 0.030421825781250078 0.04992299444444441
3 0.495992743359375 0.5262715583333334 0.01989119140625002 0.03744224722222222
3 0.5106186218750001 0.5241914354166667 0.009360562499999947 0.0166409986111111
3 0.5246594625000001 0.5262715611111111 0.014040842187499968 0.024961497222222167
3 0.541040444921875 0.5345920569444444 0.032761964843749956 0.05408324444444443
3 0.615339901171875 0.5408324333333334 0.03159189453125002 0.058243494444444446
3 0.66506788203125 0.5543532430555556 0.07488448906249996 0.08528511388888889
3 0.7013400582031251 0.5533131805555556 0.016380982031250026 0.0457627444444444
9 0.55157107734375 0.4815488777777778 0.016380981250000027 0.01872112222222218
9 0.743462584765625 0.5158709361111111 0.011700702343750003 0.024961497222222167
8 0.278359692578125 0.45242712986111117 0.00819049140625001 0.018721123611111147
8 0.249692973828125 0.45762744236111114 0.009360561718749993 0.01664099861111118
1 0.5702921996093749 0.5179510583333333 0.007020421093749984 0.02080124722222223
2 0.57731262109375 0.5626737416666666 0.06318378906250004 0.08112486666666664
3 0.291347471484375 0.5158709361111111 0.032761964843750005 0.03328199444444443
