8 0.325915709375 0.3078196902777778 0.00959715000000001 0.04691940277777778
8 0.56164570703125 0.27796188958333334 0.010796793749999978 0.051184801388888895
8 0.127974490625 0.4581750402777778 0.019194299999999997 0.01919429999999996
8 0.6486198796875 0.4549759902777778 0.00959715000000001 0.025592400000000026
8 0.145969146875 0.45924139027777783 0.00959715000000001 0.025592400000000026
0 0.2791296046875 0.5338858909722223 0.007197862499999985 0.046919401388888816
0 0.519058355859375 0.5168242895833334 0.011996438281249943 0.05118479861111109
2 0.387697362890625 0.5136252416666667 0.010796792968750024 0.023459700000000003
2 0.37870003515625 0.5253550909722222 0.016795012499999994 0.029857801388888876
2 0.368503062890625 0.5370849402777778 0.015595367968750029 0.044786699999999985
2 0.346909475390625 0.5434830416666666 0.04918539453125002 0.07464450277777775
9 0.13817146249999998 0.3781987902777778 0.025192518750000014 0.012796199999999973
9 0.2293443875 0.42725089097222224 0.013196081250000002 0.021327001388888867
9 0.6774113296875 0.3856632402777778 0.02399287500000007 0.01919430000000004
8 0.8465610996093751 0.16492879027777776 0.02159358828125004 0.07677720277777778
9 0.47047278203125 0.4187200909722222 0.015595368750000027 0.02559239861111114
9 0.543051228515625 0.44431249027777775 0.011996438281249943 0.025592400000000026
9 0.8771520140625 0.4357816909722222 0.017994656249999963 0.059715598611111094
2 0.49446565781250007 0.5360185916666667 0.041987532812499936 0.08957340277777774
2 0.43148436015625 0.5648100395833333 0.10077007499999997 0.14715629861111112
2 0.04299347890625 0.6874402909722223 0.0859869578125 0.3156396013888889
2 0.03879472578125 0.5520138402777778 0.0775894515625 0.10876770000000001
0 0.956270752734375 0.5701417902777778 0.08745849453125007 0.7379142027777778
0 0.88554952109375 0.5413503409722222 0.03958824374999992 0.12582930138888884
3 0.83456466171875 0.5445493895833333 0.05998218749999999 0.1066349986111111
3 0.76558514609375 0.5413503402777777 0.06598040625000001 0.10450230000000005
2 0.90708535859375 0.7343596909722223 0.18582928281250002 0.3753552013888889
8 0.54365105078125 0.27902823958333334 0.010796793749999978 0.05331750138888888
