8 0.14585988203125 0.18093736875 0.01186522656250002 0.05156246527777777
8 0.561801977734375 0.2688279333333333 0.010546867968750017 0.03515622500000003
8 0.13597219218749998 0.18328111666666666 0.007910149999999994 0.05624996111111111
8 0.159043466015625 0.18914048680555556 0.011865227343750017 0.04921871527777778
8 0.55455100625 0.27234355694444445 0.009228509375000016 0.04218747222222225
8 0.56971212890625 0.2735154298611111 0.005273434375000008 0.035156226388888906
8 0.296152746484375 0.3813278555555556 0.00659179296875001 0.021093736111111146
8 0.2842875203125 0.3836716041666667 0.009228509374999971 0.025781233333333296
9 0.0634624765625 0.3473435048611111 0.015820301562499993 0.014062493055555573
9 0.23287153984374998 0.3871872263888889 0.017138659374999986 0.028124980555555526
9 0.7048438722656251 0.3250778951388889 0.011865227343750017 0.021093737500000032
9 0.70550305078125 0.3567184972222222 0.018457018750000033 0.03281247777777779
9 0.724619248828125 0.3332810138888889 0.022412094531249947 0.018749986111111106
9 0.7496680597656249 0.3672653645833333 0.011865225781250021 0.03046872916666668
2 0.863046887890625 0.45398405625 0.022412092968749953 0.021093737500000032
2 0.92435055703125 0.45164030624999996 0.029003885937499873 0.02578123194444449
2 0.682431778125 0.44109343888888886 0.04614254687499999 0.06562495277777781
2 0.22034713437500003 0.41414033333333333 0.023730451562499998 0.025781233333333375
2 0.198594219921875 0.43992156597222226 0.05141598046875 0.05859370972222225
2 0.09378472109375 0.4375778166666666 0.042187470312499996 0.04453121944444444
2 0.47808621562500003 0.44109344027777775 0.054052698437500005 0.04687496944444444
2 0.574985562890625 0.45281218194444445 0.05800777265625001 0.07968744444444442
2 0.15574756953125 0.4422653145833334 0.0527343390625 0.06328120694444447
2 0.0456646375 0.43992156597222226 0.06723628125 0.0914061875
9 0.4550149421875 0.3438278826388889 0.013183584375000024 0.02109373749999999
9 0.49522487578124996 0.3953903458333334 0.01186522656250002 0.011718741666666609
2 0.008091421093749999 0.4446090625 0.0158203015625 0.04921871666666667
3 0.39305209414062503 0.44226531388888884 0.12128897890624998 0.13828115555555556
2 0.612453184375 0.44823614375000004 0.01973516562499995 0.018305081944444464
2 0.62746907109375 0.44823614375000004 0.013728810937500047 0.015254234722222215
