2 0.452249845703125 0.4263748520833333 0.00843749765625006 0.007499998611111083
2 0.44275766015624995 0.4282498520833334 0.008437495312500065 0.007499995833333313
2 0.43168344414062504 0.4244998527777778 0.011601557031250032 0.007499994444444506
2 0.40057017500000003 0.42168735625 0.014765618749999954 0.016874995833333312
2 0.38264049453125 0.4226248541666667 0.01687499531250003 0.014999997222222165
2 0.35943737734375 0.42074985416666666 0.021093742187499976 0.014999991666666703
2 0.33412488671874996 0.4235623541666666 0.02320311718750001 0.013124994444444442
2 0.48969125468749997 0.42824985416666667 0.0073828109375000395 0.01874999444444446
2 0.22546574296874997 0.41859360277777774 0.027474603124999986 0.016874991666666735
2 0.10849944179687501 0.4218748506944444 0.05616508359375 0.029999993055555525
2 0.031387434375 0.42528765716966965 0.0616782109375 0.05032558656156157
2 0.160454773046875 0.4110936069444444 0.054031728906249986 0.05062498055555559
3 0.27712953476562496 0.39937486041666664 0.07433445703125 0.05437498472222223
2 0.471181475390625 0.4420310951388889 0.029531238281249993 0.044999984722222226
2 0.50533746328125 0.43239242638888886 0.009734868750000025 0.01822265000000003
9 0.46064509804687503 0.2446581159722222 0.05535008828125001 0.06005856805555554
9 0.47119196796875 0.2081249270833333 0.033243629687500054 0.016874993055555582
3 0.03902027027027026 0.4015199129129129 0.07804054054054052 0.08706347499999999
9 0.249521128515625 0.21355928124999998 0.13557200859375 0.04271185694444443
9 0.25209528046875 0.28906774166666666 0.13900421093749998 0.0838982888888889
9 0.531347886328125 0.3310168861111111 0.012870760156249971 0.03508473888888888
2 0.4158380829452309 0.4309007349852302 0.018946275578023107 0.03948955522775693
