9 0.639585128125 0.13171865277777778 0.05537105625000001 0.04687496944444444
9 0.6428810238281251 0.18914048680555556 0.04614254609374999 0.08203119305555553
9 0.6488136375 0.2594529395833333 0.026367170312500042 0.04921871527777778
9 0.19991257812500002 0.12351553402777778 0.05668941406250001 0.06796870416666666
9 0.2005717578125 0.19734360694444447 0.06591792343750003 0.09843743333333334
9 0.23484907773437502 0.1973436076388889 0.021093735156249994 0.0749999486111111
2 0.5822365335937499 0.40828096250000007 0.048779264062499994 0.05624996111111113
2 0.49324733750000005 0.4433753665352853 0.1476561484375 0.23449848081831834
4 0.880844726953125 0.32624976805555556 0.23730452421875006 0.20624985833333337
0 0.603989449609375 0.3778122326388888 0.010546867968750017 0.04218747083333333
