2 0.6420889359374999 0.7039638111111111 0.4192955265624999 0.43947877222222215
2 0.177039662109375 0.5784561342905405 0.049168205468750004 0.07191656024774767
2 0.027486371484375 0.5764906875 0.04233928828125 0.038848952777777786
2 0.07324011796875 0.5740626277777777 0.032778803125 0.02913671388888888
2 0.108067596484375 0.57527665625 0.01775518515625 0.026708654166666672
2 0.125139890234375 0.5789187472222223 0.01365783515625001 0.01942447499999997
2 0.13948061640625 0.5789187472222223 0.009560484374999989 0.01942447499999997
2 0.387370316796875 0.6056274013888889 0.11472581328124995 0.10197849999999996
2 0.277424746875 0.5837748659722222 0.050533987499999974 0.05341730972222223
2 0.25215775273437496 0.5789187472222223 0.01912096953125002 0.038848952777777786
2 0.2398657015625 0.5825608368055556 0.016389401562499996 0.026708654166666672
2 0.22825654257812503 0.5801327770833333 0.01775518515625003 0.021852534722222258
2 0.22006184140625001 0.5728485979166666 0.020486751562500016 0.021852537500000026
2 0.21186714062499998 0.5922730743055555 0.01502361875 0.007284179166666702
