2 0.310027130859375 0.4627016708333334 0.08267390234374998 0.10070565555555559
2 0.029854464453125 0.43514370347222225 0.05970892890625 0.11431452916666668
2 0.05588143359375001 0.4205141673611111 0.09185989062500001 0.09798388194444449
2 0.244959709765625 0.4334425972222222 0.05970893046874996 0.08301412222222224
2 0.368205062890625 0.44705146736111107 0.041336949218749995 0.036743956944444434
2 0.40839376562499996 0.45385590694444444 0.01913747812499995 0.023135083333333264
9 0.2780932375 0.36428587847222227 0.015497454687500013 0.024489806944444463
9 0.43737264531250003 0.3428572965277778 0.015497456249999963 0.027551034722222194
9 0.45200913125 0.37882670069444446 0.01721939531249994 0.019897968055555597
9 0.486878408203125 0.40484712083333335 0.011192607031249935 0.022959194444444442
9 0.46922852851562497 0.40790834652777774 0.00860969765624997 0.016836743055555558
8 0.13341671015625 0.14503156041666668 0.014345882812499999 0.056108343055555565
