8 0.435924659375 0.21404665277777776 0.007748728125000071 0.027551033333333308
8 0.5504336390625 0.23777115416666664 0.007748728124999982 0.026020419444444443
0 0.026546563671875002 0.3352042326388889 0.01808036484375 0.030612256944444423
0 0.006744258593749999 0.3489797479166667 0.012914546874999999 0.03367348194444446
9 0.33391277343750003 0.19158170486111112 0.014636487500000017 0.02908164583333333
9 0.334343258203125 0.2688776576388889 0.018941335156250006 0.012244904166666654
9 0.32573356015625 0.2437580722222222 0.012053576562500012 0.013504455555555555
8 0.42732799374999997 0.21505111666666668 0.006887757812499995 0.02908164722222221
8 0.5418369742187499 0.2372450034722222 0.006887757812499995 0.021428581944444424
9 0.5810110984375 0.32066340833333334 0.009470667187500049 0.016836744444444444
9 0.55905636953125 0.3061225875 0.006887759374999991 0.015306130555555578
9 0.613727949609375 0.27704094166666665 0.011192607031250024 0.01224490555555558
8 0.535810184765625 0.2984695215277778 0.008609697656250059 0.01836735416666665
2 0.503298341796875 0.3529156131944445 0.010331636718749948 0.02448980694444442
2 0.517934828515625 0.3529156131944445 0.020663274218749982 0.015306129166666654
1 0.529127435546875 0.3521503055555556 0.00860969765624997 0.026020422222222214
7 0.529786987109375 0.3615307694444444 0.010331636718750037 0.03061225833333331
7 0.63181190546875 0.42275528611111113 0.028412003124999963 0.11632658333333332
1 0.631381419921875 0.38602057708333337 0.04132654921874997 0.15306129305555555
0 0.7358170597656251 0.34545933333333334 0.019802305468749993 0.05051022499999998
4 0.47566672734375004 0.3360030180555556 0.045906317187500004 0.0877902138888889
2 0.47380732929687497 0.36710794583333334 0.028412002343749965 0.048979613888888884
2 0.444964841015625 0.36175079930555554 0.036160730468749944 0.08418370972222221
2 0.354563015625 0.32042425208333336 0.034438790625000014 0.03214287083333333
2 0.39201520078124996 0.37858754097222225 0.08867988749999997 0.12397964861111113
2 0.061402807421875004 0.31736302499999997 0.02496812265625 0.022959194444444442
2 0.17594092714315876 0.4181051777777778 0.3417467191511824 0.3658164916666667
2 0.5431153953125001 0.3522888215277778 0.01377551562499999 0.016836740277777786
2 0.6025223097656249 0.36759494930555553 0.027551033593749975 0.06275513194444449
2 0.6214636453125 0.3729520951388889 0.044770428125000004 0.08265309861111107
2 0.659540611328125 0.38738991944444445 0.08131974921875003 0.09010016944444448
2 0.7999105651288007 0.43874735427927924 0.19711842755489864 0.23962240855855851
2 0.911584430078125 0.43745408661786783 0.17316886015624994 0.41878552045795786
9 0.9236221414062499 0.04213370833333333 0.03529976093750005 0.06428574444444445
