2 0.064264896484375 0.5741580444444445 0.03409974140625001 0.05129533888888886
2 0.097708875 0.572992238888889 0.07213406874999999 0.05362694166666668
2 0.0308209203125 0.5731991361111111 0.061641840625 0.086683225
2 0.16394106640625 0.568329025 0.0655764265625 0.05829015555555554
2 0.353129056640625 0.5625000118055556 0.02885362734375003 0.03730570138888893
2 0.513791300390625 0.5485103743055556 0.011803757031249962 0.01398963472222216
2 0.5046106 0.5543393881944444 0.00918069999999993 0.03031088194444441
2 0.49477413593749997 0.5496761763888889 0.02360751406250001 0.048963733333333356
2 0.493462607421875 0.5601684041666666 0.018361399218749953 0.032642486111111105
2 0.479035793359375 0.5520077840277777 0.015738339843749928 0.058290156944444504
2 0.4685435648437499 0.5520077833333333 0.020984456249999985 0.07227979444444452
2 0.43174724960937494 0.5122413090277778 0.056166810156250066 0.06190830694444445
2 0.24356588437499999 0.5703171868055555 0.032118578125000005 0.038066465277777836
2 0.292890843359375 0.5737159763888889 0.02370656796874999 0.033987913888888874
2 0.419070971875 0.5737159763888889 0.06423715624999997 0.08293050833333326
2 0.5242210785156249 0.5655588777777778 0.01911820078124995 0.025830813888888887
2 0.7260176405616553 0.6253473480668167 0.16958634049831067 0.19435034891141129
2 0.7995231761718751 0.5574017770833333 0.05582514765625009 0.10196374027777774
2 0.8997025503906251 0.5696374277777778 0.17129908359375 0.1454682694444444
2 0.9441603418496621 0.6037093951201201 0.1103279649493242 0.1619505791291291
2 0.5567220203125001 0.5499244388888889 0.01911820000000004 0.04622356388888886
2 0.5800462261718751 0.5506041965277778 0.04129531484375004 0.07477340972222224
2 0.5957231511718749 0.5635196034722223 0.04511895546874998 0.06253776249999995
2 0.617044226953125 0.5366169722222223 0.02235973203124999 0.03477203055555557
3 0.547545283984375 0.5438066138888888 0.02523602578124997 0.06933534444444445
1 0.2638311765625 0.5560422618055556 0.02753020781250002 0.08564954027777777
7 0.26536063476562505 0.5886204972222222 0.026000753906249986 0.07487373333333333
9 0.20915312187500001 0.4996223256944444 0.011470920312499988 0.019033229166666703
9 0.8962612742187499 0.2984138791666667 0.03747167343750011 0.0625377611111111
9 0.8962612750000002 0.34939574791666667 0.03594221874999999 0.042145012500000016
7 0.892777512890625 0.6356731083333333 0.08717899765624999 0.11148035833333331
7 0.9023366136718749 0.6532702298611112 0.08794372421874996 0.14426193472222218
2 0.66652451640625 0.5651629256944445 0.11233362187499996 0.1477811180555556
3 0.44298061093749996 0.5601703208333333 0.05841348125000003 0.08187872777777774
