4 0.04914005703125 0.4429501519707207 0.0966814546875 0.13031591227477474
2 0.26368552265625 0.48003870902777773 0.032168659375 0.01039795138888885
2 0.310963702734375 0.4783057159722222 0.040941930468749985 0.020795898611111124
2 0.354342651171875 0.4739732361111111 0.038017505468749976 0.015596927777777835
2 0.623389617578125 0.4783057166666667 0.018521349218749972 0.06585368611111109
2 0.710147516015625 0.47137374791666675 0.018521349218749972 0.038125818055555524
2 0.6960128019531251 0.46877426319444443 0.015596925781250003 0.02946085972222221
2 0.677004048828125 0.46357528680555554 0.00877327109374999 0.02946085972222221
2 0.8417465749999999 0.48870366597222226 0.03606789062500013 0.07278565416666664
2 0.848082826171875 0.4739732381944445 0.025345003906249986 0.03985880972222217
2 0.63557471640625 0.46530827847222217 0.007798462500000003 0.02946085972222221
2 0.6453227937499999 0.46097579861111104 0.009748078124999981 0.02079590000000001
2 0.729156268359375 0.46010930347222223 0.019496155468749964 0.02946085972222221
3 0.939614637109375 0.56148931875 0.11872630390625005 0.5753532513888889
2 0.588783938671875 0.5072365005255255 0.07408539609374998 0.10985132327327318
2 0.779358873828125 0.5259629888888889 0.15304483203125 0.16116823055555551
2 0.6618945281249999 0.4696407576388889 0.027294620312499962 0.045057784722222195
9 0.68675212734375 0.37086023055555556 0.053614431250000025 0.05892171944444442
9 0.73744213515625 0.36826074166666667 0.045815968750000026 0.06412069444444445
9 0.749627233203125 0.32926842777777776 0.02144577265625003 0.013863933333333299
2 0.426449003125 0.4689473708333333 0.019983553124999977 0.01776315833333331
2 0.5203717011718749 0.46095395 0.023980263281249935 0.015986841666666703
