8 0.208456389453125 0.24921871805555557 0.009667967968750002 0.03906249722222223
8 0.4330169082031251 0.24999996875 0.008789061718750001 0.031249995833333342
8 0.106942730859375 0.3406249590277778 0.010546874218750002 0.03749999583333334
8 0.22076107617187501 0.25312496944444446 0.009667967968750002 0.03437499722222223
8 0.6426360234375 0.2874999645833333 0.020214842187500005 0.031249995833333342
8 0.10035093554687499 0.3749999520833333 0.013183591406250006 0.012499998611111115
9 0.14825131953124998 0.2796874645833333 0.04042968281249999 0.021874995833333345
9 0.15000913203125 0.36484370694444446 0.015820310937500005 0.03593749722222227
9 0.49981377578124997 0.26015621875 0.017578123437500003 0.020312498611111115
9 0.5446379886718751 0.27109371666666665 0.015820310156250007 0.0109375
9 0.62637626015625 0.26484371805555557 0.02636718437500001 0.0109375
9 0.63692313359375 0.21093747291666665 0.015820310937500005 0.012499995833333343
9 0.6263762597656249 0.197656225 0.012304685156250005 0.01718749722222223
9 0.5402434582031249 0.33906245763888887 0.015820310156250007 0.009374998611111114
9 0.54815361328125 0.3187499604166667 0.024609371875000008 0.031249995833333304
9 0.506405571484375 0.35390620625 0.009667966406250006 0.023437498611111156
8 0.308651690625 0.3664062034722222 0.00615234375 0.023437495833333304
6 0.14319627617187497 0.4426372020833333 0.018899150781249995 0.03660048472222223
1 0.1434173359375 0.41640619791666666 0.020214840624999987 0.057812493055555574
0 0.106503278515625 0.43281244583333334 0.013183591406250006 0.04062499444444446
0 0.094198591796875 0.42968744513888885 0.009667966406250006 0.053124990277777805
2 0.297665363671875 0.41796869791666663 0.019335935156250005 0.026562495833333345
2 0.4347747222656251 0.3945311993055555 0.022851560156250006 0.05468749305555557
2 0.451473937109375 0.39374995138888885 0.008789060156249917 0.02499999722222223
2 0.459384093359375 0.4031249486111111 0.014062497656249917 0.03437499444444446
2 0.47168877890624994 0.40312495 0.008789060937500004 0.03124999722222223
2 0.48970635507812493 0.4007812006944444 0.02900390234375001 0.04531249583333334
2 0.37105402578125 0.41531531531531535 0.11865232812500004 0.20360360360360363
2 0.662411411328125 0.41328119999999996 0.16171873046874996 0.18281247777777776
2 0.04550337578125001 0.5226073569444444 0.0905273328125 0.4999999388888889
9 0.21381390117187501 0.3788573736111111 0.012304685156249962 0.02812499722222223
2 0.159428486328125 0.42612741111111113 0.06143486015624999 0.06445624722222223
0 0.266184145703125 0.41986083194444446 0.013092675781249997 0.026856769444444397
0 0.2123027515625 0.4252321861111111 0.00805703124999999 0.026856769444444397
2 0.045119360546875 0.40643244722222216 0.06042773203125 0.17546422777777776
0 0.7405418390625 0.35809026111111114 0.017121190624999994 0.06087534444444446
0 0.519477054296875 0.3858422569444444 0.008057030468749993 0.044761283333333304
0 0.576379834765625 0.37599477499999995 0.013092675781249952 0.04297083055555559
2 0.9898062324218749 0.5944298347222222 0.020142577343750113 0.1754642277777778
