2 0.161681146875 0.44688201527777777 0.0674468703125 0.05867717777777778
2 0.347399210546875 0.42307098402777776 0.01793799765624997 0.021259848611111132
2 0.46758379023437496 0.41137806666666665 0.009566932031250008 0.014881894444444457
2 0.46040859257812505 0.4145670423611111 0.009566932031250008 0.01700787916666668
2 0.45084166015625 0.4188190131944444 0.0047834656250000055 0.01700787916666668
2 0.42871813124999997 0.42625996111111114 0.008371065624999919 0.019133863888888904
2 0.421542932421875 0.4241339763888889 0.008371064843750008 0.023385833333333356
2 0.39104833671875 0.42094499930555557 0.009566931250000011 0.012755909722222233
2 0.49628458710937495 0.38799223402777777 0.05500985703124996 0.0701574986111111
2 0.47236725703125 0.4634646958333333 0.026309062500000025 0.09354333333333334
9 0.5816694453125 0.2838189756944445 0.026309062500000025 0.044645679166666674
9 0.10583418281250001 0.4145670423611111 0.01315453124999999 0.01700787916666668
9 0.23199809531249999 0.38905522499999995 0.009566931250000011 0.017007877777777795
2 0.44593861874999996 0.41988200416666666 0.013154531250000013 0.019133861111111136
2 0.4161615328125 0.4273229534722222 0.014350396875000015 0.021259848611111132
2 0.35696614257812503 0.4368898854166667 0.029896661718749985 0.04039371250000004
2 0.524985381640625 0.4613387111111111 0.10045278359375001 0.1488189361111112
9 0.5704283078125 0.3486615138888889 0.014350398437500012 0.021259847222222246
