2 0.5364047281250001 0.37938150347222227 0.01739691093750002 0.022680415277777793
2 0.5149485390625 0.3814433618055555 0.023195882812500023 0.022680415277777793
2 0.485373790625 0.3876289319444444 0.02899484999999995 0.043298980555555505
2 0.458698528515625 0.39278356875 0.03595361484375008 0.041237120833333384
2 0.551482049609375 0.3814433604166666 0.01739691171874993 0.026804129166666652
2 0.570038753515625 0.3793815069444444 0.012757733593750053 0.01855670555555559
0 0.328221702734375 0.40618563472222224 0.025515467968750018 0.055670113888888845
7 0.20818302382812498 0.42886604999999994 0.06146908203124999 0.09690723611111111
8 0.119458781640625 0.2762887055555555 0.018556703906250017 0.04742268888888886
7 0.12177837070312499 0.44432996874999997 0.037113410156250005 0.0701031041666667
7 0.157731983984375 0.4391753319444444 0.03943299609375002 0.0886598111111111
7 0.661082583203125 0.41855677083333326 0.05103093671875003 0.055670113888888845
9 0.83737127265625 0.07525774513888889 0.07538661093750001 0.14845363472222223
9 0.349097996875 0.006701029861111111 0.030154645312499985 0.013402059722222222
