9 0.07796442031249999 0.4492965597222222 0.01318358593750001 0.025781233333333296
9 0.326474991015625 0.46453092291666664 0.01713866015625003 0.02812497916666672
9 0.9032568214843749 0.48210903611111117 0.013183585156250111 0.03984372222222221
2 0.33768103828124996 0.5125777652777778 0.044824187500000036 0.021093736111111146
2 0.383164405078125 0.5207808854166667 0.06196284765625002 0.04218747083333333
2 0.6844093156250001 0.5172652625 0.03955075468749998 0.025781233333333375
2 0.764829181640625 0.5196090111111111 0.036914036718750064 0.021093736111111146
2 0.740439550390625 0.5336715020833334 0.08305658359375005 0.04453122083333333
2 0.834702180859375 0.5301558784722222 0.08701165859374997 0.05156246527777779
2 0.605307807421875 0.5981245819444444 0.16874988359374993 0.20156236111111114
2 0.013274219921875 0.5336715006944445 0.02654843984375 0.06796870138888893
2 0.9731298203125001 0.5817183423611111 0.05273433906249991 0.08437494027777777
