2 0.32783184140625005 0.5527605652777778 0.028700795312499982 0.056116975000000006
2 0.635676551953125 0.5693761657912704 0.03856559921875 0.03797952119523708
2 0.6751603816406251 0.5736742680555555 0.042238514843749984 0.035912938888888926
2 0.7705249824218751 0.5695932520833333 0.03856560078125 0.02775090694444447
2 0.733795839453125 0.5769390819444444 0.06427600078125 0.05550181666666671
2 0.90825927109375 0.5891821291666667 0.02387394374999996 0.027750908333333355
2 0.8265369269531251 0.5818362993055556 0.15426240234375008 0.06856106805555555
2 0.9739126144531252 0.5973441625 0.04866611484375003 0.05386941111111112
2 0.9866366156249999 0.6856106770833333 0.02387394374999996 0.10773882083333335
2 0.5743519808593749 0.5800484041666667 0.07804942890625002 0.11100363333333334
2 0.404479692578125 0.5607315909722222 0.06703068671875001 0.04244256527777779
2 0.27592768984375005 0.5583985888888889 0.10008691562499998 0.0699622555555556
2 0.152885059765625 0.56154779375 0.13681605859374998 0.0767231013888889
2 0.6101628953125 0.6121523895833333 0.10926920156249995 0.10937122916666664
2 0.02754685703125 0.5497337138888889 0.0550937140625 0.09708644444444445
9 0.725531782421875 0.4652358416666666 0.029383314843749987 0.019588877777777784
9 0.7778926687500001 0.4636034090277778 0.013773429687500015 0.009794437499999968
9 0.7687103828125 0.479927475 0.021119256249999996 0.013059250000000036
9 0.9667417 0.3713724513888889 0.03213799999999996 0.07019347500000003
9 0.44610606445312495 0.49625153819444445 0.01010051484375003 0.009794437500000046
9 0.448401634765625 0.5133918034722222 0.009182286718749922 0.014691656944444513
8 0.9253657343749999 0.44850828958333333 0.030301543750000094 0.05223700416666664
9 0.98316666875 0.2991260611111111 0.028700795312500027 0.03188977222222222
