8 0.100964090234375 0.5363960944444445 0.007016808593750002 0.02772072777777773
8 0.1418954796875 0.5668888979166666 0.0062371640624999895 0.01386036250000002
8 0.383975403515625 0.5343170430555555 0.003898227343750005 0.018018475000000065
8 0.10759107734375 0.5363960944444445 0.0062371640624999895 0.03049279999999999
8 0.09394728125 0.5357030770833333 0.005457518750000001 0.026334693055555566
8 0.091998168359375 0.5703539895833334 0.004677872656249993 0.0180184736111111
8 0.38865327656250004 0.5357030798611111 0.0038982281250000026 0.0180184736111111
8 0.379687353125 0.5350100618055555 0.0031185828124999926 0.016632437500000048
8 0.46739747031249995 0.5246147881944444 0.007016809374999955 0.026334693055555566
9 0.042490678125 0.5412472256944445 0.016372554687499995 0.02079054583333328
9 0.01286415078125 0.5467913680555556 0.0257283015625 0.020790544444444396
9 0.441279346484375 0.54956344375 0.02027078203124999 0.008316218055555503
9 0.43816076640625 0.5370891145833334 0.010915037500000047 0.005544145833333324
2 0.350840469921875 0.638269775 0.020270783593749987 0.04296712777777777
2 0.33329844726562496 0.6493580659722222 0.016372555468749984 0.0540554208333333
2 0.309129436328125 0.6410418486111111 0.038202628906249994 0.12058517222222223
2 0.07289685390625 0.6651588743055555 0.0413212109375 0.05128334861111112
4 0.15281051679687502 0.6382697743055555 0.031185819531249992 0.0734599319444445
4 0.07094773984375 0.6417348659722222 0.1418954796875 0.08870633194444445
2 0.11577735625 0.6542091930555556 0.041321212499999996 0.06375767500000001
0 0.043660147265625004 0.6662677256944445 0.010915036718749998 0.04851127638888894
0 0.010525214453125 0.6718118708333333 0.01949113828125 0.0595995666666667
0 0.6404787695312499 0.6510213243055555 0.0459990828125 0.20097528194444444
2 0.22921577421875 0.6285675194444444 0.14813264375 0.24532844722222213
2 0.41633069179687504 0.6736137041666667 0.13409902578125005 0.22453790277777774
