2 0.1861469375 0.5814433958333334 0.1913660109375 0.15257734444444443
2 0.7932990992187501 0.6680413472222223 0.2748711781249999 0.2742268472222223
0 0.6190582263008915 0.5690722590277777 0.03185798177321688 0.11752579583333336
2 0.2837391459300962 0.5689612483201709 0.008118557812500038 0.024742272222222222
2 0.2930401687810923 0.560999962680945 0.011286421937184566 0.014495132971443227
2 0.30907618521956737 0.5751468163757266 0.009278352343750029 0.01649484999999989
2 0.336264795874487 0.5870110621458176 0.022079965938834035 0.03451358750859244
2 0.363363465625 0.5837114506944444 0.04059279062500001 0.030927843055555588
9 0.48209425140971973 0.32775412193152165 0.05208190040836511 0.028366989576689032
9 0.4815979797703546 0.37525779375 0.021124292353209295 0.04948454305555556
8 0.419381519140625 0.46742275972222225 0.006958764843749954 0.018556722222222218
8 0.040012893359375 0.4354639819444445 0.01043814609375 0.037113408333333334
2 0.32100940881568524 0.5828959306403525 0.013426842655077298 0.033862011450530916
