0 0.6352771292968751 0.40411184444444437 0.013988486718749993 0.044407894444444436
0 0.718708462109375 0.41032895 0.02697779609374997 0.06750000000000003
0 0.25758798242187503 0.39789473888888893 0.013988486718749993 0.04973684166666664
2 0.2775715359375 0.38368421319444446 0.03197368437499999 0.03907894861111111
2 0.24160113984375 0.3899013173611111 0.017985198437500037 0.01953947361111111
2 0.220118820703125 0.4156578965277778 0.06494654609375002 0.13144736805555557
2 0.20812868906249998 0.45473684583333335 0.04696135000000001 0.13500000000000006
4 0.392976551953125 0.289539475 0.15886924296875 0.15276315833333337
2 0.39897161796875 0.569842063148683 0.3866817453125 0.5513685125915226
4 0.111807971875 0.38190789652777773 0.22361594375 0.7638157930555555
7 0.9580115066406251 0.5666447402777777 0.06994243515625005 0.13855263055555558
7 0.6587578039062499 0.49736842361111117 0.04096628281249996 0.10657894722222218
7 0.60380303359375 0.46717105694444444 0.03896792812500003 0.07460526388888884
7 0.560338805859375 0.46717105625 0.02597861796875005 0.06039473749999994
4 0.535359365625 0.3854605298611111 0.13588815937500004 0.08171052638888886
