2 0.023882792187499998 0.40811955069444444 0.047765584374999996 0.12997437916666665
0 0.162305505859375 0.3951221145833333 0.032168660156249994 0.09704753749999999
0 0.29780379687499997 0.4419128909722223 0.047765584375 0.21835695972222224
0 0.49325276953124997 0.42371647638888893 0.02339538750000001 0.10224651111111116
8 0.361653709765625 0.1984275527777778 0.017546541406249984 0.06758667777777776
8 0.348006401171875 0.2798781631944445 0.017546541406249984 0.02946085694444444
8 0.3792002515625 0.28247765069444447 0.021445771874999985 0.031193848611111127
2 0.64191096640625 0.4419128909722222 0.07700982031250003 0.1109114680555556
2 0.906676293051883 0.433916608689736 0.058698464228766234 0.08489232813000235
0 0.9436139953125 0.4124520326388889 0.011697695312500044 0.04852376805555549
2 0.68918914765625 0.4349809236111112 0.021445771874999943 0.07971761944444443
2 0.702836457421875 0.4245829729166667 0.00974807890624998 0.05892171805555554
2 0.713559344140625 0.4245829729166667 0.011697694531250047 0.045057784722222195
2 0.713071939453125 0.41071904097222217 0.028269427343750042 0.04852376805555557
2 0.757913100390625 0.4133185284722222 0.038017505468750025 0.05372274305555559
3 0.7276940574218751 0.38992313819444446 0.032168660156249994 0.05892171805555554
2 0.8766945680105518 0.4283924920118739 0.02152725140784124 0.06322975615123036
2 0.8622175394531251 0.4237164756944444 0.018521349218749882 0.03639282638888888
2 0.855881288671875 0.41765100694444446 0.029244235156249944 0.04505778611111108
2 0.838334748046875 0.41765100625 0.011697694531249959 0.031193851388888857
2 0.8305362851562499 0.41158553472222226 0.011697695312499867 0.02599487500000003
2 0.8217630140625001 0.4072530555555555 0.013647309375000027 0.03119384999999997
4 0.8071408964843749 0.39598861041666666 0.01949615703124996 0.02946085972222221
