9 0.28951793007812504 0.3942556180555556 0.021445772656249983 0.012130941666666612
9 0.6190029828125 0.40292057638888884 0.01754654218749998 0.008664958333333316
9 0.7915439707031251 0.32233646111111114 0.025345003906250073 0.013863933333333339
9 0.787157335546875 0.29547508958333335 0.016571733593749992 0.02252889305555554
9 0.77156041015625 0.3457318486111111 0.012672501562499949 0.022528891666666655
9 0.6268014449218751 0.3760592048611111 0.015596925781250003 0.020795901388888892
9 0.020958368359375 0.21489097430555554 0.02242058046875 0.027727868055555525
8 0.010722886718750001 0.1369063458333333 0.0194961578125 0.07625163611111112
8 0.28805571875 0.36219527083333336 0.006823656250000009 0.034659833333333306
8 0.5419931628906249 0.3448653541666667 0.00974807890624998 0.03465983611111112
8 0.53224508359375 0.34313236180555556 0.007798462500000003 0.027727868055555525
8 0.63216288828125 0.46704127083333336 0.006823654687499925 0.019062911111111133
8 0.803729069140625 0.4271824604166667 0.02047096484375004 0.02946085972222221
8 0.7886195476562501 0.4271824604166667 0.007798464062499999 0.02946085972222221
0 0.716971170703125 0.5276959805555556 0.012672502343749947 0.05372274444444448
0 0.6609197195312501 0.5146985423611111 0.015596925000000006 0.031193851388888937
2 0.059463278515624995 0.5060335840277778 0.11892655703124999 0.28421064305555555
2 0.366527750390625 0.5238397903913395 0.15986848671875 0.2451322469950987
2 0.193986761328125 0.5008346083333333 0.08383347421875001 0.08318360277777773
2 0.1247754046875 0.5077665756944444 0.03509308281249999 0.0415918013888889
2 0.580498072265625 0.5406934180555556 0.10040520859375004 0.09011556944444439
2 0.648734621484375 0.5294289722222222 0.07506020390625005 0.0537227444444444
2 0.5283458527343751 0.53029546875 0.027294619531250053 0.04159180138888882
2 0.5181103695312499 0.5242299958333334 0.022420579687500018 0.03985880833333329
2 0.5073874843749999 0.5233635006944444 0.018521350000000058 0.034659834722222234
2 0.50446306015625 0.5112325583333334 0.032168659375 0.03812581666666664
2 0.487891326953125 0.518164525 0.00877327109375008 0.024261883333333303
2 0.46010930312500004 0.5129655506944444 0.01169769374999996 0.017329918055555518
