9 0.0994304 0.3526638152777778 0.021445773437500003 0.019062911111111133
9 0.10527924726562499 0.4618422965277778 0.009748078906250002 0.05025675972222222
9 0.684802511328125 0.3795251875 0.022420580468750017 0.07625163611111113
9 0.58683432265625 0.5008346090277779 0.01754654218749998 0.01039795138888885
9 0.5956075941406249 0.45750981527777773 0.015596925781250003 0.010397949999999965
9 0.643373178125 0.43064844375000005 0.03899231406250001 0.025994876388888834
9 0.8753774453125001 0.45317733680555555 0.021445773437500114 0.039858809722222256
9 0.5917083625 0.5233635020833334 0.005848846874999936 0.027727868055555563
8 0.399183812890625 0.26168175069444444 0.04581596953125002 0.0311938513888889
8 0.44256276210937495 0.4939026423611111 0.015596925781250003 0.01039795138888885
8 0.368477365234375 0.4947691375 0.015596925781250003 0.012130941666666612
8 0.09065712968749999 0.51209905625 0.019496156249999997 0.03639282638888896
8 0.47521882499999996 0.44884485763888887 0.006823654687500014 0.034659834722222234
8 0.48594171093750005 0.44537887222222217 0.006823654687500014 0.03119385000000005
8 0.5093371 0.5025676006944445 0.006823654687500014 0.027727868055555563
8 0.579035861328125 0.4826381951388889 0.007798463281250001 0.02946085972222221
8 0.7627871390625 0.4921696506944444 0.022420579687500018 0.020795898611111124
2 0.1496330046875 0.642939929861111 0.12769982656249998 0.1282413875
2 0.395771985546875 0.6490054020833333 0.18326387578125 0.2963415875
2 0.8063255625 0.6975291715277778 0.38634285468749996 0.4557768236111111
0 0.63898654296875 0.6091465916666667 0.014622117187500016 0.08491659444444445
0 0.6292384652343751 0.6169450541666666 0.014622117968750015 0.09011556944444447
0 0.6087675 0.6204110375 0.02047096562499995 0.07278565277777777
0 0.593170575 0.61347906875 0.02047096406249995 0.08664958472222221
0 0.549791624609375 0.6065471041666667 0.011697692968749961 0.055455736111111126
8 0.580498071484375 0.5519578652777778 0.012672502343749947 0.015596924999999985
8 0.12331319179687501 0.3959886090277778 0.012672502343750013 0.05718872638888889
2 0.311973048046875 0.6072652076388889 0.017138660156249985 0.06796870416666663
0 0.2394856062599106 0.5977022818639697 0.01284487755595487 0.06216286422141132
