2 0.5155756076555587 0.700909718482621 0.016315165938882537 0.022205764743019548
2 0.4907312031199754 0.7054767526155905 0.01835337537664792 0.04125787794444701
2 0.4654068350763434 0.7095854779663041 0.041146518744085904 0.05974312547526171
2 0.41187243257387685 0.7308919610856508 0.058412152383029124 0.07350252217130146
2 0.35457424561526857 0.7226745124675567 0.05052644035091758 0.051366855294251224
9 0.376246345703125 0.626965792361111 0.026815789843749993 0.047672515277777765
2 0.23474952963714743 0.7495199695453483 0.15824799677429488 0.09726698590930344
2 0.5784251133329253 0.6940671982946276 0.015843943425679363 0.024022939238009796
2 0.6013781364511154 0.7008864765906967 0.02419932027296916 0.04153753058348728
2 0.628233202058016 0.7059722388634284 0.04453107869646802 0.11740803367524764
2 0.6796389401161436 0.7174692339356437 0.10216078179478708 0.14633595676017636
9 0.6744546885300761 0.6133419746416188 0.02765988075234791 0.04891696460565132
