8 0.381126446484375 0.3729660319444444 0.016302963281250006 0.08694913611111106
8 0.46564443906249997 0.4614405895833334 0.006864406249999977 0.032033893055555596
8 0.40729699179687506 0.43932195000000007 0.006864405468750068 0.024406775000000006
8 0.5364336207031251 0.31499993958333333 0.012870761718750057 0.050338973611111094
8 0.6239547906249999 0.48279651805555546 0.007722456250000054 0.03508473888888888
8 0.8187322949218749 0.39813551805555547 0.014586861718749945 0.08237286666666668
8 0.86149182265625 0.4980507534722222 0.015444910937500111 0.06864405694444445
8 0.970464259765625 0.5153388840277777 0.013728811718750044 0.06050845972222226
8 0.15073983710937502 0.4052541590277777 0.006864405468750001 0.02745762361111106
8 0.10697925234375001 0.38237280486111114 0.012012709375000008 0.024406776388888888
8 0.801714294140625 0.4838134631944444 0.010296608593750011 0.03813558750000002
8 0.725776808984375 0.44415245625 0.014586861718750033 0.047288131944444464
8 0.81758823203125 0.4838134631944445 0.014586860937500034 0.047288126388888845
9 0.44891245039062505 0.5178812583333333 0.018019064843749977 0.0320338944444444
9 0.37726521796875 0.4515253375 0.030889824999999992 0.04881355000000001
9 0.378981319140625 0.49957617777777774 0.020593216406250024 0.03813558611111113
9 0.22453219648437503 0.4751694006944444 0.030889824218749994 0.050338973611111094
9 0.382842547265625 0.20593216458333335 0.016302963281250006 0.02745762083333333
9 0.383700597265625 0.2707626604166667 0.02316736796875003 0.09305082916666668
9 0.381555471875 0.3066101131944444 0.015444912500000019 0.0274576236111111
9 0.5368626441406249 0.2776270659722222 0.010296608593750011 0.018305081944444426
9 0.4660734640625 0.43627110416666665 0.007722456249999965 0.012203386111111157
8 0.5394367960937501 0.47771176944444443 0.008580506250000041 0.028983044444444456
8 0.40643894140625003 0.46093211111111115 0.010296607812500014 0.01677965555555553
9 0.9128318585937499 0.4037287333333333 0.012870760937500059 0.027457622222222255
9 0.8639229687499999 0.4355083930555556 0.026599571875000016 0.04728812777777773
9 0.977185659765625 0.45533889652777776 0.026599572656249924 0.0411864319444445
9 0.8223075109375 0.3416948513888889 0.013728810937499957 0.024406775000000006
9 0.7287799859375 0.4049999222222222 0.008580507812500037 0.01677965555555561
9 0.6240978027343751 0.45762703125000004 0.00858050703125004 0.012203387499999963
0 0.7427948093750001 0.5689829430555556 0.013728810937500047 0.061016938888888934
4 0.678441009375 0.5171185472222223 0.10811438750000005 0.057966094444444456
2 0.536862645703125 0.5377117618055556 0.013728811718750044 0.053389818055555496
2 0.5531656082031249 0.5308473562499999 0.02230931796875 0.03661016249999997
2 0.42359995390625 0.4942371944444444 0.02059321406250003 0.024406775000000006
2 0.43647071523437503 0.5102541409722222 0.029173722656249977 0.032033893055555596
2 0.704611555078125 0.5903388694444445 0.05405719296875002 0.10067794722222227
2 0.160178394921875 0.44313550902777776 0.025741521093749987 0.02288135138888884
2 0.1829167390625 0.45838974444444447 0.04890889062499999 0.0320338944444444
2 0.35710102734375 0.4469490666666666 0.01287076093749997 0.015254236111111099
2 0.3536688234375 0.45457618541666667 0.011154659374999997 0.012203387499999963
2 0.352810773828125 0.46144058888888884 0.016302961718749964 0.0167796583333333
2 0.349378571484375 0.47135584236111105 0.021451266406250013 0.015254234722222215
2 0.33779488750000003 0.4774575368055556 0.013728810937500002 0.015254234722222215
2 0.331788532421875 0.43398296875 0.013728811718750001 0.010677965277777762
2 0.329214380078125 0.44389822083333336 0.013728811718750001 0.015254230555555557
2 0.31634361875000006 0.4446609326388889 0.015444910937499978 0.016779654166666644
2 0.30690506171875 0.45457618541666667 0.015444914062500014 0.012203387499999963
2 0.291889175390625 0.4606778777777778 0.012870761718750012 0.012203386111111157
2 0.27554736970484567 0.463309619931093 0.019812848090308678 0.02180720355633091
2 0.329214380859375 0.4568643194444445 0.010296608593750011 0.01677965555555553
2 0.31334044140625 0.47211855486111115 0.011154657812500001 0.02288135138888892
2 0.398716484765625 0.41949144513888886 0.012012708593750032 0.015254231944444443
2 0.498679390234375 0.5491524381944444 0.07293430859374998 0.12813556805555557
2 0.057641338281249996 0.4988134645833333 0.09867582968750001 0.08847455972222222
2 0.029035182031250002 0.49728804027777773 0.058070364062500004 0.08542371111111109
2 0.610941023046875 0.6086439527777778 0.16131352890625 0.21661013055555564
2 0.871645424609375 0.6406778444444444 0.21193851796875 0.22576266944444437
2 0.77082446953125 0.5483897249999999 0.03432202656249998 0.016779658333333378
2 0.98834031796875 0.5880507374999999 0.01973516562499995 0.013728813888888898
2 0.24680302651616443 0.4527954325021477 0.018399828000654185 0.016355402667248123
