2 0.16847386601562503 0.5214477423611111 0.33656525703125 0.6226457291666667
2 0.8952444667968749 0.5926703826388889 0.20824975390624995 0.3533935208333333
2 0.37514596796875 0.5702327 0.04732948906250001 0.06544324722222225
2 0.464020230078125 0.5739267413730974 0.07783071484375004 0.10667014503158288
2 0.6044310488281249 0.5655581805555556 0.07046835078124998 0.08227150555555554
2 0.50240970625 0.5571440520833333 0.03260475781249994 0.07666208750000002
2 0.52344503515625 0.5477950166666667 0.019983565625000033 0.035526333333333326
2 0.5523686109375 0.5524695340277778 0.04627772187500003 0.07105266527777784
2 0.419320157421875 0.5627534694444445 0.019983561718749952 0.03926594722222221
2 0.4030177785156249 0.5646232791666667 0.02524239453124997 0.050484786111111096
8 0.2757540390625 0.3383766347222222 0.010517664062500032 0.05422439999999998
8 0.289952887109375 0.33837663333333334 0.015776496093750002 0.0617036305555556
8 0.61284518125 0.3458558618055555 0.009465900000000005 0.03926594583333329
8 0.62494049453125 0.3430511506944444 0.01051766562499994 0.044875368055555497
8 0.754307765234375 0.4599140854166667 0.014724730468750025 0.024307490277777788
8 0.543954479296875 0.5047894541666667 0.008414128906249995 0.016828263888888827
8 0.5444803640625 0.4860913833333334 0.00946589843749992 0.02056787777777779
9 0.677002934375 0.3617492201388889 0.024190628124999947 0.033656526388888885
9 0.7485230515625 0.42532265972222216 0.01998356250000004 0.014958458333333388
9 0.59812045078125 0.47580744444444445 0.00946589843749992 0.022437683333333305
9 0.5986463332031249 0.5178781034722222 0.008414130468749993 0.01682826250000002
9 0.55552391015625 0.4842215777777778 0.008414129687499994 0.016828266666666675
8 0.5918098527343749 0.4683282173611111 0.007362366406249965 0.018698068055555538
0 0.8168878687500001 0.5300318486111111 0.009465898437500009 0.041135752777777805
0 0.8263537660156249 0.5290969465277777 0.007362366406250054 0.04674517361111109
0 0.8368714320312499 0.5160082965277778 0.011569431249999873 0.024307490277777788
0 0.8584326425781249 0.513203586111111 0.012621196093749986 0.044875366666666694
0 0.752730116796875 0.5412506909722222 0.009465899218750008 0.05609420972222223
0 0.7335612398437499 0.5426998777777778 0.007836526562500001 0.06067506111111109
0 0.7673127707031251 0.5485040895833333 0.010762799218750008 0.06803151249999999
2 0.79900323203125 0.5474410951388888 0.043051192187500045 0.04889765138888886
8 0.749668059375 0.4563278090277778 0.025048810937500044 0.02578123194444441
