9 0.45571744765624994 0.34880176041666666 0.012201681249999919 0.019139893055555548
9 0.45499970234375003 0.3743216180555556 0.006459714062499966 0.016587908333333307
9 0.561636236328125 0.3066939951388889 0.010766189843750062 0.024243862500000032
2 0.388061334375 0.39768445208333325 0.01148393593749999 0.045935743055555554
2 0.37155317695312495 0.3938564715277778 0.033016314843749985 0.06635162916666673
2 0.345714320703125 0.4021504256944444 0.04880672734374998 0.10335542361111112
2 0.289012388671875 0.41044437847222226 0.08900050234375004 0.14546318472222225
2 0.222262011328125 0.4423441993055555 0.13350075390625 0.1684310597222222
2 0.096227306640625 0.5184359062499999 0.19245461328125 0.3202742097222222
2 0.501345573046875 0.39045381805555557 0.023685617968749996 0.05486769444444448
2 0.5095996515625 0.38534984513888887 0.012919428124999932 0.07273159305555556
2 0.520724714453125 0.39683378125 0.023685617968749996 0.09059549305555556
2 0.55589426875 0.39683378125 0.07105685312499999 0.13908322083333333
2 0.666427149609375 0.4019377541666666 0.20096887734375005 0.24371463888888886
2 0.875410872265625 0.497918563602209 0.24690461953125 0.5892207327599737
