2 0.47062138046874996 0.23539931527777777 0.019356631249999978 0.02382354444444444
2 0.457965123046875 0.24598755833333333 0.011911772656250008 0.03441178888888889
2 0.43523205486150773 0.24699787743350587 0.03917799365338688 0.0746128044717863
2 0.47598714402184433 0.2585237442797039 0.022633123044948623 0.042094359273053626
2 0.50081633856484 0.26368520366934434 0.03341529630781999 0.0837224398835335
2 0.582294253515625 0.22481107499999997 0.03424634765625001 0.02382354444444444
2 0.5933818891229219 0.26884969673738157 0.03705481324710371 0.07634938109445058
2 0.6143071410156249 0.26054639444444444 0.026801488281250042 0.058235336111111105
2 0.7082267232496571 0.2971176246160471 0.056352178500685926 0.08373070756542762
2 0.7375495927423741 0.30289936319444444 0.06483036829724824 0.1217647875
2 0.25672244910233666 0.2985552684808534 0.08589733882967318 0.08131187585059567
4 0.37287160960931115 0.21340009825155776 0.054203364578105 0.03388785166344559
4 0.402873173828125 0.20514718124999998 0.05062503515624996 0.04500003194444445
0 0.194417148828125 0.24655478680555556 0.011911772656250008 0.03705884861111113
0 0.17506051796875 0.2526052097222222 0.011911773437500005 0.03705884722222221
0 0.183249862890625 0.2578993319444445 0.010422800781249996 0.04235296944444444
0 0.227174523828125 0.2486346201388889 0.017867660156249965 0.04500003194444445
0 0.25918741328125 0.24334049722222223 0.013400743750000022 0.029117666666666667
0 0.27705507265625 0.24069343680555558 0.010422801562499995 0.034411787500000006
0 0.030630272265625 0.28701699722222224 0.02680148828125 0.07941181944444442
0 0.080510820703125 0.28834052986111114 0.022334574218750004 0.09264712083333333
0 0.304601047265625 0.25752118611111113 0.017867660156249965 0.037058849999999983
0 0.6353394067246569 0.27170186527777773 0.011715055489091509 0.05029415277777775
0 0.6628615835500357 0.2461766173611111 0.007119126649928642 0.02647060694444442
0 0.671632548046875 0.2819376017928149 0.01340074453124993 0.07478702090005898
0 0.68726674921875 0.2514707423611111 0.01786765781250006 0.04764709027777777
2 0.15818818291677966 0.268369892214452 0.08454606742986907 0.04890885562130005
2 0.0581762484375 0.2698111048611111 0.0610478359375 0.0502941513888889
2 0.165295581075533 0.31569182605709856 0.12702020567875166 0.10194568743485743
2 0.35824414654556885 0.3130628582770809 0.13087231983526898 0.1753639458405161
2 0.5404979535791968 0.2787061951271988 0.0757273665333936 0.1323700763655087
3 0.87618888125 0.2242164825410558 0.24681476250000003 0.3366095876956662
2 0.90763454765625 0.38231118125 0.18463247812500008 0.2858825486111111
8 0.35894851015624996 0.08111348958333334 0.0163786875 0.04500003194444445
8 0.62205879252015 0.11830068020152917 0.006922532789008606 0.028618032625280558
8 0.4564930101632817 0.18737407430555555 0.00896754688906345 0.02382354583333331
8 0.37234925625 0.08413870972222222 0.0163786875 0.045000030555555556
8 0.7681188679263756 0.18698170620767418 0.02471884991525126 0.027576626304237253
8 0.19552427627544428 0.18567529900864588 0.019702593322563012 0.024963811906180626
9 0.761840704605901 0.10278955526920923 0.0223651059337203 0.04449354407978191
9 0.7587356284427382 0.16426288293754449 0.026805004052023483 0.014079473013799889
9 0.7712053473680699 0.14488326504063911 0.01854589103186264 0.013319708972407005
9 0.661954232421875 0.16997908958333333 0.02084560234374999 0.013235301388888883
8 0.66716563203125 0.2068488798611111 0.019356631249999978 0.02647060416666665
9 0.3164023488219795 0.1501231128008921 0.013312563055785853 0.010413382656970229
9 0.1105901239795308 0.18751662325092158 0.010650050444628656 0.04354687292914827
8 0.6127399983810999 0.11840962925466457 0.008520040355702908 0.03218681912154439
8 0.6279163202646958 0.11698962252871409 0.004792522700082902 0.027453463368376084
