9 0.9845559246093749 0.5519578645833333 0.02729462109374996 0.029460859722222288
9 0.9894299640625001 0.6013481298611112 0.01754654218749998 0.034659834722222234
2 0.6642608218653198 0.7085472042988771 0.1309557062693604 0.09813241600348897
2 0.2633992395471836 0.6178136609305718 0.045243402531867136 0.031931976636056056
2 0.3186169959051286 0.6305124053823887 0.02505466524775719 0.023668719098110733
2 0.34936998775449546 0.6368744576388888 0.022420581250000016 0.02252889305555554
2 0.371529600231551 0.6398196032595805 0.0246948771173797 0.022188554709415657
2 0.3988070489708576 0.6446679104144531 0.028431202022757507 0.024953199574716617
2 0.4249892690717324 0.6503827134026592 0.02734852279403528 0.021311880582708494
2 0.45845503108340707 0.6512492092359925 0.036452015958185945 0.030482490694207262
2 0.4908069376739366 0.6602057392680569 0.03282996439260968 0.03126131939264762
2 0.5328658893459206 0.668004201768057 0.032011928664958854 0.026567996170813124
2 0.5714408052194362 0.6747608341649377 0.034686266123627706 0.025515990552097634
2 0.6246603019708887 0.6853982263888889 0.026319811718749975 0.01906290833333336
2 0.6029019143339609 0.6838539533515842 0.027513901493041983 0.01979101135385114
4 0.783757538671875 0.7060036068790712 0.046766714843750015 0.05410378624185776
2 0.8473120687345407 0.731431777007329 0.04161865857290827 0.03834435401465804
2 0.9681708472656251 0.7531578986111113 0.04056861796874998 0.039078949999999994
2 0.7429324687554529 0.7145503708362788 0.03679965600130828 0.02537744445033536
2 0.924605241796875 0.7460529381944444 0.04191673671875016 0.025994876388888758
2 0.514888514870514 0.6629857254401144 0.024971195143745017 0.02725900444541362
2 0.17995032212463175 0.6053524017555256 0.027161650858108555 0.022586032254771262
2 0.14840775983779603 0.600290015215663 0.024533104000872254 0.023364860953211695
2 0.1498271708624698 0.8787212749081021 0.057828030859198895 0.007009458285963414
