2 0.7466915909100541 0.43929335778712864 0.07795855776419813 0.10808773779647941
2 0.022204628125 0.6409455861111111 0.042721503125 0.10970459444444443
2 0.37262643164062503 0.4922240388888888 0.008544299218750018 0.008438816666666642
2 0.3674049140625 0.4964434451388889 0.009493665625000026 0.013502106944444453
2 0.36170871367187496 0.5031944979166667 0.007594935156250005 0.013502101388888911
2 0.356961880859375 0.5099455493055556 0.007594933593750008 0.01687762916666663
2 0.383544148828125 0.49813120625 0.009493667968749975 0.013502101388888832
2 0.37927199765625 0.5065700229166668 0.010443032812499985 0.013502104166666681
2 0.36930364804687504 0.5158527187499999 0.017088600781249984 0.02531644305555558
2 0.3066454453125 0.5234476534722222 0.011392399999999992 0.040506312500000044
2 0.4011074332031249 0.4970462118055555 0.012341767968749995 0.02531644583333335
2 0.424841600390625 0.4968050958333333 0.01044303515624998 0.021940916666666588
2 0.43528463437500003 0.5029533826388888 0.019936701562499957 0.030379734722222197
2 0.44667703398437497 0.5080166722222222 0.02373416640624999 0.03375526111111111
2 0.465189684375 0.5088605534722223 0.022784801562500068 0.04219407638888886
2 0.48085423554687506 0.4869196333333333 0.010443033593749984 0.008438813888888872
2 0.49082258671875 0.4827002277777778 0.007594932812499966 0.013502108333333337
2 0.47800613515625 0.4742614111111111 0.027531634375000013 0.023628683333333338
2 0.4785308695779783 0.5097044354166667 0.02288490165595656 0.03713078750000002
2 0.5721968757812499 0.48945127847222225 0.03282095937500005 0.050632890277777814
2 0.631735732421875 0.4607593083333334 0.04936706796875008 0.027004208333333283
2 0.621835191015625 0.5248943034722222 0.11202527109374998 0.1147678875
2 0.5202529539062499 0.5029533826388889 0.0645569359375 0.09113920416666667
2 0.3337023953125 0.5291137090277778 0.05221516562500002 0.06919828194444438
2 0.21503155898437498 0.5586495631944445 0.06170883671875003 0.06751052083333332
2 0.128164505078125 0.5915609416666666 0.11202527109374998 0.10295354444444445
3 0.25348091015624996 0.5294698678629216 0.060759468750000024 0.07861254205193459
9 0.6338328085937499 0.35392390277777774 0.03512656718750007 0.09282696666666664
2 0.6802754409701668 0.46878070147809114 0.02535545325340429 0.03700298318904771
2 0.8220010714686727 0.44624252080839844 0.06887600734506841 0.0968805378040522
