2 0.038389474609375 0.6076872694444444 0.07677894921875 0.09349034722222219
2 0.24926864335937501 0.5740307444444445 0.03996712421875004 0.048614980555555576
2 0.55007384296875 0.5534628659722223 0.016828264062499976 0.02243768472222219
2 0.534297345703125 0.5543977729166667 0.012621196093749986 0.020567876388888903
2 0.4086112585937499 0.5590722895833333 0.011569432812499957 0.018698070833333306
2 0.3881018125 0.5721609354166667 0.035760057812499954 0.052354593055555496
2 0.290287533984375 0.5833797805555556 0.06100245234375001 0.06731305277777777
2 0.590040965625 0.5665515166666667 0.06520951875000006 0.09349035000000004
2 0.48801962265625 0.6319947597222223 0.12831550468750005 0.19072031388888896
9 0.741495332421875 0.4627772291666667 0.012621197656249982 0.024307488888888902
9 0.7425470984375 0.4842800097222222 0.010517665625000028 0.01869807222222219
9 0.8356284285156249 0.5039129840277777 0.0073623648437498804 0.024307490277777788
2 0.976565130859375 0.5553326729166668 0.045225957031249917 0.026177298611111077
2 0.954478034765625 0.555332673611111 0.03470829296874989 0.018698069444444423
2 0.922399156640625 0.5487883493055555 0.061002450781250064 0.03178671805555556
2 0.893475580859375 0.5459836395833334 0.055743621093750126 0.026177298611111077
2 0.8635002390625001 0.5487883506944444 0.037863593749999855 0.020567879166666594
9 0.1435661171875 0.5422440256944445 0.00946589687499999 0.03178671805555556
