2 0.8946305335937499 0.2610851402777778 0.01432784531250011 0.012735861111111134
2 0.89033218125 0.2776417611111111 0.011462274999999878 0.015283033333333368
2 0.880302691015625 0.3094814083333333 0.017193411718750086 0.012735861111111094
2 0.8760043382812501 0.3209436854166667 0.014327843749999935 0.02037737638888891
2 0.9519419062499999 0.25981155208333334 0.014327843749999935 0.015283031944444442
2 0.952658298046875 0.2801889326388889 0.015760627343749965 0.015283031944444442
2 0.952658298046875 0.2941983763888889 0.015760627343749965 0.01783020277777779
2 0.955523868359375 0.31075499375 0.015760628906249963 0.015283031944444442
2 0.9576730429687501 0.3247644430555556 0.017193410937499997 0.012735861111111134
2 0.9278526793082712 0.33213359000505244 0.019271519852185115 0.033657975545450664
2 0.896083956343775 0.33525438265143925 0.02296582518754988 0.028621398636211895
2 0.8700762664804802 0.3333156100979959 0.02036210382825061 0.025286211166842144
2 0.987045120703125 0.3935380909722222 0.02435733359375014 0.028018893055555574
2 0.9747709148437501 0.42919850069444443 0.04298352968749999 0.053490615277777764
2 0.9909626724808047 0.4657043785722526 0.018074655038390473 0.05699000185865018
2 0.9481271082031248 0.35660409305555557 0.05158023515625008 0.030566063888888925
2 0.7883366652554867 0.4336932059386332 0.03622551801097344 0.052291342432821845
2 0.744905695551475 0.4304516054112983 0.03356930656881749 0.0840928083744111
2 0.7082730328125001 0.43047208611111104 0.054445801562499965 0.10188688333333329
2 0.65167805390625 0.42919850069444443 0.08453427343750004 0.10952840138888892
2 0.47186362265625004 0.45212304583333335 0.14327843125 0.16047184166666664
2 0.8537006417968751 0.43429284236111115 0.05874415703125013 0.07896233749999995
6 0.5912860131475528 0.45032053251610493 0.0778953278576057 0.08766171274556796
2 0.20560454882812498 0.43811360208333333 0.40691074296874996 0.3260380291666667
2 0.8186564448314524 0.4299994935383176 0.022379537712544993 0.04882808228191612
