2 0.47326336964178495 0.2778763576373568 0.010708305015002218 0.022099990274713596
2 0.4947755831779853 0.2890993225322326 0.013798804013964716 0.02780671475895669
2 0.5170886753446812 0.28736373741042925 0.0370809923081052 0.04963831170299456
2 0.5190392530503385 0.29654163213827894 0.027211827694096514 0.04597086360764027
2 0.5488662548598752 0.2943002841195051 0.06345628727012001 0.07248607168570559
2 0.572272539512098 0.309904330275839 0.05587609247453775 0.06453451986025074
2 0.6072640630530465 0.31632931961536254 0.06389269944247902 0.07126899632833046
2 0.6507470659210559 0.3288779284274677 0.07374491303668665 0.10125305880541396
2 0.7062967007716903 0.3449923726421709 0.13118466184321864 0.12777753581738757
2 0.38217909264490213 0.2854237613419306 0.011536774875095412 0.022917552672606412
2 0.38235317759221504 0.2821604572007908 0.015319700988066787 0.026996104061495253
2 0.3769606712115173 0.2871581871525509 0.015776973730469733 0.02434481483814754
2 0.3321352984375 0.2811012854166667 0.016059289062500027 0.02447129583333335
2 0.32222451221147735 0.29531760369158355 0.028356294735454625 0.044746835160944874
2 0.2950924597578336 0.29470790809060177 0.04268647156930396 0.06432665306333961
2 0.27874281239667364 0.3044978170417992 0.03889441822451656 0.05943517652128993
2 0.2423742568531929 0.2989943248875129 0.052419153202587276 0.09247467287038016
2 0.1881666593167904 0.302869642557556 0.08647462013864544 0.11777280559107016
2 0.08683396453813425 0.3370361877386507 0.14718052751376848 0.12410545047730143
2 0.016180126029755083 0.37906309474197997 0.03236025205951017 0.1147173717190635
0 0.14401219843750002 0.27294418541666665 0.016059289062500003 0.04486404583333336
2 0.3537869340432386 0.29185222722611426 0.03871490402397719 0.05779773032536058
2 0.40570165103909694 0.2917482938276587 0.027835130203193927 0.03964517042184035
2 0.4475218268311972 0.2923591494342679 0.02819373077346663 0.035975402315231185
2 0.8592241066406249 0.3841553201564317 0.23056550703124995 0.22221528089944972
2 0.98712487265625 0.4524003694444444 0.02294184218749997 0.22839877777777776
8 0.5649949886718749 0.10368437777777777 0.013765105468749983 0.032628397222222216
9 0.5047726546875 0.19647138055555552 0.010323828124999945 0.03466767222222222
9 0.34819458789062496 0.08125235486111111 0.03900113046875 0.02447129583333334
9 0.33901785078125 0.10470401597222223 0.018353473437500024 0.02651057361111112
2 0.490113858175118 0.27852211097780255 0.025819350047481482 0.04651308097442595
