8 0.41980037226562494 0.3374997618055555 0.012614192968749993 0.029152801388888882
9 0.044149678125 0.20451812569444444 0.0353197421875 0.04485046805555552
9 0.044780388671875004 0.24376228680555556 0.03405832265625 0.04260794305555555
9 0.608887147265625 0.3850412666666666 0.029012644531249965 0.05157803611111112
0 0.8462862523437501 0.5438119104166667 0.051718193750000016 0.2309799069444444
0 0.75861760546875 0.5325992916666666 0.04793393593750004 0.18164438888888887
0 0.38246235156249997 0.5292355083333333 0.025228387499999984 0.18837196111111112
0 0.364802480078125 0.5281142472222222 0.025228388281250024 0.17715934444444445
2 0.3530712953125 0.5135378458333334 0.05424103437499998 0.07624579722222222
2 0.33919568203125 0.5415693840277778 0.05928671093750002 0.10539859583333329
2 0.24585063906250001 0.5393268631944446 0.17533729375 0.1950995319444444
2 0.484511190234375 0.5269929847222222 0.011352774218750028 0.02691028055555557
2 0.47227542656249993 0.5303567708333333 0.01513703125000001 0.020182711111111157
2 0.443010491015625 0.5180228916666667 0.025732966406249957 0.044850469444444485
2 0.46786045898437506 0.5101740590277777 0.01639845234374997 0.015697662499999945
2 0.460291942578125 0.5247504604166667 0.00882993671875001 0.0313953291666667
2 0.533832695703125 0.5740859736111111 0.12614193828125 0.23322242499999998
