9 0.820859416796875 0.30515603333333335 0.019775377343750122 0.05624996111111113
0 0.980380791015625 0.45984342777777776 0.019775377343750122 0.12656241388888895
0 0.9863134054687499 0.4610153020833333 0.026367170312500042 0.11953116805555561
1 0.8913915945312499 0.48210903611111117 0.0474609046874999 0.12421866388888887
6 0.897324208203125 0.5160933888888888 0.07514643203125004 0.14062490555555557
2 0.3629359737723782 0.42820060536979765 0.0215059866072564 0.044526782961817606
2 0.3490416184719389 0.4315139543970155 0.02799459631887773 0.05115348101625325
0 0.23155318164062502 0.4106247097222223 0.014501942968749982 0.042187469444444445
0 0.212436983984375 0.40476534027777783 0.01582030234374998 0.04453121666666667
2 0.4200784425781251 0.4047653409722222 0.011865225781250021 0.02578123194444441
2 0.40960042697329835 0.41648408194444453 0.019637672615903413 0.04453121944444444
2 0.49456569609375 0.42468720069444443 0.026367168750000048 0.0374999736111111
2 0.575644741796875 0.42468720000000004 0.04877926328125 0.0749999472222222
2 0.8557959171875 0.4645309236111111 0.1555662999999999 0.14999989722222218
3 0.485337187109375 0.39773409513888885 0.036914036718749973 0.07265619861111117
3 0.44710479140625 0.382499729861111 0.036914037500000066 0.03281247638888887
3 0.5420266007812501 0.39187472361111114 0.050097621875 0.03281247777777775
2 0.553232648046875 0.42117157847222225 0.019775377343750032 0.03515622638888895
3 0.6672706558593751 0.3414841340277778 0.07382807578124995 0.03515622638888887
3 0.290220133203125 0.4024215930555556 0.09228509296875002 0.16171863888888893
2 0.520932865234375 0.43289032083333334 0.05009762265624999 0.08203119166666666
2 0.44644561171874997 0.4446090625 0.06459956406249993 0.11015617499999995
2 0.162998540625 0.45984342638888887 0.1516112234375 0.16874988333333332
2 0.678476701953125 0.4903121555555555 0.21752914609374993 0.28593730277777774
