2 0.15547337620941146 0.47580188531209017 0.023544605543822893 0.046916892846402665
2 0.20877293811450404 0.48242192924883354 0.03610627259501722 0.055484008529246946
2 0.23423124482020388 0.4836046959391851 0.024617862042162254 0.03754190117973598
2 0.25156443994772415 0.4800999667962033 0.02061785178821198 0.03209010029065327
2 0.01713866015625 0.45754298460459186 0.0342773203125 0.04585086967970508
2 0.053835694667379565 0.4703291227220284 0.06196284765625 0.07031245277777781
2 0.284765430078125 0.4804684194444445 0.007910150781250014 0.023437483333333297
2 0.293993938671875 0.4781246708333334 0.013183583593749982 0.02343748611111107
2 0.30190408984375 0.4769527972222223 0.010546868750000016 0.016406238888888838
2 0.395639384765625 0.546093375 0.011865225781250021 0.028124980555555606
2 0.40486789375 0.5402340041666667 0.01186522656250002 0.016406238888888917
3 0.094921808984375 0.4347653256944445 0.08437494140624999 0.1148436708333333
3 0.27158184453125 0.4640621791666667 0.03427732031250001 0.06093745833333336
2 0.09333641784505038 0.4983842856145221 0.08648576227036445 0.08275027687933942
2 0.42925752500000003 0.5496089965277778 0.015820301562499937 0.02578123194444449
2 0.38398345833577735 0.547966999214033 0.019356777078445252 0.02719925679297922
3 0.44639618632812506 0.5402340034722223 0.015820302343750026 0.0398437236111111
2 0.40948214765625 0.5460933743055556 0.013183584375000024 0.01874998750000003
2 0.46208464296875 0.5449215 0.014501943750000024 0.021093736111111146
2 0.01318358515625 0.5050777770833333 0.0263671703125 0.10546867638888892
2 0.18031743887218654 0.48592665839181526 0.04541953006812691 0.05782049462456816
9 0.172704958984375 0.4218747097222222 0.026367167968749983 0.028124980555555526
9 0.21818832695312498 0.4218747090277778 0.027685527343750006 0.03281247638888887
9 0.33710426718750003 0.44765594305555556 0.048779264062499994 0.04687496944444444
9 0.302167767578125 0.43007782847222226 0.029003885156249964 0.02578123194444441
9 0.31601053125 0.42187470972222224 0.017138660937499984 0.014062491666666687
9 0.2794919953125 0.363281 0.036914037499999976 0.05156246388888886
9 0.301244909765625 0.4417965722222222 0.019775375781249993 0.03515622777777776
3 0.21489243046875 0.44999969027777775 0.031640603125000014 0.03749997500000006
0 0.647255809765625 0.5636277298611111 0.014354653906249926 0.04444370694444441
9 0.9523821492187501 0.43007782916666665 0.026367170312500042 0.035156224999999985
2 0.11708424312239663 0.47278015598831835 0.04161865857290829 0.04672972190642331
