2 0.46638792382812505 0.6165356041666666 0.007175199218750006 0.021259850000000018
2 0.4568209933593749 0.6133466249999999 0.016742130468750015 0.027637802777777724
2 0.444862328515625 0.61440961875 0.009566932031250008 0.01700787916666668
2 0.4364912625 0.6197245812500001 0.014350398437500012 0.02763780416666661
2 0.37917983587421566 0.6322020828074855 0.019240173506738678 0.04601746613712384
2 0.40854681145569954 0.6320160131437179 0.05173908072389901 0.07926631118722796
2 0.35114462828298865 0.6344925559834692 0.0469544300034773 0.06992966474471614
2 0.12138044726562498 0.6973230277777778 0.18296756953124999 0.1658268166666666
2 0.029896661328125 0.6548033326388889 0.05979332265625 0.10629924305555558
2 0.50345978515625 0.6080316625000001 0.011958664062500013 0.017007877777777795
2 0.514820517578125 0.60909465625 0.02032973046874993 0.031889770833333365
2 0.527975046875 0.6090946576388889 0.017937996875000018 0.04039371250000004
2 0.539335779296875 0.6133466270833333 0.019133863281250017 0.040393712499999956
2 0.5669205108054698 0.6194564376756344 0.043210798173439716 0.0621898468709533
2 0.48816977929687494 0.613650342361111 0.02032973046875002 0.02763780416666661
2 0.705417742587897 0.6424075667794468 0.13593238201170585 0.18921265
2 0.8278416389225915 0.6819942835025034 0.2286159590951832 0.2572441652777777
2 0.9395705507812501 0.684718111111111 0.11599904843749993 0.36354340555555553
9 0.10523624921875001 0.41297255416666667 0.01435039843749999 0.025511819444444465
9 0.093875517578125 0.43210641944444445 0.02272146328125001 0.021259850000000018
9 0.114205248046875 0.4693111548611111 0.04424705859375 0.02763780416666661
9 0.611087768359375 0.5086418736111111 0.023917328906249934 0.017007877777777795
9 0.701375685546875 0.46505918472222224 0.03468012734374994 0.023385830555555504
9 0.7175198835937501 0.4076575909722222 0.023917329687499933 0.019133862500000022
8 0.277605449609375 0.5638111722222222 0.016742130468750015 0.025511819444444465
8 0.30750211171875 0.3829902763888889 0.011958665625000009 0.05930320833333332
8 0.5472733398437499 0.4288111375 0.010762798437500009 0.04464568055555552
8 0.436655691015625 0.5701891277777779 0.007175199218749917 0.021259850000000018
8 0.5173766777343751 0.56274818125 0.008371064843750008 0.019133862500000022
8 0.09327758515625 0.5283072326388889 0.028700795312499992 0.034015756944444475
8 0.323282582421875 0.3879922347222223 0.016742132031249968 0.05314962222222219
8 0.5580710453125001 0.4230709847222222 0.00956693124999992 0.03826772777777781
8 0.7286813171875 0.4889765111111111 0.03109252812500003 0.038267725000000044
8 0.6250395675781251 0.5400001486111111 0.016742130468750015 0.021259849999999938
