8 0.6573982425781251 0.06592796041666667 0.03443879140624997 0.12397964583333333
8 0.09260206953125 0.18761168749999999 0.024107153125000003 0.09183677499999998
8 0.80462407421875 0.3138872548611111 0.024107153125000023 0.08724493749999998
9 0.9049270527343751 0.33301991666666664 0.038743639843749914 0.02448980555555554
9 0.330041996875 0.48520430000000003 0.017219396875000025 0.02448980555555554
9 0.331333450390625 0.4997451222222222 0.023246185156249988 0.010714291666666674
0 0.6226856296875001 0.5525512694444444 0.007748728124999982 0.05816329166666666
2 0.22342165625000004 0.5839288333333333 0.07318242968750002 0.0872449361111111
2 0.3448976318475512 0.5760282145456551 0.049807723070102394 0.033658418130912006
2 0.443542933203125 0.5617349451388888 0.012914546093750002 0.01836735416666665
2 0.43019790156250004 0.5701533173611111 0.015497454687499967 0.019897968055555517
2 0.41556141562499993 0.5701533159722222 0.017219396875000025 0.022959193055555556
2 0.402646868359375 0.5732145430555555 0.01205357578124997 0.026020419444444404
2 0.49405316289062495 0.5586737194444444 0.007748727343749984 0.015306130555555578
2 0.50266286171875 0.5579084131944444 0.007748728124999982 0.010714290277777788
2 0.509120136328125 0.5556124951388889 0.00860969765624997 0.018367356944444503
2 0.51686886328125 0.5579084138888889 0.00860969843749997 0.016836741666666672
2 0.522465167578125 0.5602043326388888 0.009470667968749957 0.021428579166666614
2 0.530644380078125 0.5602043333333333 0.010331636718749948 0.02448980555555554
2 0.8588173496093751 0.5017859548611111 0.10589928203125006 0.08418371249999994
2 0.710730548828125 0.5798472152777778 0.09384570390624995 0.13316332499999997
2 0.8114640132812501 0.5017859562500001 0.06457273281249991 0.016836743055555558
3 0.127997508203125 0.5885206736111112 0.12914546640625 0.11479596944444445
2 0.39030630625 0.5747451555555555 0.025829093750000042 0.029081644444444443
2 0.4690926462209978 0.5448846824126707 0.04821430703125005 0.08418371111111114
2 0.544993868359375 0.5647961701388889 0.02066327578124998 0.027551031944444464
2 0.830405346875 0.6102043854166667 0.23332280781249998 0.21428580694444443
8 0.736129156640625 0.3572111388888889 0.012053575781250015 0.058163294444444465
