2 0.44829443688779785 0.4015426631255992 0.009266976224404288 0.01916899569564284
2 0.450419002963751 0.40621332650069303 0.007749409697497977 0.018798089112497092
2 0.45541291130587896 0.4143165296070625 0.012292053124999924 0.024280597222222235
2 0.45947231381477743 0.42928963756770155 0.01365783437500001 0.024280594444444463
2 0.4700332644886965 0.4307301436640614 0.01598192734877104 0.031275907359761684
2 0.47621723463604815 0.4332256614260198 0.015374795616145853 0.028847849026428285
2 0.4958125892884821 0.4407122167952282 0.018523638178434963 0.04206748738442888
2 0.5124391836068866 0.4455852577617527 0.013572448068110176 0.04257331421371349
2 0.5198846190902284 0.4491093513988048 0.019092433681723177 0.044495547106651004
2 0.5308204054151483 0.45034030347644033 0.017897211616312615 0.051004063118421865
2 0.5590986168794492 0.4473651638493403 0.06009447265625001 0.0752698458333333
2 0.5821891963131332 0.4634586393616559 0.055759433275640105 0.07474544656436698
2 0.6171211229263462 0.47485711925091995 0.07156048638819792 0.08526719026342293
2 0.6769164132812501 0.4890805458333333 0.1065311125 0.11169074166666665
2 0.790647870133047 0.5174503447070816 0.2007701703125 0.17967640416666666
2 0.40580839453125 0.40409846388888887 0.012292051562499972 0.024280597222222235
2 0.39624791015625005 0.39924234375000006 0.012292051562500017 0.01456835694444444
2 0.39624791015625005 0.41381070208333326 0.012292051562500017 0.019424476388888855
2 0.40444261054687497 0.42109487777777777 0.01229205234374997 0.024280594444444463
2 0.40102815312499995 0.4320211465277778 0.016389401562499996 0.03156477361111109
2 0.38668742578125 0.40895457916666667 0.01502361875 0.024280594444444463
2 0.36893223945312503 0.41623876041666663 0.017755185156249985 0.03399283472222226
2 0.3570399812955907 0.43303641957599687 0.01775518515625003 0.01985678146706075
2 0.3788133603729535 0.4348276956494371 0.02559876070591014 0.03688203668091303
2 0.3172065209950146 0.4373297127761495 0.028063568207494873 0.03702995426767125
2 0.27610925806735825 0.44397710759958964 0.024284897729750954 0.03747370286127941
2 0.2540406037445835 0.44533905365857007 0.03654450436416705 0.039901762583501706
2 0.21118425 0.44780353402777784 0.051899771875000014 0.06798566527777779
2 0.18045412109375 0.4611578604166667 0.02321831875 0.055845370833333324
2 0.12222849540110632 0.45061013841316266 0.09596449982278735 0.09787947127076985
2 0.035254276171875 0.45872980208333336 0.07050855234375 0.21124117638888892
9 0.808031628125 0.30333399236111114 0.02458410156249995 0.07041372638888888
2 0.5034904475682767 0.4441254923021818 0.01585842136673472 0.039085402156396755
2 0.48330700219243256 0.4386791657721921 0.014416746697031612 0.0256297719058339
