8 0.504527948046875 0.17479587569444444 0.014464282031249987 0.06795917083333335
8 0.5145151968749999 0.17540812638888886 0.010331629687499965 0.06428569999999999
8 0.48971928359374994 0.17632649305555556 0.014464282812499984 0.06979590277777778
8 0.6849870992187499 0.43071419375 0.020663260937500018 0.02755101249999999
8 0.672589141796875 0.4316325611111111 0.012397955468749977 0.03306121944444445
8 0.118025967578125 0.42979582847222225 0.019630097656250012 0.04040815416666664
9 0.14023897226562498 0.4334692951388889 0.022729586718750007 0.03673468750000002
9 0.1423052984375 0.3820407333333333 0.03719387031250001 0.025714280555555528
9 0.1423052984375 0.3039795284722222 0.020663260937499994 0.04224489027777775
9 0.5108991265625 0.49867336388888883 0.00826530468750004 0.018367341666666686
9 0.5732285672693813 0.4643620589740083 0.015143598601262642 0.034234512392460996
9 0.583737120703125 0.4518366388888888 0.009298467968750047 0.01285714166666665
0 0.20050742851562497 0.5428861847222223 0.01963009765624999 0.08448977777777782
0 0.628163147265625 0.5438045513888888 0.012397955468749977 0.07897957500000001
0 0.6322958 0.5382943493055555 0.014464282812499984 0.10469385416666672
2 0.51322374296875 0.5239284597222221 0.012397956249999975 0.025714280555555608
2 0.524588535546875 0.5367856 0.016530608593749996 0.0404081555555556
2 0.537503074609375 0.5395407013888889 0.029961728906249974 0.05693876388888894
2 0.2288822046875 0.5507141680555556 0.05124057343750001 0.10714283055555553
2 0.38441044921875 0.5348832847222222 0.02996172812500002 0.031224483333333334
2 0.28987603125000005 0.5560057298611112 0.134311196875 0.16897955416666666
2 0.46750805723767835 0.5667952365062641 0.11137140583714311 0.1557970103208051
2 0.5679114973829834 0.5418226975682707 0.07083854164096674 0.10288496597456956
2 0.9759946964843749 0.5543876375 0.04545917421875014 0.09734691944444439
2 0.9780610210937499 0.7301018868055554 0.041326521875000036 0.28102034861111114
2 0.4111250972656251 0.5301602590277779 0.017563772656249997 0.027551015277777837
