9 0.08361543203125 0.42865325138888893 0.015776496875 0.018698069444444423
9 0.07783071562499999 0.5062502409722222 0.010517664062499998 0.020567876388888903
9 0.46751017812499995 0.44922112847222223 0.011569429687499966 0.03365652638888893
9 0.60397687109375 0.48474746180555556 0.008414129687500082 0.018698070833333386
8 0.5524403175781251 0.4679191958333333 0.00631059765624995 0.014958455555555538
8 0.5348232296875001 0.4791380395833334 0.007362365625000056 0.01495845416666673
2 0.459096046484375 0.5043804333333333 0.01998356328124995 0.020567875000000017
2 0.4034825869951975 0.49729363028951357 0.02998701198341407 0.025092338356804807
2 0.3546939387824072 0.5075945049200724 0.038064611104651334 0.034016262433202216
2 0.262941608203125 0.5296228291666667 0.09255544609375002 0.11218841944444446
2 0.5921444996093751 0.5099898555555555 0.008414132031249988 0.02804710555555556
2 0.605817462890625 0.5127945659722222 0.018931794531249935 0.03365652638888893
2 0.6142315941406251 0.5146643729166667 0.018931794531250025 0.03739614027777781
2 0.6357928058593749 0.5146643729166667 0.03891535859375006 0.05609420972222223
2 0.669975215234375 0.5258832145833333 0.03365652578125004 0.0635734375
2 0.69942467578125 0.5333624423611111 0.05469185312500002 0.0822715069444445
0 0.651569302734375 0.5258832145833333 0.015776496093750047 0.06731305138888888
2 0.7485218993751424 0.5486023845555105 0.09398738156278483 0.11275139133324336
2 0.550599726171875 0.5099898534722223 0.015776497656249954 0.01682826250000002
2 0.5330186328194073 0.5064790144105228 0.01938568748618543 0.024765037154378906
2 0.57479035390625 0.5155992770833333 0.03891535937499997 0.05796401805555552
2 0.929410933984375 0.6163857244635156 0.14093670078124987 0.25588916892513364
