2 0.18125941757812497 0.5145439743055555 0.13844486015625 0.16155178472222226
2 0.44359623593749997 0.4720323375168918 0.04132028749999996 0.0734526458333333
2 0.29901969833500874 0.4792222631611295 0.021390537295017432 0.03834854621410402
2 0.26940313789062503 0.48224363138378623 0.042888258593749964 0.06322916501020535
2 0.3257623267504698 0.47774340537156257 0.026941858188439617 0.038615135743125174
9 0.796045728515625 0.23786765833333334 0.031535485156250063 0.08297336388888886
8 0.542500433203125 0.026269552777777774 0.021444128906249915 0.04741335833333333
8 0.5179027558593751 0.02947315416666666 0.02018271015624995 0.0538205611111111
8 0.56205243359375 0.02498810625 0.02018270937500004 0.04036542083333333
0 0.08041058906250001 0.4987001715277778 0.023873942187499997 0.07672309861111112
0 0.060209560156249994 0.48074370208333334 0.018364571875000003 0.03428053472222222
0 0.047354358984375 0.486457125 0.016528114843750004 0.0391777527777778
0 0.0221030734375 0.5068622041666667 0.0192828 0.0767231
0 0.780625498046875 0.4644196395833333 0.020201028906249974 0.13222491527777783
2 0.104678058203125 0.5109431972222223 0.06611245859375 0.08814994444444445
2 0.35682363359374997 0.4636034104166667 0.018364570312499984 0.039177754166666606
2 0.37656554921874996 0.45952239375 0.017446343750000003 0.02122128194444449
2 0.3669241484375 0.46931683333333335 0.014691657812499991 0.02448609444444448
2 0.3875842921875 0.46686822361111113 0.015609885937500012 0.026118502777777764
4 0.40732620703124994 0.44707405344940665 0.01836457187499998 0.026529084767853324
2 0.406867092578125 0.4676844263888889 0.01744634296875005 0.027750908333333355
2 0.4660928359375 0.46278720833333337 0.009182285937500012 0.04733978333333337
2 0.42247697851562493 0.44564694027777785 0.011936971093750071 0.035912938888888926
8 0.35373608671875 0.4203446416666667 0.010100514062499987 0.014691658333333319
8 0.43270374609375006 0.416263625 0.0064276000000000446 0.013059252777777728
9 0.5428042796875 0.40460358750000003 0.016528114062499988 0.02285368888888889
9 0.5873383660156251 0.4005225715277777 0.013773428906250018 0.02122128194444449
9 0.57264670859375 0.4217438534722222 0.015609885937499967 0.021221281944444413
9 0.58550190859375 0.4241924631944444 0.01377342812500002 0.029383315277777832
9 0.795317141796875 0.237398525 0.03489268671874992 0.09467956944444443
8 0.8247129949218749 0.3170255895833333 0.026230571093749867 0.05362694305555556
