9 0.54299452481151 0.49566302152777775 0.02230761912698016 0.05005794027777778
9 0.44811740234375 0.5691856263888889 0.011439023437499963 0.021900352777777795
8 0.57899965078125 0.4974507979166667 0.017598495312499997 0.0375434541666667
2 0.665003139453125 0.5701912479166666 0.019358342968750008 0.031286215277777765
2 0.6553239671875 0.586616507638889 0.029917442187500053 0.04849362916666667
2 0.628486262109375 0.5952202173611111 0.044876163281250034 0.06882967083333334
2 0.67732208671875 0.5787949555555556 0.01759849687499999 0.032850525
2 0.6834815597656251 0.5873986652777778 0.02639774296874995 0.04067207777777774
2 0.76707441171875 0.5819235763888889 0.059834882812500025 0.06413673888888888
2 0.74067666953125 0.6272885861111112 0.11966976718750004 0.1298377861111111
2 0.9355800046875 0.6366744506944444 0.12582924218749997 0.1517381375
2 0.5215754031250001 0.5913094395833334 0.035196990624999994 0.026593281944444415
2 0.4793390140625 0.589745129861111 0.04927578593750006 0.057879495833333294
2 0.445901873046875 0.5983488395833334 0.015838646093749985 0.02815759305555553
2 0.412464732421875 0.6053882354166666 0.054555335156249996 0.06100811527777776
2 0.5726110394531251 0.6164045377048301 0.07215383046874999 0.10154793847922852
2 0.3337114671875 0.5897451319444444 0.010559098437500003 0.020336038888888908
2 0.311713346484375 0.5881808208333333 0.014078794531249984 0.017207416666666673
2 0.291475076953125 0.5881808194444444 0.021118192968750015 0.02033604166666668
2 0.264637372265625 0.5897451298611112 0.013198871093749976 0.01720741805555556
2 0.243079216015625 0.5952202166666666 0.02287804453125002 0.015643105555555554
