8 0.399183812890625 0.2608152548611111 0.012672502343750036 0.06065470972222222
8 0.30511485585937503 0.2868101305555556 0.013647310156249981 0.07798462777777779
8 0.866116770703125 0.1776316513888889 0.020470963281250042 0.07798462777777779
8 0.531270276171875 0.4193839979166667 0.011697694531249959 0.027727868055555563
9 0.34313236171875 0.23915285833333333 0.048740392187499995 0.013863933333333339
9 0.434764299609375 0.30240705625 0.031193852343750005 0.025994876388888914
9 0.9523872656249999 0.18889609791666667 0.09163193749999987 0.06238770138888889
9 0.5171355621093751 0.4540438326388889 0.016571733593749992 0.027727868055555563
2 0.016571733203125 0.7018616486111111 0.031193850781249997 0.22875490833333323
2 0.9616479402343749 0.5848847076388889 0.07311058828124999 0.12650839583333334
2 0.012672501953125002 0.49216965 0.025345003906250003 0.05892171944444442
2 0.13665094547903012 0.5113128320485589 0.030838157479439743 0.05529518868066003
2 0.22274800099935782 0.4991329661343223 0.023395388281250006 0.031193851388888937
2 0.23687830664062498 0.49182249478851897 0.025345003906249986 0.0352050042412517
2 0.25442484765625 0.4930361458333334 0.013647309374999982 0.022528891666666655
2 0.264660330078125 0.4913031534722222 0.018521349218749972 0.025994873611111143
2 0.272946196875 0.48523768333333334 0.011697693750000005 0.024261883333333303
2 0.284643891015625 0.4843711868055556 0.013647310156250026 0.025994873611111143
2 0.29536677734375 0.48263819583333334 0.007798462500000003 0.01906290833333328
2 0.304140048046875 0.47743922083333334 0.01949615703124996 0.01906290833333328
2 0.32119918515625 0.4791722125 0.012672501562499994 0.012130941666666612
2 0.36652775000000004 0.47137374930555553 0.011697693750000005 0.017329918055555518
2 0.41933390602304377 0.48780772314787524 0.023062323891412627 0.03979991296241702
2 0.352880440234375 0.4753414977863825 0.015596925781250003 0.02179943168387608
2 0.32832101192706276 0.48525525880769205 0.0193198194006869 0.02429703428205067
2 0.425503624609375 0.49599632900137647 0.026319811718749975 0.04231319133608622
2 0.189600126171875 0.5248808524296943 0.07116097265624999 0.07556196032268647
2 0.0770098203125 0.5285624763888889 0.09748078593750001 0.10397950277777782
2 0.6540960648437499 0.6342749722222222 0.2320042671875 0.32926842777777776
2 0.565388550390625 0.4991016173611111 0.027294619531249963 0.045057784722222195
0 0.522009601171875 0.5207640138888889 0.018521349218749972 0.09184856111111112
9 0.43768872265625003 0.4427793861111111 0.007798462500000003 0.008664958333333316
9 0.43817612656250005 0.4540438319444445 0.008773270312499993 0.013863933333333339
3 0.38924316620861227 0.46560799359992633 0.027884291792224493 0.06005527946681405
