8 0.35551834453125003 0.3049280125 0.012474328125000022 0.05544145555555555
8 0.7554764781250001 0.3742298354166667 0.010915035937499961 0.04435316527777778
8 0.679071221484375 0.3846251083333333 0.007796455468749919 0.03742298333333333
8 0.7484596707031249 0.3763088881944444 0.0077964554687500074 0.04573920138888883
8 0.730138001171875 0.4109598 0.007016810156250042 0.03465091111111115
8 0.7219517230468749 0.4102667826388889 0.007796453906250012 0.033264876388888906
8 0.6685460078125001 0.38601114652777774 0.010135392187499991 0.04296712916666665
8 0.633461959765625 0.4074947076388889 0.007016810156249953 0.033264870833333286
8 0.625665505078125 0.40818772638888895 0.008576100781249974 0.03187883888888889
9 0.3520737667126215 0.4201417638888889 0.04275284313725698 0.08558880277777771
9 0.32121394140625004 0.38809020138888883 0.01715220156249999 0.04989731388888888
9 0.272875921484375 0.36445307638888885 0.06393093046875001 0.08578525
9 0.868525075 0.4816476604166667 0.07484596562499987 0.09840858750000005
2 0.59720844453125 0.5736794349157339 0.07016809375 0.08011081983146787
2 0.5646460194121415 0.5077112602463992 0.045584809136782936 0.036880806603909536
2 0.94259139609375 0.5474843888888888 0.04677872812500006 0.03049280277777784
2 0.22687683789062502 0.48026161875 0.02806723671875 0.015246401388888841
2 0.21128392695312498 0.48303369513888883 0.024948655468750004 0.015246398611111149
2 0.190623322265625 0.48303369513888883 0.01949113671874998 0.012474329166666662
2 0.178148993359375 0.48026162291666674 0.021050428906249995 0.012474329166666662
2 0.15270516921233723 0.4786825063753917 0.027856546237174484 0.018404626138105347
2 0.14384459453125 0.4795686027777778 0.035084046875 0.019404508333333344
2 0.10704286036344808 0.4763494624265833 0.03320796760189613 0.02060780736073266
2 0.090049052734375 0.4754104944444444 0.04288050234375 0.024948655555555553
2 0.07367649921875 0.47263842083333335 0.033524754687500005 0.019404508333333344
