2 0.20744929710669932 0.3490841937729597 0.014282817941566961 0.024272633252158747
2 0.21941935316941397 0.3655138035991917 0.015039146786172042 0.034346345601221115
2 0.312632227734375 0.3625778694444444 0.013183585156249978 0.021093733333333337
2 0.298130283984375 0.3660934909722222 0.021093735156250036 0.0468749680555556
2 0.8366797179687498 0.3297653902777778 0.048779262499999906 0.021093733333333337
2 0.56773459140625 0.33445288680555557 0.022412095312500036 0.011718740277777763
2 0.59476093984375 0.3438278805555556 0.018457018750000033 0.016406238888888876
2 0.620468930078125 0.3426560083333334 0.04350582890624999 0.023437483333333335
2 0.627060722265625 0.2899216680555556 0.014501942968749936 0.016406238888888876
2 0.607944523828125 0.2910935423611111 0.02373045234375004 0.014062490277777763
2 0.3554038968324814 0.357111683949898 0.04365579071003713 0.07421357654464854
2 0.25857953046875004 0.36609349027777777 0.06855464062499998 0.10312493055555558
2 0.45962919726562496 0.40359346527777784 0.15424794140624995 0.23906233611111113
9 0.5492775722656249 0.2817185486111111 0.06723628203124994 0.06562495277777777
