9 0.6130473929687501 0.3610203409722222 0.017215059374999963 0.05440808749999996
9 0.6106564125 0.4103276722222222 0.020084235937499972 0.013602022222222211
9 0.614960176953125 0.4298805791666667 0.009563921093750061 0.01870278055555556
2 0.4670381953125 0.4851387965277778 0.005738353125000017 0.013602020833333325
2 0.47325474492187497 0.48683905069444444 0.01052031484375 0.020403034722222203
2 0.47516752851562494 0.49108968263888886 0.008607528906250028 0.018702781944444444
2 0.483296862109375 0.49364006180555553 0.015302275781249985 0.027204045833333308
2 0.4962081570312501 0.49619044027777776 0.01625866718750002 0.03570530833333328
2 0.506728471875 0.4987408194444444 0.014345882812500044 0.040806066666666634
2 0.524421726953125 0.5046917034722223 0.032517335156250035 0.04930732916666669
2 0.53828941328125 0.5148932201388889 0.025822589062500078 0.04930732916666661
2 0.5598082382812499 0.5208441055555555 0.040168471875000035 0.06120909999999995
2 0.797822376171875 0.5741753569444444 0.18936565234374997 0.19892957499999997
2 0.6208898070312501 0.5701601710147041 0.14537161250000005 0.18315640797059202
2 0.9138327363281249 0.6443958027777777 0.1721505945312499 0.24993715833333338
2 0.043037647265625 0.4718201472222222 0.03060454921875 0.028904297222222257
