2 0.30678909296875 0.5947011326388889 0.04643663906249999 0.07041372638888888
2 0.28288788125000003 0.601985313888889 0.0396077203125 0.06555760555555558
2 0.25830377929687504 0.6104835222222222 0.05872868984374997 0.07769790555555557
2 0.184551470703125 0.6104835208333333 0.09697062734374999 0.11169074166666665
2 0.071874335546875 0.6250518770833333 0.14204148046875 0.15539580972222228
2 0.46613977442423593 0.5752766569444445 0.014549802714028014 0.03156477500000005
2 0.48434094414062495 0.5801327777777778 0.013657833593750012 0.02185253333333337
2 0.5184855316406249 0.5874169534722223 0.02731566953125002 0.06555760694444446
2 0.41195441875 0.6359781479166666 0.12018894531249998 0.17239222361111106
2 0.545118308203125 0.5959151631944445 0.053265555468750045 0.07769790416666669
9 0.5526301171875 0.5352136770833333 0.01365783437500001 0.02428059583333327
9 0.597700973828125 0.4975787527777778 0.010926267968750025 0.021852536111111064
2 0.6161390492187501 0.5898450166666667 0.042339287500000024 0.03642089444444447
2 0.8863499806225661 0.609578982622954 0.22578266687986784 0.11473778191257446
