0 0.03606788984375 0.3873236493055555 0.056538854687499994 0.22702191527777774
8 0.251500424609375 0.28247765208333336 0.015596925781250003 0.010397951388888889
8 0.28951793046874996 0.2816111548611111 0.01364731093749998 0.008664956944444432
2 0.20227262812500002 0.36410241858111475 0.039967121875000025 0.03847412882889615
2 0.236390903125 0.3587292861111111 0.024370196874999993 0.031193852777777822
2 0.259786290234375 0.3604622791666666 0.022420580468750017 0.024261883333333303
2 0.27733283281250004 0.36219527083333336 0.012672501562499994 0.013863933333333339
2 0.31145110585937497 0.3595957840277778 0.018521349218750018 0.025994873611111066
0 0.9744481789062501 0.4956356333333334 0.05009762187499991 0.5684212861111111
9 0.432602848046875 0.07312494236111111 0.026367169531249957 0.04218747083333333
9 0.44578643281249997 0.12585928125 0.013183584375000024 0.03515622638888889
9 0.423374338671875 0.11062491736111112 0.02109373515624995 0.018749987499999992
0 0.0707134484375 0.36023412013888895 0.011865226562499998 0.04921871527777778
