2 0.5475928382812499 0.5363255006944444 0.011700701562500004 0.018721123611111067
2 0.5628037499999999 0.5352854375 0.011700701562500004 0.02912174722222218
2 0.57391941640625 0.5373655625 0.015210910937499999 0.04160249444444446
2 0.5867901890624999 0.5373655638888888 0.03159189531250002 0.045762744444444475
2 0.6053492136041794 0.5491643886292531 0.02096608271829332 0.04714630552664182
2 0.6171379732773478 0.553069270246335 0.024675523022783086 0.054877795231878204
2 0.6451310494026081 0.5569545834811851 0.05999887306978362 0.06829978640681457
2 0.736754187890625 0.5633671243055556 0.11934715703125001 0.14768885694444447
2 0.810468607421875 0.6060096798611111 0.18253094609374995 0.16640997916666664
2 0.9421015011718751 0.5342453777777778 0.10413624453124992 0.11024661111111113
2 0.963162765625 0.5387523083333333 0.07137428125000014 0.10400623611111115
2 0.42766064609375 0.5366721833333333 0.019891193750000015 0.02080124722222223
2 0.397238821875 0.5366721826388889 0.0269116140625 0.033281995833333314
2 0.40191910234375 0.5189911243055556 0.015210912499999951 0.010400623611111114
2 0.3699113226894465 0.5410666402640072 0.032423665558607116 0.037910661083570024
2 0.33536123073193025 0.5408112725755334 0.028729286739686576 0.053962649399917476
2 0.295442716015625 0.5345920576388888 0.057333438281249996 0.08736523750000005
2 0.2607321062177145 0.5489351093393108 0.0627526773254075 0.0744488464563993
2 0.18334346467702606 0.5581772828264598 0.09832148615570444 0.09834973477137407
2 0.51687849609375 0.49350959375000003 0.05967357812500005 0.16328979305555563
0 0.127098853515625 0.5458841534722222 0.018721122656249988 0.08320499027777781
9 0.32659581875 0.48556053680555555 0.015210912499999996 0.029121745833333375
9 0.6042232445694284 0.4924738733145016 0.012229176486143167 0.02630742440678091
8 0.441847729296875 0.4709996625000001 0.009360561718749948 0.016640997222222214
2 0.456912400390625 0.5366721826388889 0.012870771093749945 0.016640995833333328
