8 0.2453959453125 0.5758589722222223 0.010546868750000016 0.021093736111111067
8 0.29153849179687497 0.4657027979166667 0.007910150781250014 0.03515622638888895
8 0.55982443984375 0.5008590236111112 0.009228507812500019 0.035156224999999985
8 0.67122573046875 0.49734340138888894 0.021093735937500035 0.037499974999999984
8 0.652768712890625 0.4938277784722222 0.015820302343750026 0.0398437236111111
8 0.08126031640625 0.49031215486111107 0.022412093749999994 0.03281247638888887
8 0.057529863671875 0.48445278472222225 0.017138660156249996 0.03984372222222221
8 0.30340371875 0.46687467083333334 0.010546868750000016 0.032812477777777835
9 0.054233967578125 0.45164030763888896 0.04218747109375 0.02578123194444441
8 0.13860890937499998 0.38484347916666667 0.021093735937500014 0.04687496666666667
9 0.06214411875 0.4282028236111111 0.015820303125 0.021093736111111146
9 0.051597250781250006 0.39656222013888887 0.010546868749999999 0.03281247638888887
9 0.034458590234374996 0.38953097500000006 0.018457017968749996 0.018749986111111068
9 0.104990768359375 0.3707809875 0.01977537734374999 0.04218746944444448
9 0.644858562109375 0.40359346527777784 0.018457017968750034 0.028124980555555526
9 0.6435402031249999 0.42703095069444447 0.036914037499999976 0.02812498194444449
9 0.6830659328124999 0.42234345347222224 0.018507068749999966 0.02812498194444449
9 0.58948750546875 0.541874620138889 0.010546868750000016 0.03281247638888887
9 0.574326382421875 0.5266402555555555 0.014501942968749936 0.016406238888888838
9 0.24012251093749998 0.5489058652777777 0.01054686718750002 0.028124980555555606
9 0.2678080390625 0.4821090368055555 0.013183584375000024 0.02578123194444441
9 0.571689665625 0.5465621187499999 0.009228509375000016 0.01874998750000003
0 0.172886230859375 0.6063277013888888 0.023730453906249994 0.05859371111111113
2 0.23550825703124997 0.628593311111111 0.072509715625 0.07968744444444442
2 0.683750135546875 0.6602339145833332 0.20961899609374993 0.27421856249999993
2 0.10226341640625 0.7258588680555556 0.2045268328125 0.31171853333333327
2 0.8804370535156251 0.7797650798611111 0.23912589296875 0.4382809486111111
2 0.42073762109375 0.7211713715277777 0.4060544078125 0.5320308819444445
2 0.85735789296875 0.6170611916666666 0.06957933750000009 0.06824639999999998
