9 0.345170440234375 0.5494992180555556 0.008190485156249983 0.012480738888888886
9 0.325864296484375 0.5697804222222221 0.011700692968749982 0.017681049999999962
2 0.33829628359374997 0.6276771701388889 0.01989117812500001 0.02184129027777778
2 0.32308538203125 0.6318374166666667 0.014040831249999997 0.023921416666666633
2 0.27452750742187504 0.6339175388888888 0.014040830468749998 0.02600153888888891
2 0.24937101796875 0.6417180027777778 0.04212249374999999 0.049922955555555544
3 0.16541854609375 0.6271571402777778 0.05440822187500001 0.07488443333333332
2 0.13587429648437502 0.6593990479166667 0.09360554296875001 0.0956856652777778
2 0.0314456125 0.65679889375 0.039197321875 0.0530431375
4 0.090241594140625 0.6484784034722222 0.03861228671875 0.04680277083333332
3 0.73188976796875 0.5756944055555555 0.3510207875 0.3713019888888889
3 0.4545833453125 0.5522930194444444 0.21646281874999995 0.47010783888888896
