9 0.75851483125 0.1830126798611111 0.031552992187500004 0.03926594583333332
9 0.36620595390625 0.36829354375 0.014724729687499983 0.02430749305555556
9 0.45402845000000003 0.3589445083333333 0.011569431249999962 0.031786719444444445
9 0.5713004078124999 0.2607796423611111 0.03786359218749995 0.026177298611111115
9 0.593387502734375 0.22712311874999996 0.03786359140624995 0.0299169125
3 0.27259874101562503 0.40662458749999997 0.012621196093750031 0.029916911111111076
2 0.30047055078125 0.4075594923611111 0.011569432812499957 0.013088648611111055
2 0.314143516015625 0.41036420277777774 0.01998356328125004 0.018698069444444423
2 0.33517884257812497 0.41410381666666674 0.013672964843750001 0.02617729722222219
2 0.34254120937500004 0.4159736222222222 0.015776495312500007 0.03739613888888892
2 0.360947121875 0.4253226590277778 0.039967123437499995 0.048614981944444385
2 0.37619773554687497 0.44308582430555554 0.045225958593750004 0.0617036319444444
2 0.1958197921875 0.4225179472222222 0.048381256250000004 0.057964016666666715
2 0.22737278437500003 0.4122340090277778 0.031552992187500004 0.04113575416666669
2 0.24683046484374999 0.4112991034722222 0.009465898437500009 0.03178671805555556
2 0.2547187125 0.41223400902777774 0.012621198437500026 0.02991691250000004
2 0.11220436132812499 0.44028111458333336 0.07677894921875 0.07853189305555554
2 0.7748172113281251 0.5122686805555555 0.41755127265625 0.38705004444444446
