2 0.511500281640625 0.47320398402777775 0.013198871093749976 0.026593281944444415
2 0.49126201132812497 0.4677288958333334 0.01847841953125 0.021900350000000027
2 0.498741372265625 0.4880649347222222 0.010559097656250049 0.021900350000000027
2 0.489062199609375 0.49354002291666665 0.02287804453125002 0.03597914583333335
2 0.483342687890625 0.5013615763888889 0.01847841953125 0.029721902777777844
2 0.463984343359375 0.5052723527777778 0.03079736640624997 0.04067207777777774
2 0.43409622500000006 0.5157010986111111 0.03167729062500006 0.053186563888888906
2 0.41473788046874993 0.5211761868055557 0.04223638906249998 0.05475087361111114
2 0.386580287890625 0.5282155847222222 0.03695683984375 0.06570105
2 0.35666284648437496 0.5368192930555556 0.054555335156249996 0.07352260277777774
2 0.30210751093750005 0.5555910215277777 0.10207127187500001 0.10793743750000004
2 0.572244412890625 0.47177519638977317 0.015838646093750075 0.025279376664898084
2 0.59028287109375 0.4679896229166666 0.011439021875000056 0.023464659722222257
2 0.702033315625 0.45469298263888885 0.03431706562499999 0.018771729166666674
2 0.7054403276587372 0.4933408723959182 0.03761139125497435 0.06790991701405855
2 0.6413185070312499 0.5077369506789273 0.1099905953125 0.17861660419770103
3 0.7704692750018571 0.49595009243040095 0.07753643280878561 0.18575872652746858
2 0.9008229765625 0.4716396729166667 0.19534329843749987 0.28939747638888896
2 0.18588410625000001 0.5827057305555556 0.12582924062500003 0.13922364999999995
2 0.079413209765625 0.625724275 0.15750653203125 0.21274625277777787
2 0.7178559930194472 0.5074157367396407 0.02236510593371994 0.08898708815956387
