9 0.381092079296875 0.4594328777777778 0.014981507031250008 0.029963013888888827
9 0.382496596875 0.48190513611111113 0.01217247343750003 0.0116522833333333
9 0.543703869921875 0.46109748749999996 0.01872688359375001 0.029963013888888904
9 0.545108387890625 0.48273744236111105 0.015917850781249944 0.00998767083333334
9 0.23127701250000002 0.45221955972222216 0.011236129687500008 0.02330456666666668
4 0.41068056171875 0.5077066208333333 0.03558107812499998 0.023304563888888827
2 0.41236598359375004 0.51436506875 0.028090325000000017 0.02996301527777771
2 0.406279746484375 0.5185265993055554 0.014045161718749987 0.021639954166666638
2 0.38521200351562496 0.5143650673611111 0.03370838984374998 0.033292237500000016
2 0.34120382617187495 0.5193589041666666 0.08239828828125 0.049938355555555584
2 0.25412381796875005 0.5201912090277777 0.11985205468750001 0.13150433750000004
2 0.218449097265625 0.5360050229166666 0.09269807421875002 0.1598027375
2 0.11236130117187501 0.5351727166666667 0.17790539296875002 0.20474725833333332
2 0.065075920703125 0.54932191875 0.10955226796874999 0.20974109583333328
2 0.431092852734375 0.5077066208333333 0.009363441406250051 0.01664611944444437
2 0.45731048945312497 0.51270045625 0.007490753906250003 0.013316893055555489
2 0.472291996875 0.5110358451388889 0.0074907531250000044 0.00998767083333326
4 0.5322180246093751 0.5068743145833333 0.01872688359375001 0.014981506944444414
2 0.537367916796875 0.5176942916666667 0.02715398046874995 0.029963013888888827
2 0.55937200546875 0.5243527395833334 0.018726882812500012 0.036621459722222166
2 0.573885340234375 0.5201912104166666 0.02715398046874995 0.04827374305555555
2 0.59794939765625 0.5210235145833333 0.04681720937500007 0.05992602638888892
2 0.6030992894531251 0.5276819618055556 0.03651742421875 0.05326758194444447
2 0.6534746234375 0.5251850472222223 0.08708000781249998 0.08156598333333333
2 0.655347311328125 0.532675798611111 0.06273506015625001 0.07657214444444449
2 0.744206340234375 0.5318434923611111 0.13670624921875002 0.13483356250000003
2 0.7926153453125 0.5401665506944444 0.08895269687500003 0.1448212319444445
2 0.9069430039062499 0.5368373277777778 0.18539614687500006 0.2213933777777778
2 0.02949484140625 0.5634711166666667 0.0589896828125 0.2563502277777778
2 0.956007404296875 0.5892726020833333 0.08614366484375005 0.21140570694444444
2 0.46405217968749995 0.5150309291666667 0.013108818750000051 0.01997534166666668
2 0.44438895234375 0.5225216819444444 0.02809032499999997 0.03828607222222229
4 0.500944134765625 0.5027127840277777 0.044008175781250006 0.08655981527777776
9 0.48970800429687494 0.44486752222222226 0.02715398046875004 0.01997534166666668
