9 0.34912838046875 0.24263250555555554 0.06009447187500001 0.021852536111111102
9 0.6202363996093749 0.2984778736111111 0.036876153906249966 0.021852536111111102
9 0.23576835156250003 0.22320802916666668 0.03277880312500003 0.021852536111111102
0 0.26991293828125 0.43809129513888884 0.021852535937500008 0.08255402361111111
0 0.8626629664062501 0.3810318958333334 0.02731567031250002 0.04127701111111111
8 0.2241591921875 0.3603933909722222 0.02048675312499997 0.029136712500000033
8 0.8449077816406249 0.32397249930555555 0.01365783515625001 0.02428059583333335
8 0.4249293625 0.24263250694444444 0.009560484374999945 0.04613313055555557
8 0.659161228515625 0.32275846875 0.010926267968750025 0.03156477361111109
8 0.59292073046875 0.2996919020833333 0.006828917187499961 0.03399283194444445
8 0.5819944625 0.2960498152777778 0.006828917187499961 0.03642089444444447
8 0.73701088671875 0.2814814583333333 0.010926267187500028 0.03642089444444447
8 0.7422179460937499 0.32345220625 0.011438417187499984 0.037808368055555555
8 0.68579400625 0.2572008611111111 0.006828917187499961 0.026708652777777786
8 0.31908114335937504 0.3850208604166667 0.010926267968749981 0.019424476388888855
8 0.301325958203125 0.34044862986111113 0.008194700781250041 0.03642089305555554
9 0.65574676953125 0.34946712430555554 0.012292051562499929 0.012140295833333346
2 0.9828519121093751 0.5473539729166667 0.03277880390625008 0.17482028472222225
2 0.56355638515625 0.43526493662837235 0.08467857500000005 0.08820674063214413
2 0.4269244587821495 0.4293973936572758 0.024476944126798995 0.031173387314551507
2 0.853102482421875 0.47329815833333333 0.16389401640625004 0.13839939166666665
2 0.7718383648437499 0.4405193541666667 0.10243375937499995 0.11654685555555559
2 0.71788991796875 0.43009891363484026 0.060094473437500004 0.09469432083333335
2 0.657708626237673 0.41766185022902597 0.07119437721215408 0.08540020045805181
2 0.4413187640625001 0.42709756904359725 0.015023617187500005 0.029136715277777763
2 0.45224503203125 0.42473696805555555 0.009560484374999945 0.021852536111111064
2 0.45907394960937503 0.4210948784722222 0.012292050781250018 0.019424476388888934
2 0.46931732539062504 0.41988084861111113 0.010926267968749936 0.016996416666666726
2 0.477512026171875 0.4198808493055556 0.010926267968750025 0.012140298611111038
2 0.48434094375000003 0.41745279027777776 0.01365783437500001 0.016996416666666646
2 0.492535644921875 0.41745279027777776 0.010926267968750025 0.016996416666666646
2 0.525314448046875 0.41502472986111105 0.01638940234374999 0.031564773611111166
8 0.782081741015625 0.24662146805555554 0.008194700781250041 0.02913671388888888
2 0.19730944142114132 0.439381924167585 0.06887952346728268 0.04836749555739222
2 0.13555400976562498 0.43219459375 0.04643663828125 0.05341730972222223
2 0.096041169921875 0.4309805631944444 0.05171001015625001 0.06070148750000005
8 0.7440105476562501 0.3544966888888889 0.012292051562500017 0.01942447777777782
0 0.38123644767646425 0.42415989764106143 0.010812560022773665 0.03395944777522991
