2 0.49523127929687494 0.33491537569444446 0.01469165703124995 0.021221281944444413
2 0.48099873593750003 0.33981259375 0.008264057812500081 0.01795647083333335
2 0.47365290703124996 0.34144500069444444 0.01377342812500002 0.01795647083333335
2 0.4641944312762288 0.34574134230998327 0.01634625087993591 0.024601732006556333
2 0.562874123046875 0.34525395 0.009182285156250015 0.01632406388888891
2 0.577565781640625 0.351783575 0.014691658593750035 0.02285368888888889
2 0.44503593432877153 0.35216746821855055 0.028465085937499968 0.035912941666666615
2 0.29612871953125 0.3579867229166667 0.05417548750000001 0.03754534583333336
2 0.67837418203125 0.38219093704138474 0.06703068593749997 0.07514143980611937
2 0.7289065546875 0.3783148138888889 0.04223851406249999 0.052237002777777757
2 0.7547456984375 0.40269286722299497 0.08605600000000005 0.10425792333487888
2 0.8244023285156249 0.4199763099909072 0.12304263046874997 0.12903036720403663
2 0.6066867527343749 0.3447875472222222 0.018364572656250022 0.017956469444444463
2 0.024588114453125 0.4154190756944445 0.04917622890625 0.19915357638888895
9 0.906801728515625 0.23467541666666666 0.03856560078125 0.07345828611111109
8 0.46484174609375 0.2590628930555556 0.008264057812499993 0.02448609444444444
8 0.59431197734375 0.2811003763888889 0.010100514062500033 0.019588877777777784
9 0.291296544140625 0.25253326319444447 0.01010051484375003 0.024486095833333367
2 0.537688424609375 0.33779152222222225 0.01101874296875005 0.014691658333333359
2 0.5049512063448252 0.3372028009627023 0.009536677940086414 0.012009149998627282
2 0.5293889435662965 0.3393220627271659 0.00993403952092331 0.01624767352755454
