8 0.46434969375 0.4285716222222222 0.006887757812499995 0.024489808333333307
8 0.5952170992187501 0.41403079513888896 0.006887757812499995 0.029081640277777786
8 0.618893773046875 0.5191328965277778 0.014636482031249986 0.01683674583333333
8 0.4587533953125 0.42551039999999996 0.006026789062500005 0.02448981388888893
8 0.47123745625 0.42780631458333335 0.008609698437500058 0.0260204180555556
8 0.58574643671875 0.4102042638888889 0.00860969843749997 0.03673470277777784
8 0.38714940859375 0.4920920590277778 0.00860969843749997 0.019897968055555597
9 0.621763676171875 0.4854594076388889 0.011192607031249935 0.013775509722222207
9 0.6095665984374999 0.41326549166666665 0.020663270312499992 0.030612258333333385
0 0.6002394300781251 0.5589288305555555 0.007748725781249988 0.03214287222222225
0 0.615162904296875 0.5686227048611111 0.0077487289062499794 0.03826532083333329
2 0.6431444187500001 0.5785296458721099 0.036160726562499954 0.0643698277002247
2 0.416565871484375 0.5448650987904565 0.018080366406250013 0.0368009218635315
2 0.382473476516003 0.5473436091104392 0.04046557578125003 0.07959186944444446
2 0.37851000060918605 0.5533868489293796 0.0292729703125 0.07653064583333331
2 0.3550065328125 0.5553200228128857 0.05338012656249998 0.09548294881867297
2 0.310236104296875 0.5602043326388888 0.08093115859375 0.12857148472222227
2 0.22284767226562502 0.5724492368055555 0.16100134765625002 0.17755109861111112
2 0.09370220625 0.6056125243055555 0.186830440625 0.3275511652777778
2 0.493909663671875 0.6079084444444445 0.18596947109375 0.25867358333333323
4 0.8249378234375 0.5215529965277779 0.350124353125 0.5980715986111111
