0 0.0624231875 0.5194066805555555 0.035180078125 0.11898302777777776
0 0.128278576953125 0.5906439756944445 0.02316736796875001 0.07627117083333337
0 0.144152515234375 0.5906439756944445 0.02574151953124999 0.07627117083333337
0 0.285301852734375 0.575084636111111 0.026599571093750017 0.11288133333333335
0 0.69699456015625 0.6216100506944444 0.01973516562500004 0.08999998194444443
0 0.6648830913817381 0.6127456641094307 0.014134100281273109 0.06635163860737489
0 0.6189119484375001 0.6055931048611112 0.011154659374999997 0.06406778194444446
0 0.9068737894531249 0.6521185208333334 0.03861228046874991 0.1693220027777778
0 0.436104258984375 0.5907202270833333 0.017161011718749997 0.0671186319444444
0 0.42537862695312495 0.5968219222222222 0.01115465859375 0.0579660916666666
0 0.39556137773437505 0.5712710777777777 0.011669492968750018 0.05644066666666671
0 0.75148077890625 0.6246608965277777 0.0223093171875 0.10525421527777776
0 0.7368939175781251 0.60330496875 0.01544491171875002 0.05644066805555552
0 0.405171543359375 0.5743219243055555 0.012012708593750032 0.07474574861111109
2 0.585018973046875 0.6010168368055555 0.01887711640624996 0.06406778472222222
2 0.49912809414062503 0.5842371777777777 0.011154660156250084 0.021355927777777832
2 0.49183466210937504 0.5857625986111111 0.00858050703125004 0.01830507777777781
2 0.51457300546875 0.5865253125 0.019735164062500043 0.03508473611111111
2 0.543746729296875 0.6021896691173404 0.06950210546875005 0.09387107156801401
8 0.1508024078125 0.38974568958333333 0.0334639765625 0.04576270138888895
8 0.13063821718750002 0.39279653333333336 0.015444912499999996 0.03966100833333333
9 0.11755294296874999 0.3035592659722222 0.02574152031250001 0.05491524305555555
2 0.48085161249999997 0.5842371777777777 0.014415267187500014 0.021355927777777832
0 0.612905619921875 0.6078812416666667 0.01115465859375 0.05033897499999998
9 0.5182626140625001 0.5567795555555556 0.008580507812499949 0.01830508055555558
2 0.4243060640625 0.5392371874999999 0.007722457812499961 0.013728813888888898
0 0.389726632421875 0.5522032826388888 0.008580507031249995 0.021355926388888866
0 0.0158203015625 0.5425777520833334 0.031640603125 0.24140608472222216
