9 0.9153445664062498 0.12824138819444444 0.037042698437499945 0.027727868055555563
9 0.8675789835937501 0.11004497291666668 0.02339538749999992 0.032926843055555564
9 0.87830186875 0.20276003055555555 0.05848847187500006 0.03119384999999997
9 0.8968232179687501 0.23741986666666665 0.031193849999999836 0.04505778611111112
9 0.46693295898437503 0.4098525416666667 0.025345003906249986 0.008664958333333316
9 0.483504691015625 0.42718246111111113 0.005848846093750026 0.022528894444444506
9 0.31437553046875 0.42544946874999995 0.012672501562499994 0.008664959722222202
8 0.92752966484375 0.31193851111111115 0.03411827343749998 0.06585368611111113
8 0.953362073828125 0.32146996666666666 0.015596925781250093 0.053722744444444435
8 0.443050166015625 0.4072530555555555 0.0048740398437500335 0.017329916666666632
8 0.339233130078125 0.42371647708333326 0.0038992304687500033 0.019062909722222247
8 0.3431323609375 0.42198348541666664 0.0038992312500000016 0.015596926388888871
8 0.487891326953125 0.4731067416666666 0.0048740382812499485 0.01386393333333326
0 0.7725352179687499 0.4939026402777778 0.026319812499999973 0.06585368611111109
0 0.741341366796875 0.5086330701388888 0.022420580468750017 0.03639282638888888
2 0.114052518359375 0.5172980312500001 0.08383347421875001 0.07798462916666667
2 0.24126494140625 0.5250964930555556 0.0867578984375 0.09011556944444447
2 0.31729995390625 0.49736862569444446 0.030219043750000018 0.03812581805555561
3 0.556615280859375 0.5138320472222222 0.07213578046875 0.10224651111111108
2 0.40357044804687503 0.5114620803856665 0.11502732578125005 0.19363603367311144
2 0.51274892734375 0.5190310222222222 0.015596926562500002 0.060654711111111065
2 0.4620589199218751 0.49823512152777777 0.015596925781250003 0.025994876388888914
2 0.34215755390625 0.49736862569444446 0.013647309374999982 0.02426188472222227
2 0.2836690828125 0.49823512152777777 0.019496156250000007 0.03639282638888896
2 0.20324743515624996 0.49736862569444446 0.020470964062499996 0.027727868055555563
2 0.0038992316406249996 0.5372274347222222 0.007798463281249999 0.06931966944444438
9 0.1333728875 0.37713244027777776 0.02279323125000001 0.04905210000000003
