9 0.459621899609375 0.38645715625000004 0.049715200781250066 0.031193851388888937
9 0.360191498046875 0.38039168402777773 0.05556404609375001 0.03639282638888888
9 0.49276536640625 0.44364588125 0.016571732812499997 0.03119384861111109
9 0.3845616953125 0.4341144270833333 0.014622117187500016 0.02252889305555562
9 0.37578842460937495 0.4540438319444445 0.012672502343749992 0.017329916666666632
9 0.33825832265625 0.4185175013888889 0.013647309374999982 0.012130941666666692
9 0.139884925390625 0.4046535680555556 0.022420580468749996 0.012130941666666692
8 0.308039279296875 0.25821576736111107 0.035093082031249966 0.024261884722222227
8 0.44889901328125 0.26948021250000004 0.034118274999999976 0.022528891666666655
8 0.960185728125 0.21055849375000005 0.017546540625000162 0.06065470972222222
2 0.00341182734375 0.5510913701388889 0.0068236546875 0.11437745416666674
2 0.099430400390625 0.49736862569444446 0.08188385859375 0.09358155416666673
2 0.185700894921875 0.4826381951388889 0.028269427343749997 0.039858809722222256
2 0.3272146889868647 0.4899088476540263 0.05004851547372939 0.07173003419694142
2 0.377250635546875 0.49478481188660567 0.03314346640624999 0.04679077499999996
2 0.4152681421875 0.4930361465277778 0.038992314062499964 0.032926843055555585
2 0.63606211953125 0.5051670888888888 0.039967121875 0.04332479444444443
3 0.59122095859375 0.48003870624999995 0.030219043750000018 0.051989751388888866
4 0.9120922132812499 0.4956356340277777 0.17480955312499996 0.11091147083333329
8 0.7013742441406251 0.4141850236111111 0.014622117968750015 0.031193852777777743
8 0.7228200171875 0.41505151875000007 0.014622118750000013 0.032926843055555585
8 0.19398676132812503 0.36999373333333335 0.017546541406250005 0.0363928277777778
8 0.21494512968750001 0.36739424583333335 0.020470965624999993 0.03465983333333335
