8 0.27044475625 0.16804675069444444 0.013183584375000024 0.06328120694444443
8 0.8406347941406249 0.14109364583333334 0.019775377343749945 0.08437494166666666
8 0.38052768828125 0.40476534027777783 0.006591792187500012 0.030468730555555525
8 0.376572612890625 0.40710908888888897 0.009228508593750018 0.030468730555555525
8 0.8129492660156249 0.14226551944444443 0.022412092968749953 0.08671868888888888
8 0.977084895703125 0.4059372125000001 0.02109373515624995 0.037499974999999984
8 0.9902684804687499 0.4117965847222223 0.010546868750000016 0.03984372222222221
8 0.3099955109375 0.42937469722222216 0.007910149999999972 0.028124980555555526
8 0.327134170703125 0.4375778180555555 0.007910150781250014 0.021093736111111067
9 0.229575644140625 0.43523406875000004 0.010546867968750017 0.016406237499999952
9 0.9579686976562499 0.37078098819444444 0.025048810937500044 0.07499994861111109
9 0.89732420859375 0.382499729861111 0.03823239687500006 0.05156246527777779
9 0.944785113671875 0.3203903979166667 0.02504881171875013 0.021093734722222222
9 0.9540136222656251 0.29226541666666667 0.038232396093749975 0.025781230555555566
9 0.9467626515625 0.2102342236111111 0.03427732031250006 0.09140618888888888
0 0.075327703515625 0.5032027722222222 0.018457019531250007 0.08671868888888888
0 0.05093807148437499 0.5043746465277777 0.017138660156249996 0.07031245138888885
0 0.21573288046875003 0.4867965333333334 0.017138660937499984 0.04921871666666667
2 0.055552326171875 0.46335904930555555 0.02636716953125 0.02578123194444449
2 0.11356009843749999 0.46687467222222223 0.05273433906249999 0.028124980555555606
2 0.4049173203125 0.4762496652777778 0.013183584375000024 0.023437483333333297
2 0.45567412109375 0.47507779236111114 0.01186522656250002 0.021093737500000032
2 0.46819852656250005 0.4891402819444445 0.021093735937499948 0.030468730555555525
2 0.537412346484375 0.4996871493055555 0.014501942968750025 0.03281247638888887
3 0.4932993838845256 0.47123084015244027 0.023218830572254046 0.033475133584008415
2 0.5855324308593749 0.4750777909722222 0.10283196015625 0.14765614861111112
3 0.4311085808916955 0.47435340517066593 0.03990257259160908 0.07866169854247929
2 0.39568881093749997 0.48210903611111117 0.015820301562499983 0.025781230555555527
2 0.48929226210937504 0.4938277770833333 0.029003886718749962 0.044531215277777786
2 0.6409034859375 0.5242965076388889 0.08437494218749997 0.12421866527777775
2 0.7918555308593751 0.5629683576388889 0.12524405546875003 0.10781242638888891
0 0.8360205394531249 0.5067183944444444 0.021093735156250126 0.05624996111111105
0 0.728574325 0.5160933881944445 0.014501943749999935 0.07031245138888885
0 0.712754022265625 0.5125777652777778 0.017138658593750033 0.06328120555555551
2 0.281650803515625 0.5133087799248527 0.06459956484374998 0.07411822929414985
2 0.017979109765625 0.4645309236111111 0.03559567890625 0.028124980555555606
