3 0.41332020312499995 0.4150247291666667 0.027315668749999977 0.04127701111111111
4 0.21869605859375002 0.39317219444444446 0.08058122500000002 0.07526984444444444
2 0.27083090208263244 0.39226421688940827 0.03734629791526491 0.04309296899896127
2 0.2946299481447787 0.4241732894127007 0.03824193671875 0.04554126336341808
2 0.25578892718152585 0.43190978984079037 0.042772718425551706 0.05076653523713625
2 0.34706705147916916 0.4337314183581842 0.05471505411258857 0.060273960491375865
2 0.5038766073180776 0.4461867177561442 0.10726025241988024 0.11806126500986444
2 0.61682194140625 0.47601431135801137 0.14750461562499995 0.1729684088271337
0 0.7411082375 0.42352293958333337 0.01365783437500001 0.0388489513888889
0 0.070508551953125 0.4332351784722222 0.03277880390625 0.15053969027777778
2 0.840127540234375 0.5667784506944444 0.31822754921874996 0.3253599736111111
9 0.5307775832031251 0.28633757777777774 0.021852535156250054 0.05098924999999998
9 0.35459151484375 0.3142602611111111 0.016389401562499996 0.02913671388888892
9 0.23371967695312498 0.33004264652777776 0.020486750781250018 0.04127700972222222
9 0.16338182890625 0.3688916 0.013657835937500007 0.031564772222222204
8 0.24669461953125 0.32640055763888887 0.010926267187500028 0.029136715277777763
8 0.25215775390625 0.32761458819444444 0.010926268749999978 0.03642089305555554
8 0.261718237890625 0.32761458819444444 0.010926267968750025 0.03642089305555554
8 0.280156313671875 0.3251865298611111 0.009560483593749992 0.03642089305555554
9 0.906368037109375 0.34703906458333333 0.01638940234374999 0.060701487500000005
9 0.9343665980468749 0.3664635409722222 0.02048675234374997 0.07526984583333333
