9 0.9504763109374998 0.2379419458333333 0.04435422656250001 0.11691842222222222
9 0.59078108984375 0.42484891875 0.012235650000000042 0.058459212499999955
9 0.51239646328125 0.4669939291666667 0.00994146406249996 0.025830813888888887
2 0.352211890234375 0.5082649729166667 0.01376510390625003 0.02447129861111108
2 0.336152601953125 0.5014673916666667 0.013765103906249987 0.01903323055555551
2 0.320475675390625 0.5021471493055556 0.037471674218750015 0.028549845833333306
2 0.28185690937499996 0.5069054576388888 0.05200150625000002 0.05166162638888889
2 0.233296679296875 0.5164220736111111 0.03900113046875 0.05709969444444438
2 0.1946779109375 0.5132175118055555 0.088708453125 0.07749244027777777
2 0.07487383203125 0.5175528909722222 0.1497476640625 0.14870096250000003
2 0.47948448828125 0.5016616013888889 0.00994146406249996 0.02990936388888888
2 0.48751413164062496 0.5050603916666667 0.016824016406249954 0.03942597777777779
3 0.45816274324261813 0.4839157170967818 0.0376536369522638 0.0999561104327523
2 0.425953524609375 0.49803623611111114 0.010706192968750017 0.01631419722222221
2 0.5054852414062501 0.5089123708333334 0.03364803437499999 0.04894259444444447
2 0.43704208085937496 0.4987159944444444 0.00841200859375002 0.017673713888888897
