2 0.4162573442113862 0.42221013968650367 0.03196482795989919 0.0672068691961867
2 0.4411480628906251 0.43522967083333336 0.057362905468750024 0.07769790555555557
2 0.490999159375 0.4692224993055556 0.06419182343749999 0.12140297361111113
2 0.3121193868759921 0.42676502110276493 0.03634299727103078 0.04547183664997421
3 0.677974915625 0.5050363770833334 0.35510370312500006 0.3787772847222222
0 0.73328914765625 0.3812053430555556 0.05872869062500001 0.2913671416666667
0 0.6670486484375 0.5681659250000001 0.09833641093749997 0.38848952222222227
0 0.9611701203124999 0.43705071319444444 0.07511809062499993 0.16996416527777775
0 0.9591214453125 0.5645238354166667 0.0792154406249999 0.3205038569444445
2 0.9645845789062498 0.8473927673611112 0.06828917343749996 0.2525181875000001
2 0.34383598984374997 0.4892539895833333 0.11609159531249999 0.16267998472222223
9 0.8582583355468749 0.16146595625 0.054631339843749946 0.10440655972222221
9 0.95249739609375 0.16996416805555556 0.03824193906249995 0.08741014444444442
9 0.9675210125 0.2379498326388889 0.03277880312499999 0.09226626250000002
9 0.071703633203125 0.34296340625 0.012292050781250008 0.033992831944444406
