8 0.39371127265625 0.12937490347222222 0.0250488109375 0.10312492916666664
8 0.36734410390625005 0.3824997305555556 0.011865226562499975 0.037499974999999984
8 0.5795998171875001 0.4551559298611112 0.009228509374999926 0.0374999736111111
8 0.107627485546875 0.34148413333333333 0.02504881015625 0.04921871666666667
8 0.1412456265625 0.34382788124999997 0.023730451562499998 0.05859370972222225
8 0.48863308281249995 0.39656222013888887 0.01186522656250002 0.03281247638888887
8 0.5862289367146609 0.2957383772444042 0.017213314054321582 0.07022712671103067
8 0.54927757265625 0.34851537916666664 0.019775376562500037 0.05390621111111113
8 0.5651368243493925 0.43925470684531404 0.011787324738715022 0.050552430753816366
8 0.59014668515625 0.43992156458333337 0.01186522656250002 0.03515622638888887
8 0.630356618359375 0.4574996784722223 0.013183585156249933 0.0374999736111111
8 0.02654843984375 0.07664056597222223 0.0290038859375 0.09609368472222223
9 0.3944164376936465 0.06165228899998735 0.021185706637293 0.03232029977780309
9 0.4974376272359464 0.36609349305555555 0.01892744665939299 0.028124980555555564
9 0.4952248746093749 0.4821090347222223 0.025048810156250045 0.03984372222222221
9 0.4932473375 0.525468382638889 0.021093735937500035 0.03749997638888887
9 0.12410696640625 0.4504684333333333 0.029003885937499984 0.04687496666666667
9 0.12278860859375 0.5055465194444445 0.023730453124999995 0.04453121944444444
9 0.8353613601562501 0.4434371881944445 0.019775376562500037 0.03281247638888887
0 0.5367531671875 0.5278121305555555 0.018457018749999943 0.06093745833333336
0 0.51038599765625 0.5254683805555556 0.013183584375000024 0.06562495555555559
0 0.47479031953124995 0.5196090118055555 0.015820301562499937 0.06796870416666663
0 0.46292509335937504 0.5102340173611111 0.013183583593750025 0.06328120694444439
1 0.703525512890625 0.5371871243055555 0.027685528906250045 0.09843743472222223
1 0.08257867421875001 0.5160933881944445 0.0224120953125 0.08437494305555554
6 0.081260315625 0.5254683819444445 0.04086911249999999 0.08906243888888889
7 0.711435664453125 0.56296835625 0.038232396093750065 0.10312492916666668
2 0.321860737109375 0.5172652624999999 0.02636716953125 0.04453121944444444
2 0.292197672265625 0.5313277527777778 0.04877926328125 0.08203119444444451
2 0.574985562890625 0.5324996270833334 0.06591792421875002 0.05156246527777779
2 0.735166116796875 0.5301558770833333 0.06459956484375003 0.056249962500000014
2 0.79712896484375 0.5407027458333333 0.05668941406249992 0.03984372222222221
2 0.82415531328125 0.541874620138889 0.04482418750000008 0.05156246527777779
2 0.8548110489917236 0.5628443656766484 0.09558879173344685 0.07943946746440808
4 0.21771041757812498 0.48445278333333336 0.11337882890624999 0.10546867777777773
2 0.23484907773437502 0.5594527333333333 0.11601554453124999 0.1429686527777778
2 0.38711948085937503 0.5547652361111111 0.14370107265625004 0.21796860000000007
2 0.6488136375 0.5594527340277777 0.11074211093750001 0.1710936347222222
4 0.018547654296875 0.46453092430555554 0.03709530859375 0.20624985694444448
9 0.030503515234375 0.01195311388888889 0.02373045234375 0.02390622777777778
