9 0.02047096484375 0.3535303125 0.035093082812499996 0.06585368611111109
9 0.6854117519531251 0.3161471965277778 0.04581596953125002 0.08318360138888883
9 0.5508684721537322 0.3831895886794745 0.029311414392059552 0.06001028375216207
9 0.415877382421875 0.4721164513888889 0.00974807890624998 0.020795902777777778
9 0.21457956171874998 0.4599855104166667 0.014622117187500016 0.017329918055555518
9 0.22286542929687503 0.44352208472222227 0.021445772656249983 0.0329268416666667
2 0.357754480078125 0.5073333270833333 0.011697694531250002 0.02252889027777777
2 0.36506553828125005 0.5099328145833334 0.012672501562499994 0.02426188472222219
2 0.386998714453125 0.5359276902777778 0.05458923828125002 0.09011556944444447
2 0.3289976484375 0.5030008486111112 0.032168659375 0.027727866666666677
2 0.306089664453125 0.5064668319444444 0.01559692578124996 0.02079590000000001
2 0.292929756640625 0.5099328166666666 0.018521347656249975 0.03465983333333335
2 0.292929758203125 0.5125323041666666 0.010722886718750014 0.02599487500000003
2 0.26953436875 0.50300085 0.014622117187500016 0.02079590000000001
2 0.282694275 0.5159982861111112 0.027294620312500007 0.03985880833333329
2 0.327048031640625 0.5333282027777778 0.03996712109375 0.0606547083333333
2 0.42014218203125003 0.5506581201388889 0.07603501093749995 0.10571249583333334
2 0.21786955390624999 0.49693537847222224 0.014622117187499973 0.019062909722222167
