9 0.7886195476562501 0.2512838006944444 0.04874039218750008 0.04505778472222224
3 0.126637280859375 0.4973686243055556 0.25167590234375 0.4748397347222223
2 0.32948505195312505 0.4419128895833333 0.07408539609375002 0.08664958472222221
2 0.373351405078125 0.42804895555555555 0.035093082031250014 0.05198974999999998
2 0.3918727546875 0.4271824618055555 0.015596926562500002 0.04332479305555555
2 0.2870809109375 0.4358474201388889 0.022420581250000016 0.02946085972222221
3 0.269046966015625 0.4159180138888888 0.040941930468749985 0.0623877027777778
2 0.244676769140625 0.4375804118055555 0.013647310156250026 0.032926843055555585
2 0.43573910781249997 0.37952518888888886 0.06823655000000003 0.16983318888888885
2 0.545404989453125 0.4427793861111111 0.08285866640624998 0.08838257777777775
2 0.50836229140625 0.4237164777777778 0.03801750625000002 0.06412069166666667
2 0.48496690390624997 0.4219834847222223 0.022420581250000016 0.036392825
2 0.603893459765625 0.41450988125 0.03606788984375005 0.06520396805555559
2 0.768148583203125 0.4722402458333333 0.30998889453124995 0.40378707222222227
2 0.9480006296875001 0.43324793125 0.10235482343749994 0.16636720416666673
2 0.66871818203125 0.33360090833333333 0.09163193749999995 0.14383831388888887
9 0.522984409375 0.3500643305555555 0.010722885937499971 0.010397950000000005
9 0.1391854328125 0.23447368541666666 0.028976151562499997 0.04973684305555556
