9 0.629238465234375 0.3925226270833333 0.028269427343749952 0.04332479305555555
9 0.6477598136718751 0.4341144270833333 0.026319811718750065 0.046790776388888844
0 0.6350873117187501 0.5788192381944444 0.024370196874999993 0.1039795041666667
2 0.05020260390625 0.7989091854166668 0.1004052078125 0.3847241625000001
2 0.5293206601562501 0.5987486423611111 0.08773270625 0.10917847916666663
2 0.46205891914062497 0.5753532534722222 0.025345003906249986 0.027727868055555563
2 0.8047038773437499 0.53809393125 0.05751366406249998 0.04332479305555555
0 0.186069814453125 0.5887495881944445 0.01845701796874999 0.05156246527777779
9 0.26846721875 0.5207808847222222 0.019775376562499992 0.023437483333333297
6 0.019773559002367498 0.6143506999051305 0.0390818858560794 0.06575682382133997
6 0.03687188406440224 0.6100082681433439 0.03280086848635235 0.07196029776674935
6 0.07037064336961316 0.6131100051160486 0.043967121588089325 0.07816377171215881
2 0.5732009783572062 0.5703060348927235 0.02791563275434239 0.042183622828784136
2 0.614027591260432 0.5684449927091006 0.014655707196029776 0.03101736972704714
2 0.6000697748832607 0.5672042979200188 0.014655707196029776 0.021091811414391988
