8 0.6956983203125 0.23951616180555557 0.022046373437499954 0.11322582083333334
8 0.31190716874300295 0.35602772927087234 0.008939976548505823 0.05882956409730025
8 0.5224433951814335 0.3606865382934806 0.013580923175366877 0.059437504364738915
8 0.1995572074313559 0.4191532791666666 0.014502182050211787 0.05008064999999999
8 0.32038130857802927 0.3555717740702934 0.008741076531058578 0.04485313702947562
8 0.673039546484375 0.2449597076388889 0.013472783593750037 0.1066935625
8 0.7152950953125 0.24387100069444445 0.014697582812499999 0.1132258208333333
8 0.204554101953125 0.5095161951388889 0.009798388281249992 0.01741935694444447
8 0.970077574400765 0.3891645956867682 0.01719593942653006 0.032258064516129066
8 0.441552619921875 0.5127823243055556 0.006123992968749992 0.023951615277777765
8 0.48870736445312507 0.5291129715277778 0.004899194531250028 0.02177419583333331
2 0.45563780546874993 0.5900807201388889 0.01959677656250003 0.03048387361111114
2 0.43236663242187506 0.5922581423611111 0.017147178906250015 0.026129034722222222
4 0.33744474453124995 0.57592749375 0.025720768749999977 0.04137097361111112
2 0.31294877226562495 0.5846371722222222 0.013472783593749992 0.019596777777777814
2 0.39439787773437496 0.6031452374999999 0.07838710703124999 0.10451614166666666
2 0.4856453703125 0.5933468493055555 0.05021674062499999 0.058790329166666704
2 0.5572960851562501 0.6064113694444444 0.03184476250000001 0.054435488888888904
2 0.51075373984375 0.6662904069444445 0.11268146562500006 0.15677421388888896
2 0.29029000117187503 0.5846371708333333 0.024495971093750013 0.032661294444444405
2 0.16413575078125 0.5966129798611112 0.04899194062499999 0.056612912500000015
2 0.11391901132812501 0.5889920104166667 0.048991941406249996 0.06314516805555555
2 0.0447115203125 0.5911694305555555 0.089423040625 0.08056452777777778
2 0.220476484765625 0.6880646055555556 0.22536293203125002 0.21774196111111116
2 0.8678068308593749 0.7937900180555556 0.26338031796875 0.4074185972222223
9 0.739791068359375 0.4986290972222222 0.01959677578125003 0.030483875000000025
9 0.73672906953125 0.36907262847222216 0.025720768750000022 0.015241937499999933
9 0.75265145234375 0.40717747152777783 0.03061996406249996 0.013064518055555554
9 0.8622709226562499 0.16330647291666667 0.06613912187499996 0.10887098194444444
9 0.7538762496093749 0.2035887361111111 0.05756553203125003 0.09362904444444445
8 0.758775444140625 0.5018952263888888 0.013472783593749949 0.02395161666666665
9 0.2033293046875 0.46270167152777775 0.014697582812499999 0.028306454166666682
9 0.20026730703125 0.5410887791666668 0.018371978124999976 0.03266129444444448
9 0.206391299609375 0.38649198541666663 0.015922380468750007 0.019596776388888928
9 0.662628758984375 0.5465323284722222 0.01469758203125 0.026129034722222222
9 0.994223555859375 0.4572653104166667 0.010546867968749929 0.04921871527777778
