2 0.24761602031249996 0.6989691861111111 0.01507732343749999 0.02886598055555562
2 0.270232003515625 0.7041238277777778 0.03943299609374997 0.07628866944444444
2 0.45579904414062505 0.7074228097222223 0.041752582031249916 0.10103094166666667
2 0.624549072265625 0.7290722972222222 0.09394331484374999 0.14845363333333333
2 0.3505418478993304 0.705172521102965 0.014021734861160873 0.042922114428152254
2 0.33483252578125 0.6991753854166667 0.01507732343749999 0.026804129166666572
2 0.14555414687499998 0.7020619708333332 0.077706196875 0.07628867499999999
0 0.39351812812500003 0.7105155923611112 0.010438145312500025 0.04948454305555556
0 0.385979465625 0.7105155923611112 0.013917528125 0.04948454305555556
8 0.18672683515625 0.6291238166666667 0.0069587640625 0.029381447222222256
8 0.33958768828124997 0.6051547375 0.0069587640625 0.026804124999999995
8 0.2984150015625 0.6540207201388889 0.005798970312500007 0.016494848611111085
8 0.3013144859375 0.6550516479166666 0.0069587640625 0.01855670416666671
8 0.346546452734375 0.604536175 0.006958764843749998 0.02474226944444445
0 0.808840367578125 0.6622681444444445 0.03015464296874999 0.06597939166666665
2 0.31024489492187496 0.7144331076388888 0.054510316406250016 0.08865980972222214
2 0.522835158203125 0.7432990930555555 0.13917528046875 0.19587632500000002
2 0.7799614691406249 0.7783506444444445 0.22152065546875005 0.19587632222222223
7 0.66433002734375 0.7690722916666666 0.06262887343749997 0.11958764722222218
2 0.9458120105468749 0.8405499611111111 0.10554125234375 0.210309313888889
9 0.54788668046875 0.5969073145833333 0.01623711406249999 0.03092784027777774
2 0.23681760366737992 0.706606861908038 0.018145161290322554 0.02764648492718717
