9 0.007568515234374999 0.15361284930555555 0.01387561328125 0.08297336527777778
9 0.8508273707031251 0.04148668055555556 0.07063948515625 0.07848831666666667
8 0.177229422265625 0.11907798541666668 0.02144413046875 0.09642850416666668
8 0.543356396875 0.27246658472222224 0.007568517187500045 0.03139532777777777
8 0.373001705859375 0.3563369618055556 0.006307096093749997 0.024667756944444483
8 0.43733409335937506 0.35185191527777776 0.0037842585937499784 0.020182708333333348
8 0.43291912539062505 0.3484881298611111 0.005045677343750032 0.026910279166666683
9 0.8151292171875 0.29511606874999996 0.005045678125000031 0.022425234722222243
9 0.8182827664062501 0.3164200395833333 0.01639845156249997 0.011212615277777773
9 0.838465476171875 0.2065363951388889 0.02396696796875002 0.0201827125
9 0.83972689453125 0.24465929236111114 0.018921290625000076 0.05606308194444445
9 0.5521232574218751 0.3204565888888889 0.016398450781249973 0.01121261666666666
9 0.5445547421875 0.33391172708333333 0.01639845156249997 0.011212615277777813
8 0.55401538671875 0.35521570069444447 0.01765987187500002 0.022425234722222243
9 0.5086042886718751 0.34736686875 0.012614194531249989 0.006727570833333334
9 0.5092349984375 0.37203462430555556 0.008829934375000015 0.02466775416666667
9 0.47706880507812494 0.3832472416666667 0.012614194531249989 0.01121261666666666
9 0.631466548828125 0.31978382847222225 0.015137032031250008 0.013455137500000013
9 0.632097256640625 0.34333032291666665 0.013875613281249954 0.029152804166666654
9 0.46325626640624995 0.3834714888888889 0.010091354687499976 0.015697661111111136
8 0.912321564453125 0.25564765972222225 0.011352774218750028 0.029152805555555578
8 0.8952924031249999 0.34086354722222223 0.012614193749999992 0.015697663888888908
8 0.8114080140625 0.34086354722222223 0.01135277343749994 0.015697663888888908
0 0.6696034460937501 0.40739173472222223 0.018921290624999986 0.09418598055555552
0 0.650051445703125 0.42421065902777777 0.02270554765624997 0.08297336249999998
2 0.9883921433593749 0.38440949555671466 0.02270554765624997 0.06658216055787378
2 0.9469487176331626 0.3866832061086044 0.0677498209836747 0.086848635235732
2 0.8401753671875 0.40269645 0.07946942031249993 0.09418598055555552
8 0.8829935640625 0.1334301388888889 0.03405832343750017 0.0964285027777778
0 0.7459289560247 0.39350702744855476 0.010468362282878374 0.02853598014888337
