9 0.7083537453125001 0.12252246597222223 0.25606277187499993 0.23811296527777778
9 0.30510914380891485 0.0970475361111111 0.27238093956804676 0.1940950722222222
9 0.852956865234375 0.35266381736111113 0.035093082031249875 0.07451864583333333
9 0.5185977738281251 0.35699629513888886 0.04874039140624999 0.06585368472222225
9 0.39723419687500006 0.3734597159722223 0.01852134843750002 0.032926843055555585
9 0.36993957734375 0.35093082430555556 0.04191673750000002 0.06758667638888889
9 0.08999381973943592 0.2268775090785647 0.039615309791371844 0.08636077371268489
2 0.372864001171875 0.4488448569444444 0.024370196093749998 0.03119384999999997
2 0.5104799539062499 0.45540846874999996 0.01818525625000005 0.02352517361111113
2 0.5327324875 0.46444178263888886 0.04191673749999998 0.04852376805555557
2 0.6350873117187501 0.48523768333333334 0.10625405468749997 0.10397950277777773
2 0.30560225976562505 0.44191289027777775 0.02631981171875002 0.03119384999999997
2 0.232491671484375 0.42025049375 0.014622117968750015 0.02252889305555562
2 0.251987828125 0.42458297291666663 0.014622117187500016 0.017329918055555598
2 0.2656351375 0.4323814354166667 0.006823656250000009 0.015596926388888871
2 0.254912252734375 0.44017989930555557 0.016571733593749992 0.027727868055555563
