8 0.20145926328124997 0.04368261875 0.02457147343749999 0.08320498750000001
8 0.227200805859375 0.047842869444444436 0.02223133359374998 0.09152548888888887
8 0.5801809021545259 0.16661061284463743 0.009768440246551702 0.05616336944444446
8 0.409731753125 0.31409883819444445 0.005850353125000041 0.020801245833333346
8 0.816331134765625 0.3588215166666667 0.016380982031249935 0.03120186944444442
9 0.6590750041910101 0.18371356557842683 0.06693060838202011 0.02628667560129811
9 0.816393636470399 0.2152929125 0.025866544815797886 0.01872112222222226
9 0.7976100125000001 0.26729602916666667 0.03276196406249996 0.018721122222222223
9 0.792344696484375 0.3016180854166667 0.010530632031250065 0.04576274305555555
9 0.163431981640625 0.25897552916666666 0.02340140234375001 0.03120186944444446
2 0.3366023671875 0.38378301458333336 0.04212252812499999 0.052003118055555575
2 0.3051508961691428 0.3879600985119807 0.051763936088285646 0.05203678591285031
2 0.258207666015625 0.4014640743055556 0.10062603515625002 0.07904473750000002
2 0.23656136796875 0.39938395069444443 0.0971158234375 0.1164869875
2 0.159921769140625 0.38482307777777786 0.09360561171875001 0.0873652416666667
2 0.10212467562767766 0.40463567744429396 0.20378411910669975 0.1353109382219212
2 0.07346009597043777 0.4253262235860778 0.14665918412837556 0.16837153328326668
2 0.42260252382812497 0.39106344930555553 0.024571472656250037 0.03328199583333339
2 0.46121483828125004 0.3900233888888888 0.0269116140625 0.04368261666666666
2 0.49924211835937504 0.4014640736111111 0.025741542968749975 0.02912174722222218
2 0.5478000316406251 0.401464075 0.02223133359374998 0.037442244444444446
2 0.56944632890625 0.40770444999999994 0.03978238593750003 0.04992299444444441
2 0.5741266109375 0.4222653222222222 0.025741543749999974 0.045762741666666704
2 0.601038225390625 0.4295457597222222 0.051483086718749946 0.06032361666666664
2 0.632045084375 0.44514669236111104 0.05733343906249999 0.05824349027777779
2 0.678262855859375 0.4607476291666667 0.060843647656249986 0.0894453638888889
2 0.524398630078125 0.4160249458333333 0.03627217421874995 0.04992299444444449
2 0.6601267675781249 0.3983438888888889 0.019891192968750016 0.027041622222222214
2 0.674752644921875 0.40250413611111113 0.016380980468749938 0.027041622222222214
2 0.70224929296875 0.40770444722222215 0.01989119062500002 0.033281997222222276
2 0.7203853820312499 0.4108246340277778 0.03510210468750001 0.03536212083333328
2 0.7571442588436155 0.42156955889763004 0.062210382312769055 0.04437121501748228
2 0.8153690925011269 0.4189412706247334 0.03908188585607926 0.019851116625310222
2 0.9249379510619209 0.42142266020289726 0.0851426799007445 0.03225806451612898
2 0.9855381442654517 0.43631099767187986 0.02768301668001456 0.0372208436724566
2 0.9604140747865435 0.455541766902649 0.07793115563783104 0.03349875930521091
2 0.901558608630159 0.4629859356371404 0.06909119106699749 0.06079404466501243
2 0.8370037078857422 0.4108767544957012 0.023728287841191076 0.026054590570719603
