9 0.8233064660156251 0.1735217486111111 0.028305733593749948 0.03470435
9 0.8062254183593751 0.21776979305555555 0.031233914843750023 0.05379174166666666
9 0.808010628863389 0.2582293889396758 0.023091617101778185 0.023657013990462675
9 0.7291166921875 0.22557827222222224 0.033186034374999986 0.052056524999999985
9 0.6417593371093749 0.20909370624999998 0.02244937578125006 0.02255782916666666
9 0.635414948828125 0.22384305555555556 0.017569077343750017 0.017352174999999984
9 0.505110961328125 0.2602826222222222 0.010736657031250018 0.010411305555555552
9 0.51584761953125 0.2689587069444444 0.012688778124999977 0.010411305555555552
9 0.50852717109375 0.29238414444444444 0.017569076562500018 0.012146522222222227
2 0.481197495703125 0.3513815375 0.02928179453124997 0.04685087222222223
2 0.5465935046875 0.3635280590277778 0.0507551125 0.09890739583333329
2 0.25133540546875 0.3357645819444444 0.07710872656249998 0.08502565833333331
2 0.1281414452967793 0.3309519813679912 0.16927919690644144 0.25082042893068424
2 0.9121279105468749 0.4485537166666666 0.17471471015625006 0.4043056694444444
2 0.6881221789062499 0.4251282819444444 0.3103870265625 0.39910001666666667
2 0.3789278618396995 0.3669247845248702 0.19313680375461623 0.30006274887466455
2 0.05490073731756092 0.25475599511385555 0.10980147463512184 0.5095119902277111
9 0.20106832460937502 0.21516696805555557 0.02147331640625001 0.020822611111111104
