8 0.19552416796875 0.4390158694444445 0.010762796875000013 0.0361417416666667
8 0.20150350156250002 0.44220484722222225 0.008371067187500003 0.03401576111111113
8 0.1888540927077982 0.43901586875000004 0.007360819271903596 0.031889770833333365
9 0.152472975 0.4464568166666667 0.03468012812500001 0.021259847222222246
9 0.10404038242187501 0.4400788625 0.02152559609375 0.012755908333333347
9 0.09566931796875 0.47409462152777776 0.014350398437500012 0.012755909722222233
9 0.564451158997733 0.36931347906145806 0.02727011018296608 0.022332506203473913
9 0.17890162265625 0.5357481812499999 0.0239173296875 0.0340157569444444
2 0.355411512109375 0.57082693125 0.021525596093750023 0.03188977361111114
2 0.343452848046875 0.5740159076388889 0.016742130468750015 0.03826772638888893
2 0.32611278437499996 0.5740159069444444 0.029896662499999983 0.042519697222222264
2 0.284616220703125 0.6059056784722222 0.09327758515625 0.14031499861111107
2 0.22039819453125 0.6526773458333334 0.1255659796875 0.21685045277777767
2 0.115059437890625 0.7438188277777777 0.23011887578125 0.5123623444444446
2 0.6136767654154207 0.5485982412297916 0.018141400419158592 0.045896976904027616
4 0.46236681953125 0.5122197473402134 0.19253450156250002 0.3866440391248713
4 0.330657079296875 0.5446064611111111 0.046638792968750044 0.03188976944444448
0 0.7553000623214381 0.5522775630074315 0.014058655892876271 0.10786365176291474
0 0.9665163691406249 0.5747751868055556 0.03946359296875013 0.2037908375
0 0.9904336976562501 0.567182386111111 0.015546262500000019 0.18921264999999995
2 0.5115469222033783 0.7306661571589341 0.2782398740942564 0.4311407976512016
9 0.8228155721849617 0.2362880201388889 0.06606237561992341 0.07653545416666666
9 0.8167326579460503 0.17403987952935046 0.0419378815171008 0.0734726520524102
2 0.7633762264961641 0.5448717917165449 0.023030397022332495 0.10545905707196034
