0 0.509616864453125 0.45217656874999995 0.014691657031250038 0.04244256527777779
2 0.2630724890625 0.4668682243055555 0.013773426562499979 0.03591294027777781
2 0.251135518359375 0.46931683194444446 0.022955713281250033 0.037545344444444434
2 0.23919854570312502 0.4717654430555555 0.030301542968749963 0.042442566666666674
2 0.20751966054687498 0.4799274763888889 0.05142080078124998 0.06203144444444446
2 0.1758407734375 0.4921705256944444 0.032138 0.07019347638888891
2 0.11776281679687499 0.48849760625 0.09274108671875 0.1240628819444445
2 0.06886714375 0.5121675027777777 0.09274108593750001 0.12569529166666665
2 0.4074162031364195 0.45679250313873837 0.029937893727161092 0.030997286833032295
2 0.41871223515625006 0.4772068020833334 0.03305622968750006 0.05550181805555551
2 0.43753591992187496 0.4812878173611111 0.033974457031249995 0.07019347361111107
2 0.4724286078125 0.47965540972222226 0.05968485937499999 0.09631197500000002
2 0.554610066015625 0.5123035375 0.12487908828125001 0.13222491388888888
2 0.73963312734375 0.54141478125 0.28373263281249994 0.2883917902777778
2 0.028344570703125 0.5452237291666667 0.05668914140625 0.15671100833333335
2 0.9151410421874999 0.6080163173860502 0.16619937343750008 0.37371094866098925
2 0.3560115214861016 0.4970677409722222 0.09601810859029687 0.15181379583333332
