2 0.039639767187499994 0.37595338680555557 0.05799845625 0.02877442638888886
2 0.07037064336961316 0.3631100051160486 0.017447270471464014 0.019851116625310184
2 0.30346617686837246 0.33891645672895176 0.03140508684863521 0.02109181141439203
2 0.40145572031249993 0.3363885465277778 0.01686001718750001 0.026376556944444435
2 0.39051702265894583 0.3443540713080243 0.013630938691806049 0.027586309303393484
2 0.439222156640625 0.32619760416666665 0.011464811718749957 0.020381886111111115
2 0.479348996484375 0.3339906763888889 0.013488013281249956 0.031172297222222214
2 0.493848610546875 0.33938588402777775 0.01686001640625001 0.029973365277777792
2 0.170473494921875 0.32859547361111113 0.09306729140624999 0.08752221944444448
2 0.45786501076475383 0.3332147553202934 0.035262505904507704 0.08956717452947562
3 0.41892406552495076 0.32562442496290434 0.026433767387598374 0.057601433259142
2 0.5957852352694453 0.3246484666545101 0.039585387273609565 0.04714640198511167
2 0.213972336328125 0.37835125486111115 0.09239288984374998 0.10310836805555558
2 0.314120834765625 0.38854219791666667 0.08902088671875004 0.0995115625
2 0.36035643469174666 0.3496892263888889 0.04184913695871058 0.06714033333333329
9 0.53986474453125 0.2591696715277778 0.018208817187499983 0.01318827916666664
9 0.617332224185582 0.24660732004837446 0.010838004621164021 0.015133587681028892
9 0.6153677473264784 0.279235170863442 0.021745866527956802 0.021347683393550674
9 0.50299751484375 0.28294854236111117 0.011464810937500047 0.019182951388888883
8 0.42385756912296574 0.25177624444444446 0.006989360191568661 0.028774427777777747
8 0.33979255625000004 0.2433837034722222 0.008767207812499978 0.0311722986111111
8 0.40284901757812497 0.29913415833333334 0.006744007031249976 0.01798401666666669
0 0.55953477734375 0.33330379027777773 0.009441609375000048 0.047957380555555554
9 0.005975978125 0.15473411041666665 0.0100913546875 0.07624579305555555
