2 0.019880960546875 0.65420919375 0.03976192109375 0.13028742638888885
2 0.9757665371093751 0.5828283159722223 0.047460905468749995 0.1039527319444444
2 0.10330302695312502 0.5980747173611112 0.08809993984375 0.09009236805555558
2 0.284960426953125 0.5939166090277778 0.07718490390625003 0.09840858472222228
2 0.712595977734375 0.5703539902777778 0.09199816796875 0.1094968777777778
2 0.8630675562500001 0.5717400243055555 0.1418954796875 0.09286444027777783
2 0.407364767578125 0.55580060625 0.03352475546874998 0.05821352916666669
2 0.35980639257812497 0.5530285326388888 0.03352475546874998 0.06375767638888889
2 0.2464810015167312 0.5710735662504699 0.026733998345962417 0.03875590638794924
2 0.7757472621093751 0.5661958784722223 0.04677872890625005 0.07068785694444439
2 0.56992085390625 0.5551075875 0.03430440156250007 0.04296712777777777
4 0.4978036453125 0.5190706423611111 0.12708221562500005 0.21760771805555554
2 0.379687353125 0.54817740625 0.004677871875000017 0.0180184736111111
2 0.38085682187500003 0.5419402430555555 0.005457518750000024 0.016632438888888934
8 0.376958594140625 0.4386805284722222 0.007016810156249997 0.02910676527777775
8 0.4186139811325035 0.43408120805671463 0.0076851607025070654 0.03276126444212619
8 0.6073438371093751 0.45669900069444447 0.007796457031250004 0.02910676527777775
8 0.57317600546875 0.4379875104166667 0.01220118750000001 0.030492801388888876
8 0.22375825468750002 0.3846251069444444 0.012474328125000022 0.04296712777777777
8 0.16996271640625 0.40195056319444444 0.010915035937500006 0.047125237499999965
8 0.08459153593749999 0.5225357319444445 0.014813264062499998 0.024948655555555553
8 0.7020707640625 0.48580576875 0.011694682812500013 0.02356261805555554
9 0.29860422148437504 0.48511275069444443 0.010915036718750003 0.02217658194444441
2 0.790950349609375 0.5093683854166667 0.06315128515625004 0.03465091249999996
8 0.166844133984375 0.5280798791666667 0.010915036718749983 0.024948655555555553
2 0.598377912890625 0.5315449701388889 0.022609717968749977 0.023562618055555616
2 0.5835646492187501 0.523921770138889 0.021050428124999954 0.016632437499999972
9 0.991319240234375 0.13860364305555556 0.016372555468749894 0.14414778611111112
2 0.8282800726500102 0.5293631068530212 0.05373759305210921 0.03473945409429275
