3 0.082117710546875 0.45438113480574965 0.16252823359375 0.901824986278166
2 0.446099006640625 0.6293684631470097 0.43978227890625005 0.46996447351624165
2 0.8470842949218749 0.5376417361111111 0.30482538984374996 0.3593528083333334
2 0.6758128371363031 0.46219464575660446 0.1534921633351063 0.19389027206876436
2 0.45842924140624997 0.3713196604166667 0.12284414375 0.060701487500000005
0 0.271961613671875 0.4757262187500001 0.028681452343750014 0.14811162916666668
0 0.24396305156249998 0.4732981590277778 0.027315668749999977 0.14325550972222217
9 0.8210065703125 0.2996919020833333 0.02048675156250006 0.038848951388888865
9 0.823738137109375 0.3300426458333333 0.028681452343749924 0.021852536111111102
2 0.594101760546875 0.45867155277777777 0.030322244531249966 0.04921871666666667
