9 0.1852343625 0.48422442569444446 0.016389401562499996 0.029136715277777763
9 0.678965089453125 0.6116975506944445 0.04233928828125002 0.041277012499999995
9 0.76227788046875 0.6044133722222222 0.009560484374999945 0.04613313055555553
9 0.8073487355468749 0.3919581645833333 0.05053398828124998 0.05827342916666664
8 0.16679628515625 0.47936830555555554 0.015023617187500005 0.04856118888888885
8 0.24464594453124996 0.49515069375 0.012292051562499972 0.04127700972222222
8 0.318398253125 0.5218593493055556 0.012292051562499972 0.04127700972222222
8 0.42766092890625007 0.6116975506944444 0.009560484375000034 0.03156477361111109
8 0.46180551718749996 0.6056274020833333 0.009560484375000034 0.0388489513888889
8 0.476146242578125 0.6068414312499999 0.008194702343750037 0.036420893055555584
8 0.751351613671875 0.3798178673611111 0.017755185156249985 0.10197849861111112
2 0.11421362226562501 0.6578306819444445 0.049168203906250006 0.08498208333333339
2 0.1401635078125 0.6651148597222222 0.01365783437500001 0.0461331305555556
2 0.920708763671875 0.7561670909722222 0.1543335335937499 0.18453252083333338
2 0.0746059015625 0.7537390319444444 0.14750461406249998 0.3059354972222223
2 0.752034505078125 0.79501604375 0.40973504140625006 0.3059354986111111
2 0.29859439140625 0.7051778402777777 0.16116245 0.21366923611111105
