2 0.5498216359254444 0.5684449927091006 0.024426178660049657 0.04094292803970221
2 0.54343589140625 0.5841902645833333 0.023917329687500023 0.03188977361111114
2 0.5320751597656249 0.5873792458333333 0.017937997656250017 0.05102364444444439
2 0.5171268277343749 0.5820642791666667 0.03348426171875003 0.07440946944444443
2 0.49739502968749993 0.6033241284722222 0.04424705468749997 0.09141734861111103
2 0.46391077070312503 0.6139540527777778 0.05859745703125006 0.12118113611111106
2 0.39694224843750003 0.6330879159722221 0.13034944531249998 0.19346462083333327
2 0.2582217375 0.708560373611111 0.3001624843749999 0.28062999166666663
8 0.45553970312500003 0.4803207138888889 0.008371060937500018 0.023385830555555584
9 0.5111474953124999 0.5065918222222222 0.021525596875000018 0.01700788611111111
8 0.5422400246093749 0.49596189375 0.011958664843750012 0.021259848611111132
9 0.9162899769531251 0.46240168819444444 0.05142225859374996 0.11267719583333329
9 0.03459470703125 0.22170984930555554 0.060989190625 0.07228348472222221
2 0.877424316796875 0.6628517 0.15546264140625005 0.22748036944444444
2 0.09174004140625 0.8169856048611113 0.1834800828125 0.3614174236111111
2 0.9396093757812501 0.69580446875 0.11719491874999992 0.27212605972222226
2 0.6842918812500001 0.6791711313335275 0.30255421718750003 0.5477550067773895
9 0.8463051789062501 0.4580850388888889 0.02105042812500013 0.051283347222222234
9 0.9176427421875001 0.25849579375 0.01871149375000005 0.0790040763888889
9 0.9472692699218751 0.2529516506944445 0.015592910156250106 0.05128335416666666
9 0.81122113203125 0.35829041597222216 0.014813264062500053 0.05682749305555552
9 0.783153894140625 0.38323907152777775 0.010135391406249994 0.04573920138888883
2 0.7177552554394592 0.4336504727813493 0.00995222662108155 0.030134945562698728
2 0.731710097318724 0.4234341284722222 0.008550495987551887 0.03187883750000001
2 0.7570357718749999 0.41650394583333333 0.018711495312499958 0.0595995666666667
