2 0.134017483203125 0.6408342645833334 0.06146025703125 0.07041372638888888
2 0.06524510156249999 0.6384062069444444 0.0378425703125 0.0461331305555556
2 0.039152940625 0.6444763534722223 0.030162053124999998 0.048561190277777735
2 0.096458437109375 0.6238378465277777 0.024584102343750004 0.041277012499999995
2 0.1736252046875 0.6214097888888889 0.025949885937499983 0.04613313055555553
9 0.411271528125 0.40895458125 0.02321831875 0.04370507083333332
9 0.41468598671874995 0.4465895034722222 0.03004723593749996 0.03156477361111109
8 0.163381828515625 0.5331324916666667 0.005463133593749991 0.024280594444444463
8 0.043192882421875 0.5307044326388889 0.0054631335937500025 0.019424476388888934
8 0.159284476953125 0.5322653326388889 0.008194700781249998 0.031564776388888854
