2 0.029535046484374994 0.699107692361111 0.05736290546874999 0.06555760694444437
2 0.8148605449218749 0.5995572527777778 0.3687615382812501 0.5026083194444445
2 0.31771535976562504 0.6954656041666667 0.14477304765625001 0.21366923611111113
2 0.56150771015625 0.6371921756944444 0.13794413125 0.17482028472222216
2 0.08894662812500001 0.6748270979166667 0.06419182343749999 0.041277012499999995
2 0.18864882148437498 0.6505465027777778 0.06146025546874998 0.05098925000000002
2 0.22347630078125 0.6505465027777778 0.016389401562499996 0.016996416666666726
2 0.383723621037107 0.6404052904758502 0.03419665012406949 0.06327543424317612
2 0.48570672695312495 0.6274799368055556 0.057362905468750024 0.09226625972222224
2 0.44678189843750005 0.6214097895833334 0.03960772031250004 0.0704137236111111
2 0.626382425 0.5910590458333332 0.05463133906250004 0.07769790277777773
2 0.66120990390625 0.5679924784722222 0.042339287500000024 0.04127700972222222
2 0.247377511328125 0.6384062048611111 0.025949886718750027 0.0364208930555555
9 0.069825659375 0.5655644187500001 0.028681453125 0.041277012499999995
9 0.332738978125 0.49757875347222225 0.021852535937500008 0.050989248611111135
9 0.66120990390625 0.5085050208333333 0.0314130203125 0.033992833333333375
9 0.5970180800781251 0.533999645138889 0.017755185156249985 0.021852534722222178
8 0.6926229234375001 0.43080711666666666 0.00682891718750005 0.02913671388888888
8 0.678965089453125 0.44658950416666665 0.0068289179687500475 0.031564772222222204
9 0.903636470703125 0.39438622430555553 0.01365783515625001 0.02428059583333335
9 0.051387582421875 0.6578306805555556 0.027315669531249996 0.016996413888888878
