2 0.3822989671875 0.6106630944444444 0.016795012499999994 0.04691940000000001
2 0.35290769414062495 0.5754735402777779 0.05878254453124998 0.15142169999999996
2 0.25993530234375 0.5914687909722223 0.14635653750000002 0.22606619861111107
2 0.09757727031249999 0.6746440902777777 0.19515454062499998 0.4350708
2 0.4283886334440548 0.6112489629324258 0.011864143920595538 0.019851116625310142
2 0.453677769140625 0.6127957930555556 0.010796794531249976 0.02132699999999998
2 0.46147545351562497 0.6111100908231194 0.011996436718750036 0.03501719831290539
2 0.47227224687499997 0.6138621430555555 0.00959715000000001 0.03199050000000001
2 0.4992642328125 0.5925351430555555 0.04198753281250003 0.09170610277777777
2 0.511260670703125 0.6234592930555556 0.027591808593749968 0.034123200000000034
2 0.537652833984375 0.62132659375 0.039588244531250004 0.059715601388888866
2 0.6102312785156251 0.6383881930555556 0.07437791328124996 0.09810420000000006
2 0.868754508984375 0.71303269375 0.2555241195312501 0.2303316013888889
2 0.12476614531250001 0.5020308979166667 0.1885252609375 0.21562485138888887
