9 0.13306127109375 0.33966637777777775 0.03801750625 0.020795902777777778
9 0.149145600390625 0.31280500625 0.013647310156250004 0.02252889305555554
9 0.46888257343749995 0.5268294847222222 0.009748078124999981 0.013863933333333339
9 0.7749722375 0.4757062298611111 0.013647309375000027 0.0710526625
2 0.43817612695312497 0.56148931875 0.00877327109374999 0.024261881944444497
2 0.445487185546875 0.5675547902777778 0.00974807890624998 0.0329268416666667
2 0.45669747578125 0.5666882951388889 0.014622117187500016 0.05198975416666664
2 0.46303372695312495 0.5753532527777777 0.025345003906249986 0.0623877027777778
2 0.36701515390625 0.5597563270833333 0.02631981250000002 0.031193851388888937
2 0.340207937890625 0.5666882944444445 0.03314346640624999 0.03119385000000005
2 0.11453992187499999 0.55888983125 0.06921135625 0.025994876388888834
2 0.49374017382812496 0.5866176986111111 0.06921135703125003 0.08838258055555559
