9 0.148368434765625 0.35047369027777775 0.03838860078124999 0.06398099999999998
9 0.16156451523437498 0.39312768958333333 0.03598931171874999 0.021326998611111096
9 0.552648380078125 0.34087654027777775 0.035989311718750014 0.06611369999999997
9 0.5058622734375 0.3739333902777778 0.014395726562500055 0.02132699999999998
9 0.46267509765625 0.43364899027777776 0.014395725000000059 0.02132699999999998
2 0.35722010394674825 0.479239566307335 0.014623039143496497 0.03573095205911443
2 0.33671250390624996 0.48056838958333337 0.03838860156249999 0.046919398611111045
2 0.312719628515625 0.49123189027777775 0.045586463281249975 0.05971559999999998
9 0.274331029296875 0.41445469027777776 0.011996436718749993 0.017061600000000017
6 0.219147415625 0.5360185909722222 0.0455864625 0.1236966013888889
2 0.42128738828125006 0.46670584027777773 0.02519251875000004 0.03199050000000001
2 0.43748257929687495 0.4688385402777778 0.021593588281249954 0.027725099999999968
2 0.45847634453125 0.4816347402777778 0.029991093749999996 0.044786699999999985
2 0.4860681515625 0.48483378958333334 0.04678610781249999 0.06398099861111115
2 0.601233951171875 0.5168242895833334 0.12356330703125007 0.1450235986111111
2 0.8848919500000001 0.5392176416666667 0.23021609999999998 0.43720350277777775
2 0.12737466953125 0.5349522402777778 0.20753836875 0.21113730000000003
2 0.029797398046875 0.6319900902777777 0.05959479609375 0.2090046000000001
