8 0.4510598671875 0.20320297847222224 0.007910150000000015 0.021093734722222222
8 0.331748425 0.1785936208333333 0.009228509375000016 0.028124983333333336
8 0.44512725273437503 0.2043748527777778 0.009228508593750018 0.023437483333333335
8 0.3251566328125 0.17859361944444443 0.009228509375000016 0.03281247777777779
8 0.233530719140625 0.25476544166666665 0.013183585156249978 0.025781230555555527
2 0.226279747265625 0.3168747736111111 0.03559567734374998 0.04687496666666667
2 0.197275861328125 0.31804664930555554 0.03295896171874999 0.06328120694444443
2 0.16168018281250002 0.32273414652777777 0.05405269687500001 0.0820311958333333
2 0.09773979687499999 0.2957810395833333 0.087011659375 0.0374999736111111
2 0.37063999999999997 0.2875779201388889 0.013183584375000024 0.021093734722222222
2 0.363389028515625 0.2910935423611111 0.014501942968749982 0.02812497916666668
2 0.441172178125 0.28171855 0.009228509375000016 0.023437486111111145
2 0.44908232890625 0.28640604583333334 0.014501943750000024 0.023437483333333335
2 0.49720241289062506 0.29812478819444443 0.02900388671875005 0.05156246527777779
2 0.509726818359375 0.30515603333333335 0.02768552734375005 0.05624996111111113
2 0.5295021953125 0.30867165555555554 0.03823239531249998 0.07734369722222224
2 0.5479592140625 0.31804664930555554 0.04614254687499999 0.08203119305555553
2 0.5927834019531251 0.3239060208333333 0.08569330078124997 0.11718741944444445
2 0.6567237878906249 0.353202875 0.08701165859374997 0.12421866388888887
2 0.42930695234375005 0.2840622972222222 0.01713866093749994 0.028124980555555564
2 0.4668801679687499 0.30398415902777776 0.03427732031249997 0.05859370972222225
2 0.40821321640625 0.28757791875 0.025048810937500044 0.03984372361111114
2 0.382505226171875 0.28171855 0.010546867968750017 0.018749988888888916
2 0.2908793125 0.30164041041666667 0.027685528125000004 0.03515622638888887
2 0.027776162890625 0.34617163125000006 0.05555232578125 0.0726562013888889
2 0.08587457109375 0.40007784375 0.17138660156250002 0.18515612361111108
2 0.8116309074218749 0.42820282291666667 0.35991186171875 0.3726559930555556
9 0.260557068359375 0.2137498465277778 0.011865227343749974 0.014062490277777803
9 0.2381449734375 0.21726546874999997 0.014501942187499983 0.016406237499999993
2 0.30486195850608955 0.29983457087287235 0.011864143920595538 0.03722084367245656
2 0.3139345391512508 0.2954921391110858 0.016051488833746942 0.03101736972704714
2 0.3505738071413253 0.2923904021383811 0.022332506203473913 0.032258064516129066
