2 0.45371175078125 0.40903948888888886 0.04544292656250004 0.029763788888888833
2 0.4830104609375 0.4122284631944444 0.017937996875000018 0.02338583472222224
2 0.5487831171875 0.40478751875 0.04424705937499995 0.02976378749999995
2 0.6743490960937499 0.39947255486111116 0.017937996875000018 0.03188977361111106
2 0.7860576781090672 0.402191890972128 0.022332506203473733 0.035980148883374675
2 0.575450961328125 0.4092520826388889 0.011958664843750012 0.010629926388888893
2 0.7123776730468749 0.4379528763888889 0.08729825390624998 0.1403149972222222
2 0.9677549441406249 0.46399619097222217 0.06218505703124997 0.12755909027777781
0 0.9103533531250001 0.43529539791666666 0.01913386249999984 0.11267719583333329
9 0.64756169453125 0.2933859076388889 0.02511319687500002 0.02551181805555558
9 0.6415823625 0.32102371180555556 0.01554626562500001 0.012755909722222193
9 0.7498082785156249 0.36035443125 0.016742130468750015 0.02338583472222224
8 0.6654996925781249 0.3359056048611111 0.008371066406250006 0.017007876388888912
