8 0.615854675 0.3309372652777778 0.007910150000000015 0.018749986111111106
9 0.64024430625 0.3309372659722222 0.02768552812499996 0.014062490277777803
9 0.727915145703125 0.31570290138888885 0.015820302343749936 0.016406238888888876
9 0.734506937109375 0.3473435048611111 0.010546867968749929 0.028124981944444412
8 0.735166116796875 0.37898410833333335 0.014501942968749936 0.021093736111111146
8 0.6956153625 0.3848434784722222 0.014501943750000024 0.01874998750000003
9 0.9889501218749999 0.23484358194444444 0.021093735937500035 0.03281247777777775
2 0.541367421484375 0.4223434527777778 0.04350582890624999 0.06093745833333328
2 0.639585127734375 0.4211715777777778 0.010546867968750017 0.030468727777777833
2 0.64683609921875 0.4246872013888888 0.014501943750000024 0.03281247777777775
2 0.7740576914062499 0.44226531249999995 0.07646479062500004 0.11015617499999995
2 0.838657255859375 0.45632780416666663 0.11074211015625002 0.1429686527777778
2 0.6392718853111248 0.40796013118188706 0.019083501252750334 0.04751662930289271
2 0.5866553051680572 0.3896240289314044 0.023339485336114317 0.023251372692746564
2 0.619150571484375 0.41999970416666665 0.019775377343750032 0.032812477777777835
2 0.660019683984375 0.4246872013888888 0.022412094531250037 0.03281247777777775
2 0.5842140718750001 0.43683925209448693 0.0527343390625 0.07586656807786277
2 0.93357906640625 0.43406219375000005 0.13183584687500005 0.3328122708333333
0 0.7231417230468751 0.4139141159722222 0.014586861718750033 0.053389820833333344
