9 0.46292509296874995 0.34335913888888886 0.050097621875 0.110156175
9 0.4642434515625 0.24257795763888887 0.04746090468749999 0.08671869027777777
9 0.8046010806255633 0.3623696553668194 0.021536023751126888 0.058072650377472196
9 0.632993335546875 0.43007782916666665 0.007910150781249925 0.021093736111111067
8 0.5499367515625 0.46757780347222216 0.002636717187500004 0.02578123194444441
2 0.5700604696723427 0.4865591366296962 0.010468362282878374 0.026054590570719603
2 0.5407082425781249 0.4839840423611111 0.00527343359375001 0.02109373472222218
2 0.549936751953125 0.48867153888888887 0.010546867968750017 0.016406238888888917
2 0.5618016758033317 0.4901650666468029 0.015819696919163385 0.028768288849161334
2 0.532798091796875 0.4874996645833333 0.010546867968749929 0.01874998750000003
2 0.5184528570969499 0.49023388782477373 0.0187704360688997 0.03359342564954733
2 0.606626166015625 0.5015621548611111 0.036914036718750064 0.051562465277777705
2 0.69891125859375 0.5156246458333332 0.04746090468749999 0.06093745833333336
2 0.45435576289062496 0.5074215263888889 0.06987299921874994 0.09609368333333335
2 0.41546418828125004 0.5027340291666665 0.031640603124999965 0.04921871666666667
2 0.36668492460937496 0.5109371486111112 0.07382807421875 0.09374993611111111
2 0.270444756640625 0.5109371486111112 0.09228509296874998 0.08906243888888889
2 0.09839897617187501 0.5449215006944444 0.19643541171875 0.17578112916666666
2 0.5784351594986454 0.4803556626842868 0.017447270471464014 0.035980148883374675
2 0.5822735590023675 0.49090156839148286 0.011166253101736957 0.02233250620347399
