9 0.236440960546875 0.3016824986111111 0.03235305703125002 0.020395124999999976
9 0.334872394921875 0.33722416875 0.014033628906249974 0.010164273611111104
9 0.34110956171874995 0.35247057986111113 0.02131032343750001 0.014784398611111114
9 0.24209452109375001 0.34785045347222215 0.03222537031249999 0.060985643055555545
9 0.66145743359375 0.3487744798611111 0.032745131250000004 0.06283369583333334
9 0.68042882109375 0.270694375 0.029106784374999962 0.017556474999999988
9 0.7404615640625 0.3159715923611111 0.025468435937500013 0.02864476805555556
9 0.5252792640624999 0.4148422604166667 0.01299410156249996 0.021252573611111103
9 0.38442321953125 0.41715231805555547 0.012994098437500013 0.022176597222222226
9 0.242787526953125 0.43101269444444446 0.011434805468750042 0.01663244722222225
9 0.7661032667968749 0.3880455388888889 0.02442890859375 0.013860374999999989
9 0.867197366796875 0.36171082777777774 0.03222536953125008 0.018480497222222187
2 0.49049184335937496 0.4652176604166666 0.01715221171875001 0.03141684305555551
2 0.4904918421875 0.4679897361111111 0.006756931249999987 0.025872691666666645
2 0.495169718359375 0.4726098604166667 0.011954571093749955 0.031416848611111055
2 0.505045233984375 0.4721478479166667 0.02027079453124996 0.04342917083333333
2 0.507124291015625 0.4776919958333333 0.01819173984375002 0.041581119444444425
2 0.5105027566406249 0.47584395 0.016632447656250004 0.041581119444444425
2 0.5336322546875 0.48138809652777775 0.04729852343749998 0.07114991805555554
2 0.37744317226562496 0.45828747152777777 0.016632447656250004 0.02125257083333333
2 0.3563927296875 0.45690143749999995 0.0244289078125 0.03696099722222223
2 0.32728594453125004 0.43980697430555554 0.008835987500000008 0.024948673611111062
2 0.562219275390625 0.45459137430555546 0.010915044531250029 0.036036970833333334
2 0.5960039359375 0.5160390284722223 0.06704955624999993 0.1238193375
2 0.6555169140625001 0.5382156284722222 0.1216247765625 0.18295693194444446
2 0.831102645703125 0.6089324069444444 0.33160943671875 0.4176592527777778
2 0.41192515625000004 0.4895130194444445 0.10343303750000006 0.10120238333333328
2 0.14164787304687498 0.510545413888889 0.24169026171874997 0.25133477222222217
2 0.4824751719055933 0.46050454605897656 0.01256203473945412 0.026054590570719603
