2 0.12240832343750001 0.5995572548611111 0.243109459375 0.32293191527777787
2 0.129920132421875 0.44537547361111113 0.10789689453125 0.048561188888888926
2 0.8578827242187501 0.5934871048611111 0.28271717968750004 0.39820175972222227
2 0.42492936289062494 0.5097190513888888 0.21442800546875002 0.2889390833333333
2 0.27947342265624997 0.46479994999999996 0.030047235937500007 0.02913671388888888
4 0.532143365625 0.4563017416666666 0.04916820468750007 0.10440655833333329
2 0.62433375 0.48058233749999996 0.06965495781249995 0.04613313055555553
2 0.23508545976562498 0.45387368263888894 0.03960772109374999 0.04613312916666664
9 0.113530730078125 0.28512354652777777 0.031413019531249996 0.02428059583333331
9 0.95690202578125 0.2584148909722222 0.07375230781250011 0.11654685416666667
8 0.541703849609375 0.13822594722222223 0.01365783515625001 0.06555760833333332
8 0.528046015625 0.13822594722222223 0.01365783437500001 0.06070148888888889
8 0.5519472257812501 0.1394399763888889 0.009560484375000034 0.07284178333333333
