8 0.197275861328125 0.24187482500000002 0.014501942968750025 0.06562495555555554
8 0.148496598046875 0.45164030763888896 0.017138660156250006 0.03046872916666664
8 0.59146504375 0.41648407986111113 0.019775376562500037 0.02578123194444449
8 0.7305445249590776 0.3696091138888889 0.013198259456844674 0.03984372222222225
8 0.1840922765625 0.24070295277777778 0.011865226562499998 0.0539062138888889
8 0.21441452148437498 0.24070295208333334 0.011865225781249978 0.058593709722222206
8 0.7582373902343751 0.36492161666666667 0.02636716796875005 0.03515622500000003
9 0.7450538054687501 0.33914038472222224 0.02109373437499995 0.030468725000000023
0 0.350864622265625 0.4914840305555556 0.010546867968750017 0.04453121944444444
2 0.312632228125 0.4879684069444445 0.03427732031250001 0.051562466666666674
2 0.300767001953125 0.5008590229166666 0.03164060390624997 0.053906212500000016
2 0.273740651953125 0.50789026875 0.03295896171874997 0.058593709722222165
2 0.25726117265625004 0.5219527590277778 0.03427732031250001 0.05859370972222225
2 0.88545898125 0.4891402819444445 0.11206047031250002 0.08203119444444451
2 0.226279748046875 0.5348433770833334 0.06196284921875002 0.07031245138888893
2 0.762192465234375 0.5758589722222223 0.22412093984374995 0.19453111666666661
2 0.4695168859375 0.4645309236111111 0.19511705312500002 0.41249971666666657
2 0.9447851132812499 0.5043746458333334 0.10942375312500001 0.08906243888888889
2 0.3620890056524916 0.47539288352795916 0.014655707196029776 0.023573200992555835
