9 0.55271604921875 0.4263159645833333 0.06823654999999995 0.05545573472222224
9 0.488866134375 0.4289154506944444 0.047765584375 0.05718872638888889
9 0.5527160484375 0.3890566416666666 0.04094192968750008 0.022528891666666655
9 0.6029186531249999 0.44624536875000004 0.01657173437499999 0.025994873611111066
9 0.601943844921875 0.4037870715277778 0.016571733593749992 0.02772786527777779
9 0.6272888492187499 0.40465356805555547 0.026319812499999973 0.022528891666666655
2 0.488866134765625 0.6039476159722222 0.024370196093749998 0.04332479305555555
2 0.4737566125 0.5996151354166667 0.015596925000000006 0.031193851388888857
2 0.542480566796875 0.6013481298611112 0.00877327109374999 0.02426188472222219
2 0.51664815859375 0.6004816333333333 0.048740392187499995 0.08145061111111107
2 0.44256276210937495 0.6316754840277778 0.07798462734375003 0.10224651249999997
2 0.389923138671875 0.6013481291666666 0.013647310156249981 0.017329916666666712
2 0.36652775039062496 0.600481632638889 0.029244236718749983 0.025994876388888834
2 0.277332832421875 0.6169450541666667 0.022420580468749972 0.03119384999999997
2 0.31291331875 0.6100130881944443 0.05458923906250002 0.038125818055555524
2 0.3285040890625 0.5818232388888889 0.013659621875000028 0.017070608333333345
2 0.16692191249494154 0.6261695664762074 0.10768840467738301 0.08430271350797029
2 0.06921135703125 0.6464059138888889 0.097480784375 0.07278565277777777
2 0.007372133219390944 0.6372177223505525 0.010845035188781887 0.11679697247888288
2 0.687239531640625 0.6394739472222223 0.20470964765625005 0.24608482500000003
2 0.8685537906249999 0.6316754840277778 0.18716310624999996 0.20969199861111115
9 0.40503265976562497 0.5164315347222221 0.010722885156249973 0.020795902777777778
2 0.312872245703125 0.5796894131944444 0.011202586718750008 0.012802956944444412
