2 0.2843110827289288 0.559679065874815 0.02365448108285757 0.038623665082963284
2 0.266284863671875 0.5477141708333333 0.012397957031249972 0.044081622222222214
2 0.31637715701725583 0.5717636863376632 0.03768610421836227 0.059119436564215117
2 0.40418820763587665 0.5593873714768967 0.03743971910324664 0.05012297093509564
2 0.466201912890625 0.59914273125 0.06302294609374996 0.0697959041666667
4 0.23519837631705692 0.5410380110085343 0.05767393857161376 0.08583133312817984
4 0.215143292578125 0.5927141548611111 0.07335457578125001 0.08632651249999997
0 0.876161005078125 0.6456121069444445 0.03409438046875 0.19653056944444441
0 0.77150159296875 0.5941835472222222 0.020663260937500018 0.11204079166666668
0 0.782866386328125 0.61806109375 0.037193869531250014 0.14510200972222217
0 0.72707558203125 0.6184284347222222 0.030994890624999983 0.13775507222222222
0 0.696080691015625 0.5872039513888888 0.024795913281250036 0.108367325
0 0.6475220273437501 0.5789386472222222 0.02272958593750003 0.10653058888888896
0 0.6130100687500001 0.5791835541666667 0.012397956249999975 0.0771428388888889
0 0.6010046509710193 0.5573444351469408 0.009546551182961327 0.04081153696054811
0 0.579770116214118 0.5747141621940871 0.016173138678235954 0.07555099105484094
0 0.530629638406834 0.5714485950880077 0.016749379652605523 0.07424541815731785
0 0.5453378890625 0.5791835548611111 0.015497445312499991 0.06244896527777778
8 0.6392567234375 0.4733264284722222 0.020663260937499928 0.03489795138888891
8 0.18156549375 0.4977549951388889 0.008265304687499997 0.029387748611111104
0 0.048645197543600006 0.5767021538659234 0.011682483037800001 0.06164944939851343
1 0.08861838749999999 0.5639650888888889 0.012914546874999999 0.04058346944444446
8 0.33808969570312497 0.4830611215277778 0.007232141406249992 0.022040809722222183
8 0.481699359375 0.16430148275688009 0.01963009843750001 0.08248056829153796
8 0.4636321197964122 0.17015832181291815 0.01954094292803967 0.08317383807028073
8 0.01109359140625 0.24704076388888888 0.014464282812500001 0.07163263888888889
0 0.9802651914118539 0.664011773818708 0.039469617176292535 0.22698058170138072
8 0.15367009140625001 0.4711223486111111 0.006198978125000009 0.0202040777777778
0 0.01314359622321117 0.5690653401036415 0.00767679900744417 0.04962779156327544
7 0.08926691640625 0.5898121270833333 0.014636485937499999 0.0413265486111111
2 0.38477045726539477 0.5578990870019047 0.018145161290322554 0.04962779156327552
0 0.43501859622321126 0.5678246453145597 0.008374689826302717 0.032258064516129066
0 0.44478906768723103 0.5560380448182818 0.01256203473945412 0.026054590570719603
0 0.45386164833239223 0.5473531812947087 0.013957816377171195 0.02853598014888337
0 0.46153844733983646 0.5454921391110858 0.009770471464019792 0.02481389578163768
0 0.47095997339442697 0.5454921391110858 0.0090725806451613 0.027295285359801604
0 0.4779388815830126 0.5485938760837905 0.006281017369726971 0.03101736972704714
0 0.4817772810867348 0.5529363078455771 0.013957816377171195 0.032258064516129066
0 0.48945408009417884 0.5529363078455771 0.011166253101737045 0.039702233250620285
0 0.5002713877864866 0.5771298562326739 0.016051488833746852 0.07071960297766751
0 0.6087934101189928 0.5560380448182818 0.013957816377171195 0.04342431761786598
2 0.33975649944901765 0.5597601291855274 0.013259925558312657 0.023573200992555835
2 0.3655784597467844 0.5572787396073637 0.01884305210918109 0.02853598014888337
