9 0.04529927265625 0.4712213083333333 0.023873943750000005 0.04570737777777778
9 0.6078673234374999 0.43041115 0.0128552 0.01632406388888891
9 0.599603266796875 0.4418379951388889 0.023873944531250045 0.026118504166666726
9 0.599144152734375 0.46958890208333326 0.026628630468749925 0.048972190277777765
9 0.569760837109375 0.5128476729166667 0.01010051484375003 0.017956470833333307
9 0.35275281718749996 0.5441354618055556 0.013773429687499972 0.009794437500000046
9 0.29903644375000005 0.547400275 0.016528115625000027 0.013059249999999956
9 0.35091636015625005 0.5588271194444444 0.010100515624999983 0.02285368888888889
8 0.16344468750000002 0.5125756027777778 0.007345828124999998 0.037545347222222206
8 0.267204518359375 0.5476723388888889 0.005509371093749982 0.02285368888888889
8 0.43386300625 0.5272672597222222 0.004591142187500008 0.02448609444444448
8 0.40861172070312507 0.5248186520833333 0.007345828906249974 0.02611850416666665
8 0.41733489179687505 0.5697098256944445 0.006427599218749957 0.017956470833333307
8 0.43064920625 0.5256348534722223 0.007345828124999976 0.02775090694444447
8 0.40310234921875 0.5272672569444444 0.007345828124999976 0.027750908333333355
2 0.39988854921875 0.6121523916666667 0.0257104 0.060399036111111096
2 0.369587005078125 0.6088875777777777 0.04040205859374999 0.08325272500000007
0 0.061521315625 0.6178658131944444 0.03305622968750001 0.07835550416666671
0 0.09733223046875 0.632557470138889 0.033056228124999996 0.1730350763888889
2 0.07979216942420371 0.5678246453145598 0.12282878411910667 0.09677419354838711
2 0.03994294296875 0.6480653340277778 0.0798858859375 0.15181379583333332
2 0.409070833984375 0.6456167208333332 0.022955714843749985 0.06529625555555556
2 0.20706054609375002 0.6488815340277778 0.19007331718749998 0.21221282916666664
2 0.48161089335937496 0.6880592875 0.15426240234375 0.28403871111111106
0 0.6009806097656251 0.6562509588218097 0.011936971093750071 0.05391660375473069
0 0.705199554296875 0.6847944729166666 0.014691658593750035 0.10447400694444439
0 0.583794482825858 0.662811715478482 0.011416537473283927 0.07334883015414712
0 0.61613138125 0.6692866125 0.015609885937500057 0.0963119777777778
0 0.6499689684316479 0.6639784914684058 0.0181451612903226 0.08312655086848635
0 0.6859167539062501 0.6847944756944445 0.028465087499999965 0.13712213472222215
0 0.7189729828125 0.6913241000000001 0.028465085937499968 0.12079807222222227
0 0.766261755078125 0.7035671493055555 0.04040205859375003 0.15181379583333332
0 0.9099645277343751 0.6905078965277778 0.03581091328124995 0.13059250972222225
