9 0.051177412500000005 0.41765100555555557 0.07700981875 0.0866495861111111
9 0.055564047656250004 0.5770862444444445 0.0760350125 0.0866495861111111
9 0.10722886328125 0.4809052041666667 0.04679077656249999 0.08145061111111107
9 0.054589238671875 0.5120990548611111 0.01949615703125 0.03639282638888896
9 0.40162083203125 0.4930361472222223 0.019496156249999962 0.03292684444444447
9 0.7652241589843751 0.3561298 0.07408539609375006 0.08838257777777775
8 0.627776253515625 0.48003870763888884 0.01754654140625007 0.04505778472222228
9 0.650196833203125 0.4774392201388889 0.025345003906249986 0.04332479305555555
9 0.402595640234375 0.5441594027777777 0.01949615703125005 0.013863936111111188
8 0.5103119078124999 0.4341144270833333 0.008773271874999988 0.025994876388888914
8 0.58780913125 0.4115855354166666 0.009748078124999981 0.03639282638888888
9 0.5220096015625 0.4367139152777778 0.010722885937499971 0.02079590000000001
9 0.601943844921875 0.40811955069444444 0.014622117968750015 0.02946085694444444
9 0.7705856015625 0.5017011048611112 0.07116097187499992 0.08491659305555549
9 0.6492220246093751 0.5441594020833334 0.025345003906249986 0.04159180138888882
2 0.3182747609375 0.6628693354166667 0.15499444687500002 0.1784981486111111
2 0.56782556953125 0.7131260958333333 0.24857600156249998 0.35526330555555563
2 0.40503266015625006 0.5996151368055556 0.08285866718750001 0.11091147083333336
2 0.46157151484375003 0.5831517152777778 0.057513662499999986 0.0745186444444444
4 0.539556142578125 0.5025676 0.10235482421875002 0.08318360277777773
