9 0.324373574609375 0.45930792569444445 0.04780242265624999 0.0267086513888889
9 0.46982951562499997 0.4872306125 0.027315671874999926 0.01942447777777782
9 0.514217479296875 0.4872306083333333 0.025949885156249942 0.024280597222222235
9 0.55109363125 0.5078691229166666 0.012292054687500008 0.03642089583333335
9 0.595481597265625 0.5042270263888888 0.010926269531250022 0.024280597222222235
9 0.22113944438467475 0.39253629027777776 0.1040345002931505 0.17482028333333335
9 0.646698475390625 0.6790473124999999 0.023218317968750048 0.02913671111111111
9 0.10789689453125 0.4678061368055555 0.024584104687499986 0.01456835694444444
9 0.15501642656249998 0.4665921048611111 0.023218317187499983 0.012140293055555576
9 0.29091187929687495 0.4702341951388888 0.019120971093750015 0.01456835694444444
2 0.27861982890625 0.538624536111111 0.013657835937500007 0.016996413888888878
2 0.2615475359375 0.5410525972222222 0.012292053125000013 0.021852536111111064
2 0.24993837968750002 0.5422666263888889 0.01365783437500001 0.024280594444444383
2 0.23559765000000002 0.5422666263888889 0.012292053125000013 0.024280594444444383
2 0.225354272265625 0.544694682638889 0.016389400781249997 0.02913670694444437
2 0.206916196484375 0.5446946861111112 0.017755185156249985 0.024280597222222235
2 0.16730847773437502 0.5483367708333333 0.01775518828125 0.026708652777777786
2 0.146138830078125 0.5495508013888889 0.019120966406250006 0.02913671388888888
2 0.12292051171875 0.5531928979166666 0.027315670312499995 0.03156479027777779
2 0.43158757773437506 0.5410525930555555 0.010926267968749936 0.016996411111111106
2 0.4715410575515482 0.5404796277113879 0.010234748959403638 0.017469191533886964
2 0.51899771875 0.5568349847222223 0.010926265625000032 0.024280597222222155
2 0.33461695234375 0.5633098055555557 0.05463133906249999 0.07284178333333331
2 0.42202709218750006 0.5548115979166667 0.02458410156249995 0.036420893055555584
2 0.4866846688680416 0.5463133909722222 0.01818946538891657 0.03399283749999995
2 0.5428989296875001 0.5633098069444444 0.04507085625 0.0582734333333333
2 0.60435918671875 0.5499554791666666 0.036876153124999964 0.03642089444444447
2 0.9644707703125001 0.6834987541666666 0.06692338906249998 0.15296775000000007
