2 0.039967121484375 0.5606228229166667 0.07993424296875 0.06412069305555555
2 0.099430401171875 0.5363609388888889 0.07798462734374999 0.07451864444444449
2 0.16458590391551886 0.5342115295965548 0.11515198511166254 0.077151789748665
2 0.47914108463746635 0.5854243571193009 0.09460241771243263 0.13105367812749058
2 0.32605556712525324 0.5591435226055842 0.08672258425050643 0.11661782854450185
2 0.6428857742187499 0.5935496652777777 0.119901365625 0.12650839722222224
2 0.7465952246741056 0.5568883769704175 0.06065325690178876 0.07398171782972376
2 0.3920383412063636 0.5431126837735606 0.03152502616272725 0.03949836476934333
3 0.5431734939388001 0.5230638498543436 0.07952319493489987 0.1288406919579796
9 0.40357044804687503 0.47050725416666667 0.01559692578124996 0.015596927777777757
9 0.4120771355553866 0.497709225355791 0.03367663201422686 0.04091059928841795
9 0.45669747578125 0.48697067569444447 0.01072288593750006 0.01039795138888885
9 0.4474368015625 0.5051670868055556 0.03509308281249997 0.025994876388888914
9 0.6073976284812757 0.5119933798058748 0.016749379652605433 0.02481389578163776
2 0.6953318716574544 0.5547973500291999 0.02512406947890815 0.035980148883374675
