8 0.23266742968749998 0.10568532986111111 0.010525217187500014 0.0214835736111111
8 0.365986886328125 0.022176593749999998 0.009745572656250001 0.02217659027777778
9 0.00416216484375 0.3132443888888889 0.0083243296875 0.03187885555555556
9 0.5022299925781251 0.29973052638888886 0.005457521093750017 0.015939427777777796
9 0.5287379515625 0.29453288611111106 0.02105043749999993 0.049897333333333314
9 0.5839628765625 0.2619610159722222 0.023389375 0.015246409722222232
2 0.355916465625 0.3572510673611111 0.024169023437500003 0.03811602083333337
2 0.3401860676331626 0.36181778413198346 0.020775479016325305 0.04724945437507806
2 0.47806098124999996 0.3544789930555555 0.04054158593750001 0.04504620555555555
8 0.208998802734375 0.05701124166666668 0.023395389843749982 0.0488787388888889
8 0.595607593359375 0.24738456875 0.017546539843749986 0.032926843055555544
8 0.195692674609375 0.0736521486111111 0.014622116406250019 0.06585368611111111
2 0.3135855937418216 0.3686931316669171 0.04466501240694791 0.058312655086848623
