2 0.65149437109375 0.3970090236111111 0.024866198437500042 0.049307330555555494
2 0.6433650359375 0.4089107930555555 0.016258665624999936 0.039105813888888875
2 0.61945523203125 0.398709275 0.03729929531249994 0.07991187777777782
2 0.60128378046875 0.4148616777777778 0.04495043281250002 0.07141061666666665
2 0.59076346640625 0.4225128152777778 0.023909804687500015 0.06971036388888889
2 0.57163562265625 0.42761357361111113 0.041124864062499975 0.08671289166666661
2 0.520468640625 0.44036546944444444 0.10902870937500006 0.12581870555555558
2 0.76415735859375 0.41528674027777773 0.034430118750000016 0.057808591666666666
2 0.7875889671875 0.4169869930555556 0.0392120796875 0.08501263611111116
2 0.6809512382812499 0.4016847194444444 0.030604549999999973 0.027204044444444502
2 0.8229754781249999 0.4246381319444445 0.07172941406249995 0.09691440833333331
2 0.38375236562500004 0.47649584305555553 0.208493496875 0.2210328638888889
2 0.10663772890625 0.40763560416666667 0.2132754578125 0.22613361944444443
2 0.94037261875 0.45099205 0.11859262968749995 0.21423184999999997
8 0.6938625328124999 0.34472625 0.004781960937499985 0.015302272222222198
9 0.71171520625 0.346284825 0.008607529687500027 0.017002527777777804
0 0.8926475793635442 0.4188999366598991 0.01851994935208836 0.0794871344309093
