9 0.44458011367187494 0.39780425138888886 0.043589499218750036 0.05913896666666669
9 0.542656486328125 0.3906667916666666 0.04932495703124999 0.05302114722222224
9 0.589605328125 0.38603471944444445 0.04129531562500004 0.04282477222222225
9 0.598208519140625 0.45129151319444444 0.014912199218750023 0.022432023611111164
9 0.5704871367187501 0.4527190069444444 0.02064765624999998 0.024471300000000046
2 0.5578691242187499 0.49384439236111116 0.022941840625000064 0.03874621805555552
2 0.5252702841353727 0.4839699444297502 0.028863869833245202 0.031232974970611515
2 0.50051452109375 0.48874620694444443 0.04588368281249995 0.02854984722222219
2 0.47126367226562504 0.49384439097222227 0.017206380468750025 0.022432020833333313
2 0.4491565951513854 0.5078996110550603 0.030346830927770706 0.06277810822123189
2 0.316023866796875 0.5434667340277778 0.11241502265625 0.16925980694444442
2 0.22483004648437502 0.5811933180555556 0.18582891328125 0.23655587499999997
2 0.596201105859375 0.49707323333333336 0.012618011718750034 0.02039275000000005
2 0.506727925390625 0.5878209618055555 0.13191558828125 0.18965255972222222
2 0.091767365625 0.44660118055555553 0.18353473125 0.8932023611111111
2 0.5756435962232112 0.4859387892351552 0.023030397022332495 0.0446650124069479
