2 0.6307769709130374 0.3736559108232446 0.04675868486352357 0.08808933002481388
2 0.684010630859375 0.4020194208333333 0.10664679140624997 0.15383489444444443
2 0.7769319218749999 0.4483640388888889 0.21008986718749992 0.24578157499999997
2 0.454247352734375 0.3379591125 0.02686223828124996 0.03673468333333333
2 0.25639662890625 0.3636733916666667 0.1415433359375 0.15428568055555558
2 0.8839562584093723 0.5783154625456174 0.2320874831812553 0.3934104250912347
2 0.540772923046875 0.4033344491788542 0.15467409609375 0.25910893775340277
2 0.10810477226562501 0.36324290833333334 0.21620954453125002 0.32326523888888886
2 0.4222974328125 0.34367567083333334 0.04046403906249996 0.04991844166666668
2 0.4762494851562501 0.33686312777777777 0.014836814062500014 0.03237123055555556
2 0.34324595354331044 0.3289908984162967 0.036988213399503686 0.03846153846153844
