2 0.088409344921875 0.766192026388889 0.17681868984375 0.22350992777777784
2 0.301537228515625 0.7768368982397171 0.13075330703125002 0.13036259092387878
2 0.9170835621093751 0.8457402780689023 0.16293873515625013 0.1811414392059553
2 0.8044345601562499 0.8323509611111111 0.2494370765624999 0.18417217777777778
2 0.17442806269364652 0.7918354987084241 0.10133754336270692 0.1328852303609297
2 0.23674555288537266 0.7912333091095819 0.04341333233324529 0.10190417622528038
2 0.366913881640625 0.7796026187499999 0.018104303906249973 0.06794701805555547
2 0.685750791015625 0.7983774548611112 0.11466059140624996 0.15198675138888895
2 0.61433936875 0.8108940097222223 0.06034767968749995 0.10907284444444451
2 0.599755346484375 0.7930132145833334 0.06738824296875005 0.10549668472222212
2 0.56254094296875 0.7912251361111111 0.01911009843749998 0.0697350972222223
2 0.54745402265625 0.7867549388888888 0.019110096875000072 0.04649006666666666
2 0.53488158984375 0.7822847388888888 0.014081124999999962 0.0339735083333333
2 0.526835232421875 0.7804966597222222 0.012069535156250043 0.0339735083333333
2 0.518285977734375 0.7769205006944445 0.011063741406250039 0.026821190277777872
4 0.47069421885931806 0.7626137272004158 0.030540814281136086 0.05955334987593043
2 0.40412828359374997 0.7885430173611111 0.06235927031249995 0.07867549305555567
2 0.45894409414062504 0.7769205006944443 0.02514486640625 0.04112582638888888
0 0.508730928515625 0.7796026208333333 0.010057946093749947 0.04649006666666666
8 0.5082280328125 0.735794676388889 0.005028973437499929 0.016092713888888947
2 0.43850805031750395 0.7775020646693984 0.013957816377171283 0.03473945409429275
