2 0.9197312027343749 0.8301030368055555 0.15889367890624992 0.2044930236111112
2 0.7934935863281251 0.8153726062499999 0.14817079140625006 0.14037233194444446
2 0.6843151078125 0.7989091847222222 0.09553116874999992 0.09358155277777769
2 0.630700676171875 0.7859117472222222 0.06433731796875 0.07105266111111111
2 0.6024312484375001 0.7729143090277778 0.056538854687499994 0.06931966805555557
2 0.567338165625 0.7668488381944444 0.03899231406250001 0.050256762500000066
2 0.5449175855468751 0.7625163576388889 0.029244236718750028 0.0415918013888889
2 0.526883641015625 0.7521184097222222 0.024370196093749998 0.04505778611111108
2 0.5203767255416226 0.7468599724401583 0.03865098702074521 0.05880279488031669
2 0.4963827173763001 0.7495676052668746 0.01405835819010015 0.026092243867082407
2 0.4903177848633115 0.7471050423368922 0.013626188476623113 0.028535980148883294
2 0.4827186129970352 0.7429998849608366 0.012075152556570323 0.026820736588339698
2 0.45923440168635743 0.7397800507607399 0.025544815872714823 0.03077901541036899
2 0.44129961359293823 0.7365591366296962 0.013957816377171283 0.019851116625310142
2 0.12964944375000004 0.7687598966423227 0.20081041718750003 0.21351411272908974
2 0.032656062890625 0.7408539625 0.06531212578125 0.08838257777777775
2 0.032656062890625 0.6879977152777778 0.06531212578125 0.017329916666666712
2 0.208608879296875 0.7191915673611111 0.02924423515625001 0.07278565416666664
9 0.191549741796875 0.6342749715277778 0.024370196093749998 0.03812581805555561
9 0.25247523125 0.6455394180555555 0.013647309375000027 0.022528891666666655
9 0.307551875 0.68106575 0.010722885937500015 0.017329916666666632
2 0.253450040234375 0.7269900291666667 0.02729461953125001 0.022528891666666735
2 0.274408408984375 0.7243905416666667 0.016571732031249998 0.027727866666666677
2 0.290492737890625 0.7287230208333333 0.013647310156249981 0.022528891666666735
2 0.38602390742187503 0.730456011111111 0.01754653984375003 0.02599487222222226
2 0.4172177578125 0.7313225097222221 0.009748078124999981 0.013863933333333339
2 0.360678903125 0.7261235333333333 0.013647309375000027 0.017329916666666792
4 0.29000533359374997 0.700128657638889 0.02631981250000002 0.02426188472222219
2 0.27294619765625 0.6992621604166668 0.0116976953125 0.019062909722222247
2 0.4043114001934344 0.7253928835279592 0.012562034739454076 0.019851116625310142
