2 0.500997225 0.8219959618055556 0.03393203281249999 0.05616336805555559
2 0.4653100859375 0.8313565236111111 0.037442245312499976 0.06240373888888892
2 0.33601732890624997 0.8542415875042609 0.07605455937500002 0.07903735832481165
2 0.24007157851562502 0.871991812035554 0.13221793046875 0.11871281295999678
2 0.41324196289062504 0.8438372708333333 0.09243554140625002 0.09568573888888889
2 0.7168751695312501 0.8188757729166667 0.053823229687499995 0.07072424305555561
2 0.9023312910156249 0.8823195784722221 0.19306157578125002 0.2225733430555555
2 0.5975280128906251 0.8864798284722222 0.24571473203125 0.22257334583333327
8 0.33008839453125 0.4929895638888889 0.012713600000000014 0.05824349722222222
8 0.5703792965975703 0.5397268708333333 0.011226490070140472 0.060454605555555534
9 0.83622232734375 0.5963024208333334 0.030421824999999993 0.016640997222222214
8 0.06690119140624999 0.7342840354166666 0.022231332812499994 0.03744224305555564
8 0.833297152734375 0.6874812256944444 0.017551053906250048 0.039522368055555604
8 0.34361976601562494 0.4930361465277778 0.012672502343749992 0.05718872638888889
8 0.5843973027343751 0.5392824540795986 0.012672503906250032 0.05956577204808606
9 0.9382842453125001 0.5776529375 0.02996172968750006 0.034897950000000025
2 0.9718620433593749 0.9348977611111111 0.053724478906250005 0.12122446388888887
2 0.6749072570513931 0.8006066807321351 0.019169381209713787 0.030713844797603605
