2 0.09559100703125 0.23152566388888887 0.0382364046875 0.03398790833333333
2 0.21527094687499998 0.23288518263888885 0.022177114062500003 0.020392748611111126
2 0.168622534765625 0.23968276666666669 0.02982439296874999 0.03126888055555553
2 0.19309383320312498 0.24512083194444448 0.03594221796874999 0.02854984722222223
2 0.307038312109375 0.24036252569444444 0.01911820234374999 0.021752268055555548
2 0.333039065625 0.2451208326388889 0.022177114062500003 0.020392748611111088
2 0.42009061718749996 0.24765859513888888 0.01682401718749995 0.028549845833333306
2 0.065766612109375 0.2555891083333333 0.06117824453125 0.05030211111111108
2 0.2753256445271608 0.28144357759421124 0.07651989842932157 0.09385394685508912
2 0.39498203828125 0.2902567798611111 0.04970732343749997 0.06797582638888887
2 0.43818917265625 0.25966765694444444 0.02600075468749994 0.03942598055555556
2 0.68672578984375 0.2725830611111111 0.03288330624999993 0.04894258888888889
2 0.756698405859375 0.2943353284722222 0.04741313984374997 0.05981872916666665
2 0.9555456218749999 0.34876909930555555 0.0871789968749999 0.11012084305555554
2 0.3648805689279258 0.2359387892351553 0.013259925558312614 0.01861042183622826
2 0.3879109659502583 0.2433829579696466 0.02023883374689821 0.03349875930521091
2 0.46572579225298777 0.25144747409867885 0.020936724565756838 0.03473945409429279
2 0.48456884436216896 0.24834573712597413 0.013957816377171195 0.026054590570719603
