2 0.107997295703125 0.5496648215277777 0.09360721328124999 0.07292247361111114
2 0.24735634648437496 0.5365761736111111 0.061002450781250016 0.0654432444444444
2 0.272072858203125 0.5431204972222222 0.06415775234374999 0.05609420833333335
2 0.34937769179687506 0.5337714618055556 0.050484788281249984 0.04113575416666669
2 0.38934481445312497 0.5337714631944445 0.03576005859375 0.03365652638888893
2 0.42251257105573553 0.5327729211167505 0.03478252179897101 0.027919825566834314
2 0.4887367421875 0.5693568631849197 0.1251602046875 0.14946642085238263
2 0.5410980006897124 0.5293631068530212 0.01256203473945412 0.019851116625310142
2 0.5607827425781251 0.5337714625 0.01893179609375002 0.02617729722222227
2 0.580766305078125 0.5272271381944444 0.012621196093749986 0.024307490277777788
2 0.595491034375 0.5364950054839962 0.02524239374999997 0.035363994301325696
2 0.62125931328125 0.5328365583333334 0.0178800296875 0.035526330555555555
2 0.6515697645498422 0.5522744219266486 0.06798327128718454 0.10057935496440812
2 0.7258518639450035 0.520724353107721 0.04429060492249297 0.037313063229002415
2 0.75167835 0.5141384902777778 0.038915357812499975 0.031786719444444445
2 0.7748172109375 0.52535733125 0.03681182500000002 0.04300555972222221
2 0.8158361015625 0.5216177166666667 0.07046835156249989 0.05796401388888886
0 0.8272185900800455 0.5216177166666667 0.01119554578509092 0.05796401388888886
2 0.8857785691406249 0.5281620416666666 0.08203778046875013 0.07479227777777776
2 0.966764584375 0.5225526208333333 0.06520951718750005 0.09349034999999996
9 0.7769850974639059 0.39909015399942327 0.020936724565756838 0.042183622828784136
2 0.7602357178113005 0.7799834542475622 0.006978908188585642 0.004962779156327536
2 0.02000619637463288 0.5436310969274629 0.04001239274926576 0.1079404466501241
