9 0.8213039921874999 0.5496623618055556 0.013013484374999962 0.009526209722222173
9 0.53355286640625 0.4667843361111111 0.01071698750000003 0.01633064999999997
9 0.697369671875 0.4035030756944445 0.007654990625000036 0.025856856944444454
9 0.69583867265625 0.38853331597222224 0.007654990624999946 0.014969759722222243
9 0.28782765820312506 0.5259829298611111 0.007654992968749985 0.009526209722222173
9 0.44322397382812506 0.5314264791666667 0.013778983593749938 0.02041330833333335
2 0.379304799609375 0.5463962395833333 0.01760647890625 0.02313508194444446
2 0.358253574609375 0.5457157958333334 0.021433974218749974 0.048991941666666684
2 0.3299301078125 0.5484375701388889 0.05205393750000002 0.07076614027777776
2 0.41069026171875 0.5674899916666667 0.052819435937500006 0.07620968611111109
