2 0.197640131640625 0.6999483951388888 0.12084505078125 0.09425047638888889
2 0.435042183203125 0.6944042479166667 0.13098044296874994 0.19681717361111112
2 0.355128520703125 0.6791578479166667 0.04132121015625003 0.06375767361111112
2 0.32121394140625 0.6826229395833334 0.056134476562499994 0.06791578472222229
2 0.6074773901982992 0.635366390442295 0.036130799146598225 0.051020728106812324
9 0.8408476601562501 0.5162985694444444 0.11460788593750007 0.18434284722222216
8 0.9228875384361249 0.4469009152777777 0.02381480750275049 0.08473988611111112
8 0.8560507480468751 0.07276691319444445 0.09199816640624991 0.1455338263888889
8 0.462236338158695 0.434449955488257 0.013957816377171195 0.02853598014888337
8 0.4069791261600314 0.5170128539486364 0.0156012726325629 0.022219116230606063
8 0.7765269070312499 0.11742179374999999 0.04989731093749992 0.1429686513888889
8 0.982349053125 0.029799783333333333 0.03429587343749994 0.059599566666666666
1 0.5615381703125 0.63689374375 0.026894784375000036 0.07902408749999996
7 0.5591071921875 0.6600521118055556 0.04230360937500004 0.07979257083333333
9 0.459601016015625 0.37630889097222214 0.013253972656250034 0.02356261805555554
9 0.8969821355468749 0.38116001666666666 0.01637255546875007 0.02772072777777773
8 0.900490540625 0.450511504506949 0.023389365625000026 0.08326151734723133
8 0.94454051015625 0.4372944923611111 0.019491135937500025 0.09563650972222225
9 0.6396991234375 0.5357030798611111 0.024169009374999995 0.02356261805555554
9 0.4061268177775873 0.4865267222333758 0.013401306632325439 0.02350837219991501
8 0.2594990552802831 0.6007030572252297 0.0090725806451613 0.023573200992555835
