9 0.694086391015625 0.2691282701388889 0.04633473671875006 0.018305081944444464
9 0.368885181640625 0.39192485694444446 0.013728810156250004 0.010677963888888876
9 0.11061192656249999 0.3965011256944444 0.024025418749999992 0.013728809722222242
8 0.065748120703125 0.2531113243055556 0.013728810156250004 0.050338973611111136
8 0.049445158203125006 0.2508231888888889 0.015444911718750004 0.04881355000000001
8 0.339895314453125 0.1905689638888889 0.012870760156250017 0.05338982222222223
8 0.38966225390625003 0.3895277659722222 0.007722456250000009 0.016779656944444495
8 0.5411082 0.39029047777777776 0.010296607812499924 0.01830508055555558
8 0.659090169140625 0.25223965555555555 0.012870760156249971 0.047288127777777765
8 0.646219408203125 0.25223965555555555 0.014586861718750033 0.04423728055555556
0 0.08162205859375 0.4663437388888888 0.018019065624999997 0.06406778611111111
2 0.40339106484375 0.4325665 0.02659957187499997 0.04881355000000001
3 0.5463637726562499 0.43398296875 0.02145126718750001 0.04271185694444439
2 0.5167610253906251 0.43779652638888883 0.015444911718749932 0.03203389444444448
2 0.5283447085937499 0.4469490694444444 0.023167368749999983 0.03508473888888888
2 0.426665703515625 0.4484744902777778 0.01716101328124999 0.022881349999999953
2 0.3768987640625 0.4507626256944445 0.018877115625000006 0.02745762083333329
2 0.359308724609375 0.45305076111111114 0.023167367968749984 0.03508473888888888
2 0.3395735578125 0.45228804930555555 0.028315673437499987 0.03661016249999997
2 0.310399834765625 0.4469490666666666 0.03346397578125 0.04423728055555556
2 0.28809051757812504 0.4576270319444445 0.02316736796875003 0.04118643333333331
2 0.25505556601562496 0.44542364444444443 0.05148304140625002 0.07474574722222221
2 0.23060112148437498 0.46449143750000005 0.042044483593749994 0.045762702777777754
2 0.1890534056633658 0.46983041875 0.05505072851423163 0.05338981805555557
2 0.5731149879185224 0.4486266269635247 0.01797318041295508 0.029594037739617267
2 0.580385477734375 0.45350839444444446 0.01544491171875002 0.028983044444444456
2 0.589006317571128 0.45306053338584334 0.017241678892255852 0.03598046100609093
2 0.5936852640625 0.4565592416666667 0.016302962500000007 0.03508473888888888
2 0.6448546144470972 0.46342285045918225 0.09118404295669444 0.17084901574830214
2 0.834025265234375 0.46189822013888887 0.32605926015625003 0.4576270347222222
0 0.14015972525546921 0.47043010437163174 0.010468362282878419 0.0632754342431762
4 0.4967819336921938 0.433829608093716 0.020238833746898343 0.03970223325062037
