2 0.22386542460937503 0.4164405979166667 0.13814616171875002 0.30203384027777774
2 0.0119269046875 0.4568643194444445 0.02316736875 0.03508474166666665
2 0.6843812312499999 0.4957626194444444 0.08065676406249996 0.09457625277777776
8 0.300231933984375 0.13652539861111113 0.021451266406250013 0.08389829166666668
8 0.08829341484375 0.330254175 0.0214512671875 0.08999998333333331
9 0.299802908203125 0.08161015347222222 0.01544491171875002 0.02593219861111112
9 0.088722441015625 0.2722880826388889 0.01544491171875 0.028983045833333342
9 0.0722330015322399 0.4474366915623667 0.02954667662302022 0.05699084187526664
9 0.10845760703125 0.33025417569444443 0.02059321718749999 0.08084744305555552
9 0.07284850312499999 0.3447456972222222 0.007722456249999998 0.030508472222222197
8 0.8284479359375 0.34245756388888887 0.01801906406249998 0.05644066666666663
8 0.917341992578125 0.03584745069444444 0.03346397578125 0.07169490138888888
