9 0.5728036964843749 0.3114369840277778 0.02000461953124999 0.04125396527777778
9 0.7581607874999999 0.2758732159722222 0.02400554374999997 0.015648051388888876
2 0.73797040703125 0.39120144444444443 0.03200739218750002 0.027028463888888864
2 0.710364031640625 0.3954690965277778 0.029606836718749995 0.029873568055555525
2 0.6823575652343751 0.38693379097222225 0.01680388203125007 0.009957851388888944
2 0.668354330859375 0.3947578208333334 0.01600369453125001 0.022760811111111126
2 0.64354860390625 0.40969460486111114 0.04000924062499998 0.052634379166666655
2 0.6211434296875 0.40258184861111107 0.012802956250000008 0.024183358333333318
2 0.6055398257812501 0.403293125 0.024805726562499953 0.03414121666666661
2 0.5839348363281249 0.3954690965277778 0.02320535546875 0.018493159722222194
2 0.5627299414062501 0.3976029229166667 0.02400554374999997 0.014225506944444454
2 0.5391244898437499 0.40542695138888896 0.03440794531249995 0.032718666666666646
2 0.5123183011718749 0.4082720527777778 0.040009239843749975 0.03840886944444443
2 0.50311617578125 0.43174413888888885 0.04401016250000005 0.051211824999999954
2 0.56753105 0.45592749999999993 0.08161884687500001 0.10811385
2 0.6987613515625 0.4353005159722222 0.06721551874999995 0.10384620138888884
0 0.4517679758758167 0.42390404978106094 0.01535359801488836 0.04962779156327544
