2 0.26168122981873065 0.49537999887835094 0.07417100494996128 0.1138661838678129
2 0.3545414455045136 0.4742794244494455 0.012290242571527176 0.01967528501000212
3 0.3261662401003442 0.46316569807827473 0.026913627611811642 0.05800790384345049
2 0.5592781781580249 0.5108390150819635 0.11762365787854998 0.15171618294170486
2 0.4988704507264493 0.5058166700355939 0.04359898114039851 0.10441332937325648
2 0.4717333232306379 0.5063292861758393 0.03416588708627568 0.07912621098165479
2 0.4539618647740772 0.49782707451827185 0.03647011107684568 0.06677058514765477
2 0.43926610640486247 0.49145783727230724 0.022522800167687863 0.06120481569378037
2 0.4238573623552484 0.4880774917269423 0.022593723727003124 0.05766936956499578
2 0.40645737988954755 0.4848405878441459 0.01864132696659513 0.028522057645041423
2 0.3918901930517737 0.4831709965002599 0.010952725166047372 0.027060476333853088
2 0.38348940664062503 0.4783057152777778 0.00974807890624998 0.020795897222222238
2 0.37374132734375004 0.4739732375 0.009748078125000026 0.022528894444444426
2 0.34157266953125 0.4739732381944445 0.007798462500000003 0.015596929166666721
2 0.34547190078125 0.47224024513888885 0.007798462500000003 0.015596926388888871
2 0.30696699140624994 0.47483973333333335 0.004874040624999987 0.013863933333333339
2 0.21533505390625002 0.4809052041666667 0.014622118750000013 0.025994874999999952
2 0.203149955078125 0.48263819583333334 0.015596925781250003 0.02599487500000003
2 0.19868326799823707 0.4855788739119447 0.011261400083843886 0.020592274439028873
2 0.18058335515079413 0.48735939891396846 0.01335527123908824 0.02503933116127028
2 0.1697253820683527 0.48615088153525104 0.015122451541161874 0.02974439641193069
2 0.15444205338313594 0.4850068662886383 0.02574034304878612 0.038896518384832275
2 0.12435802744486715 0.4918709577683146 0.04729788035214446 0.054912731837410356
2 0.035580486328125 0.5040061034566397 0.07116097265625 0.07798462777777779
0 0.6588726230468749 0.48263819513888884 0.03021904296875002 0.1195764263888889
0 0.617930693359375 0.48263819583333334 0.018521349218749972 0.08491659444444445
8 0.230444575 0.3673942451388889 0.00584884687499998 0.027727865277777833
8 0.22508313124999998 0.36652775 0.006823654687500014 0.02599487499999999
9 0.4483141296875 0.40811955277777784 0.010722887500000056 0.008664961111111088
9 0.044256276171875004 0.37865869375 0.03704269765625 0.015596929166666643
8 0.3644806546875 0.44451237916666664 0.004874040625000031 0.015596927777777835
8 0.3596066140625 0.43324793194444444 0.004874039062499991 0.013863930555555569
8 0.3727665203125 0.4557768222222222 0.005848846875000024 0.013863930555555569
9 0.426868355859375 0.38385766805555555 0.02047096484375004 0.012130944444444462
2 0.19144379651576598 0.4867228891585574 0.012226662948173405 0.022880304932254347
