2 0.4101171595843402 0.5351492544803511 0.019553321817105118 0.022828422154630188
2 0.3521867867870957 0.5373398641652306 0.01342466871025123 0.034242633231945284
2 0.18698877075710862 0.5694495211688857 0.070917271665023 0.11102914411570129
2 0.07938064753839673 0.5816300520867379 0.15876129507679346 0.19769722639569806
2 0.2736005851274035 0.5772319378125096 0.16197154639542286 0.1961168994193228
2 0.47511848634314446 0.5308809640311374 0.008888794501211095 0.028252036395608117
2 0.48516882821626306 0.5243403213641616 0.015759393703338453 0.04617567208550197
2 0.5060354328419796 0.5219767796427798 0.028308540541182037 0.06796643868764897
2 0.536532778064181 0.5287215407339205 0.054282356089276805 0.09390782749972865
2 0.5548713023067581 0.5397203007910818 0.07468116726148386 0.11387772380438585
2 0.6070123066055382 0.5669995134292527 0.12059505103186466 0.12907281770424406
2 0.871289151171875 0.6819648399458644 0.25742169765625 0.5006622305555557
2 0.007341606640625 0.6471089305555555 0.01468321328125 0.12890616111111117
2 0.380543964463544 0.5390980962587525 0.0493210654789666 0.06796643868764889
2 0.5118722453246976 0.5287215407339205 0.01838595932056153 0.07419237200254804
2 0.4926107641317284 0.5243403213641616 0.015467553079202556 0.05551457205785068
