8 0.16318558710937497 0.22238035555555555 0.022784805468749992 0.09957801944444443
9 0.16793241953125 0.29917357499999997 0.05696200468749999 0.04050631666666666
9 0.16888178515625 0.3751229097222222 0.024683534375000017 0.0708860472222222
9 0.897046046875 0.4139414611111112 0.022784801562499978 0.0405063166666667
9 0.3369196921875 0.33505173680555556 0.020886067187499968 0.046387081944444436
9 0.61281621484375 0.4086797673611111 0.014240501562500008 0.04725736527777779
9 0.6954111171874999 0.37239286111111114 0.016139234375000023 0.011814338888888819
8 0.6825946671875001 0.3884266138888888 0.005696201562500036 0.013502108333333337
8 0.6783414015625 0.3912973104166667 0.0075949359374999584 0.013502104166666681
8 0.5387844953125001 0.41661375486111113 0.005696199999999952 0.013502104166666603
8 0.567265495703125 0.4064871770833334 0.005696200781250038 0.013502104166666681
8 0.129607444140625 0.3296939597222222 0.02658226640625001 0.048945127777777805
0 0.313957188671875 0.4900314472222222 0.017088600781249984 0.10295354444444445
0 0.28672763515625 0.47737322499999996 0.016139234375000023 0.08101262777777778
0 0.2629934671875 0.48496815972222224 0.02183543281249998 0.08945144444444443
0 0.24020866640625 0.48159263124999996 0.018037967187499993 0.09620249027777782
0 0.22786689921874997 0.4832803944444444 0.018037967187499993 0.11983117500000004
1 0.6713158547914709 0.4533960703844795 0.0406333576045582 0.14782620465784796
7 0.6720966714817826 0.49560341804480224 0.04082276953124993 0.12371152777777768
0 0.7791366166771068 0.4402507367217652 0.024358841645786455 0.09790685399908594
2 0.5798304549529945 0.4493723426943207 0.005528497906510932 0.02502427016691418
2 0.5868428669082917 0.4493120742406619 0.013132828086115378 0.033204977679462094
2 0.5425139842654552 0.4528794024070321 0.012876495093410333 0.022496160369619784
2 0.5317844182675443 0.4499570642087472 0.010404695910088612 0.033529114528605596
2 0.5258350690565712 0.45754570654988796 0.00946240687005524 0.03184135202860558
2 0.5184985925031443 0.4543702454556749 0.014212778756288635 0.02885337424468304
2 0.5055004065415123 0.4588239141661966 0.03087025070720406 0.05003804784565197
2 0.4948806514861525 0.46813398949356705 0.024222771803279475 0.050326294295434656
2 0.45032631026389297 0.46885458186797296 0.06974990916847937 0.10272789969583576
2 0.37900369648199767 0.5097843269011024 0.10973207467509724 0.16083661063489443
0 0.8521525203125 0.39086227222222225 0.02650794687499989 0.07207389444444444
2 0.5610311810819305 0.4510703221675509 0.012549146837843495 0.017121316615972642
2 0.4868550343224154 0.4753975783609493 0.014592031206794776 0.05136394984791776
2 0.532755077172618 0.4571233076125805 0.008463378099941021 0.023347249930871783
