2 0.382637141796875 0.5469626513888889 0.022941841406250017 0.04282477222222225
2 0.25836826778171124 0.5752575701155677 0.040529454313422475 0.051491729213309155
2 0.22950034921875 0.5846892361111112 0.040148221875 0.05709969444444446
2 0.18763148867187499 0.5826499625 0.06423715546875 0.07749244166666666
2 0.13371816171875 0.5959052479166667 0.07570807656249999 0.07545316805555555
2 0.053038673437499996 0.5936328916666667 0.104385378125 0.10808156388888884
2 0.5251769828125 0.56793803125 0.028677301562500014 0.07953171805555555
2 0.536647904296875 0.5465256458333333 0.02179474921875002 0.03670694722222218
2 0.56647229765625 0.56080056875 0.06309006406249998 0.07341389305555562
2 0.56475165859375 0.5699773069444445 0.02753020937499997 0.06729606944444444
2 0.5745019417968751 0.57711476875 0.04703077578124999 0.07749244305555554
2 0.6029949213387363 0.593260533109192 0.07419233955247248 0.11453625322606034
2 0.659636354219989 0.6064226968676885 0.10717876000247814 0.15754727293128978
2 0.8202138402343749 0.6211631090277778 0.29021429453124997 0.3181268680555555
2 0.90421781171875 0.7127265423611111 0.19156437656249992 0.40581568472222224
2 0.330171330078125 0.5944486034722222 0.11356211640625 0.1366314124999999
2 0.45176308984375 0.5924093291666667 0.14568069374999998 0.22635950277777775
2 0.05185683203125001 0.7894424520833334 0.10252155312500003 0.4090265597222223
