2 0.45211512304687496 0.4536752027777778 0.009360561718750039 0.018721119444444413
2 0.45270015820312504 0.4609556388888889 0.00819049140625001 0.016641000000000065
2 0.46732603515625 0.4557553284722223 0.007020420312499986 0.018721123611111147
2 0.4608906488281249 0.4640758284722223 0.010530630468749979 0.010400626388888886
2 0.46381582539062494 0.4755165138888889 0.011700700781249917 0.016640997222222214
2 0.44977498281250006 0.4734363868055556 0.011700701562500004 0.0166409986111111
2 0.43712911373401564 0.4586543536180405 0.013591036594468786 0.01619867668052548
2 0.43598657340064745 0.4774249516703701 0.01688584836379503 0.016984366103704296
2 0.4526190891486618 0.49341240510250334 0.025133522038250432 0.02968267090933049
2 0.42227833359375 0.47863669861111113 0.01287077187500003 0.014560872222222245
2 0.42461847539062497 0.49631775902777775 0.02223133359374998 0.02496149583333336
2 0.4430504782256355 0.5242437369618669 0.02165309551377099 0.04337120447928934
2 0.400632035546875 0.4744764513888889 0.032761964843750005 0.03952236944444441
2 0.47555918178507 0.4874781764863174 0.009445872945139922 0.023923330750412534
2 0.6122085019568162 0.5470374584600339 0.053884650773867726 0.1382575974756232
2 0.6650525232555855 0.5612073029052024 0.10972186057367103 0.19118416918959527
2 0.794601630781602 0.5943891241125123 0.263445561638023 0.32211604988998077
2 0.9150884121977558 0.6639775232271271 0.1698231756044885 0.4983958318459371
2 0.37683110121064417 0.5171343976201032 0.026849337420502505 0.047213327637985164
2 0.40963433293689827 0.5352812917730521 0.05638291743629664 0.08874370576832638
2 0.4797439762479471 0.5670931549287982 0.08889491625410581 0.11908544041315203
2 0.2480572344999091 0.5711375354455718 0.19826192800672165 0.24024320178867045
8 0.338150278125 0.4170650125 0.004680281250000018 0.022881372222222276
8 0.30316517929687503 0.4326659451388889 0.005850350781250002 0.020801245833333346
8 0.333001966796875 0.4170650125 0.007020421093750029 0.022881372222222276
8 0.49926893671875006 0.41727302777777775 0.0035102109374999914 0.02080124722222223
8 0.563037760546875 0.41935315277777774 0.00468028046875002 0.016640999999999986
8 0.5057043226562501 0.41935315138888885 0.004680281250000018 0.020801247222222152
9 0.552624143359375 0.44972297708333336 0.005850350781249958 0.01664099861111118
4 0.50171125390625 0.4904366597222222 0.04874039218750008 0.10051351944444444
