2 0.357564075390625 0.5336221951388889 0.009566932031249965 0.021259848611111132
2 0.3289612267362461 0.5331924610463687 0.049549272057030566 0.05833615547553271
2 0.302856242625117 0.5245881027364342 0.013746347562265981 0.037627269527131565
2 0.3729755848108781 0.540235134660873 0.01222817412824373 0.010585177900476358
2 0.24610565591240352 0.5241503569476612 0.10500507985595883 0.12425601116288461
2 0.1778523540060303 0.5212335491738845 0.08203521863746784 0.10208827208218214
3 0.11156789734695627 0.5206501876191293 0.07744124639376965 0.08458742543952237
2 0.040061526953125 0.48918912500000006 0.06338092265625 0.06590553055555554
4 0.4603938695176737 0.503061406610047 0.07889774216034721 0.15742963822009376
2 0.5155991800444332 0.5503172149959702 0.03442176002177222 0.04740398876237803
2 0.6279304487198787 0.630551304828804 0.23387399425812577 0.27682342480968625
2 0.8727283698571643 0.6447109424949993 0.25454326028567154 0.21078934209253913
2 0.979721531640625 0.7307767425662434 0.04055693671874998 0.21241624861111122
2 0.3938288943752742 0.5445363950195834 0.01390160656195163 0.012187359960833217
2 0.4077150366282153 0.5436929690319647 0.008203521863746755 0.010500507985595911
