8 0.7092018890625 0.40699024027777775 0.005998218750000017 0.036255900000000056
8 0.7169995734375 0.49443093958333334 0.00959714999999992 0.019194298611111073
8 0.55684713203125 0.3504736909722222 0.005998218750000017 0.03412320138888888
8 0.5688435695312499 0.35367274027777784 0.005998218750000017 0.036255900000000015
8 0.261134948046875 0.3046206402777778 0.009597152343750004 0.040521302777777796
8 0.253937084375 0.3067533402777778 0.00959715000000001 0.04478670277777776
8 0.244339934765625 0.32061589027777776 0.007197863281249983 0.03412319999999999
8 0.228744565625 0.3963267402777778 0.007197862499999985 0.027725100000000048
9 0.05179711289062501 0.3334120902777778 0.020393942968750002 0.04691940000000005
9 0.21554848437500002 0.3739333902777778 0.01439572499999997 0.008530800000000009
9 0.21374901875000002 0.34940734027777776 0.017994656250000008 0.014928900000000035
9 0.7187990390625 0.45177693958333326 0.017994656249999963 0.019194298611111153
9 0.6582170296875001 0.3398101902777778 0.031190737499999965 0.021327000000000023
2 0.6070441127623336 0.5480872484388011 0.02241711771216721 0.049729716322046535
2 0.5824688164649986 0.5528413234885124 0.041093717531022464 0.07798058757447461
2 0.3695015598195158 0.5203207456853807 0.0999727256734683 0.1294998891847943
2 0.3155905160949874 0.5138510297012752 0.03185917426562419 0.05581768373751864
2 0.4947406554437147 0.6078381589357735 0.19069331843047516 0.2684173909142444
0 0.2473475886479813 0.4872940067787773 0.020592336913263454 0.10236494326045337
0 0.2767303171875 0.49976269027777775 0.00959715000000001 0.06398100000000002
0 0.28812693281249996 0.49229824027777774 0.010796793750000023 0.0533175
0 0.7637856796875 0.5754735409722221 0.01679501406250008 0.08744070138888883
0 0.7817803367187499 0.5648100409722222 0.011996437499999946 0.06611370138888885
0 0.75418853046875 0.5658763916666667 0.01199643906250003 0.06824640277777776
0 0.7409924484375 0.5786725916666667 0.01439572499999997 0.08957340277777774
0 0.722997791796875 0.5829379916666667 0.016795011718749996 0.09810420277777775
0 0.7080022453125 0.5669427416666667 0.015595368750000027 0.0874407027777778
0 0.21494866289062503 0.4795020409722222 0.01319608203125 0.11303310138888886
0 0.20295222499999999 0.48376744027777774 0.020393943749999987 0.12156389999999999
0 0.18675703437500002 0.48376744027777774 0.023992875000000004 0.11729849999999994
0 0.165763268359375 0.48056839166666665 0.020393942968749988 0.12369659999999993
0 0.155566296484375 0.4752366402777778 0.019194300781249996 0.12156389999999999
0 0.127974490625 0.46670584027777773 0.026392162500000003 0.12156389999999999
0 0.100382684375 0.4677721902777778 0.019194301562500005 0.1151658
0 0.07039158984375 0.4677721902777778 0.0359893125 0.14928899999999995
0 0.05959479609375 0.4677721902777778 0.026392162500000003 0.1450236
0 0.030803347265625003 0.44751153958333334 0.04558646484375 0.1940756986111111
0 0.014202030078125 0.4560423402777778 0.02840406015625 0.17274869999999995
7 0.8267669765625 0.6063976916666667 0.05878254375000003 0.06824640277777776
3 0.8297660863281251 0.5573455909722222 0.05758290078124997 0.14075820138888884
9 0.45800406093750007 0.4253547923611112 0.01973516562500004 0.015254234722222215
9 0.4584330863281251 0.44823614375000004 0.020593216406250024 0.03661016249999997
