2 0.06006884336853927 0.5534623244403788 0.11857839767457853 0.1200667183252021
2 0.18657546597437405 0.5353196559593962 0.07077722502731587 0.08636589720624473
2 0.2964485946093349 0.5391101260240065 0.048704637656169815 0.08027402427023528
2 0.32511216992187497 0.5419402409722223 0.017152200781249995 0.05544145694444443
4 0.342654193359375 0.5260008243055556 0.024169010156249993 0.04296712916666665
2 0.5725416134335571 0.58660085025304 0.06960444657038574 0.08654914495052432
2 0.620207985546875 0.6069578571692092 0.09901497734375005 0.11945132732824817
2 0.536785919921875 0.5784527396536175 0.055354828906249945 0.08775523458165371
2 0.51183726328125 0.5627307895833333 0.025728300000000016 0.06098560416666672
2 0.407133696573871 0.544981803183862 0.01746970096024203 0.03272589918783161
2 0.37000993083806843 0.539042323942424 0.008794803109903127 0.014890671932111132
2 0.38278333535483255 0.5368087231526074 0.01675200592362507 0.026803209477800037
2 0.42235994934939675 0.5546775294711408 0.029734810514434516 0.040204814216700094
2 0.47047470617630854 0.565629461793887 0.07570830639738287 0.10231349307889274
2 0.7344542420399401 0.6354824913126457 0.17146562529511966 0.1704520604030691
2 0.24541688678110707 0.5405313911356351 0.08124722872958152 0.11614724107046699
9 0.574988548046875 0.3776949256944445 0.03040617578124998 0.0790040791666667
