2 0.924806115234375 0.7133277597222223 0.14887039765625013 0.4450314722222222
2 0.8243695492097194 0.6104835208333333 0.1585338406430612 0.20881311666666671
2 0.6192018302756074 0.5848199586422153 0.08203521863746781 0.12075584183435271
2 0.5521585462152874 0.5789534449036708 0.04483225024307478 0.06702078241488038
2 0.5746640132077647 0.5562999788545172 0.02380482670947055 0.040381420068743526
3 0.24695071406250002 0.4077405493055555 0.49390142812500004 0.8133999374999998
9 0.696094063671875 0.3882654888888889 0.031855882031250005 0.02755103333333327
8 0.691940033203125 0.41901369375 0.005463135156250054 0.029136715277777763
2 0.5050088059322521 0.5153999336263314 0.01509448022929405 0.0192509313069258
2 0.4882736213302087 0.5270671647214379 0.021657297720291523 0.03441833173056423
2 0.47439434609375 0.5206635090277778 0.017219396875000025 0.026020420833333287
2 0.5187907226633467 0.5086912757466451 0.015750761978393868 0.023334462190213085
8 0.5228956515625 0.4801022652777778 0.010331637500000036 0.039795936111111034
2 0.537245139453125 0.5017859548611111 0.017219394531250033 0.019897968055555597
2 0.59967744823989 0.4879819405528309 0.01345377585654468 0.01808420819741509
2 0.6216607788585792 0.47215682142950843 0.010824432907841519 0.00976843214098311
2 0.6190377598383324 0.4879819405528309 0.020016593347542154 0.02275110063545777
2 0.6438123958668477 0.4739812632387031 0.013125634981994861 0.02158437752594706
2 0.6492267202969206 0.47777311334461275 0.016735184602043505 0.018667569752170484
2 0.6472578750496213 0.4897320252170969 0.015422621103843959 0.02741799307350037
2 0.6538206925406188 0.4938155561003842 0.017391466351143147 0.028584716183011002
2 0.6604383277720929 0.5052236418081643 0.021875803113887836 0.03143645317668542
2 0.6238528348157554 0.5087880254123035 0.027021616305989225 0.0328617463976152
2 0.5940990533725421 0.4973157254289163 0.017391466351143237 0.020417654416436507
2 0.5890128698170191 0.5197751452869963 0.02362614296759071 0.033834970175809
0 0.68274903125 0.4757655215277778 0.006887759374999991 0.022959195833333328
0 0.7093779196397246 0.4840394799959989 0.008896724218749963 0.0336734972222222
0 0.8248090429687501 0.4867349125 0.018941334374999917 0.036734711111111075
0 0.8093115874999999 0.4783165409722222 0.010331637500000036 0.019897968055555517
8 0.802854314453125 0.4568879618055555 0.018080366406249927 0.026020420833333367
9 0.7112257675781251 0.44660118125 0.016059288281249983 0.012235648611111098
9 0.70893158515625 0.4554380395833333 0.022177114062500003 0.01359516527777779
2 0.9006005407120284 0.49226516695408534 0.050241374825943194 0.04065133831405166
9 0.509377194921875 0.5781180659722222 0.022334574218750004 0.0370588486111111
