9 0.9369470269531248 0.11504833263888889 0.045100999218749924 0.054074584722222215
4 0.40937022109375 0.3602485972222222 0.007342023437499989 0.018646408333333357
2 0.389441872265625 0.36863948194444446 0.013635186718749992 0.020511049999999958
2 0.38367313984375 0.3788950055555555 0.008390884375000018 0.026104972222222262
2 0.37790440859374996 0.37982732638888894 0.009439743750000007 0.027969613888888904
2 0.3653180828125 0.3826242875 0.02202607031249997 0.02983425555555562
2 0.34329201249999997 0.3844889284722222 0.03041695312499999 0.041022098611111106
2 0.3394865815898931 0.39874526485944156 0.040125535257713806 0.04715908249666083
2 0.447653627734375 0.38169196666666666 0.07132251015625002 0.050345302777777726
2 0.47702171992187503 0.3966090923611111 0.03985669609375 0.05780386527777779
2 0.18421099593184204 0.44603809744186973 0.14719778157381586 0.15286850233848265
2 0.5525396726562499 0.4208494229166667 0.0922997203125 0.12120165138888891
2 0.0187745953125 0.59146405625 0.037549190625 0.23494474027777779
