9 0.4284874634875351 0.45139112345768384 0.06174083010007014 0.06278254135981211
9 0.20379940351562498 0.5179510597222222 0.01053063203125002 0.016640997222222214
9 0.329581946875 0.5283516840277778 0.00936056093750004 0.02496149583333336
9 0.47095562770807947 0.5396884173922761 0.0070204187499999906 0.02496149583333328
9 0.5039224 0.5325119326388889 0.016380981250000027 0.02496149583333328
2 0.08944768963974137 0.5877767164137387 0.17889537927948274 0.1646128078274774
2 0.18917364562484068 0.5682657633789456 0.06660313763873409 0.06520886905692491
2 0.22239531669161688 0.5661982242999044 0.014960492758233768 0.03247340973352442
2 0.30622070827144915 0.5526944408653198 0.011261400083843931 0.01372818295935253
2 0.3292261398713017 0.5524084370536667 0.012226662948173362 0.0131561753360462
2 0.4309184077108544 0.5646664086460409 0.0126199845782911 0.022706456180970808
2 0.439898142152168 0.5656030520444122 0.017040181179335968 0.029503501466731072
2 0.4559867559116947 0.5698672540965805 0.028007217864110513 0.03345584458461685
2 0.5145387389484053 0.5983279340454744 0.08397786919666475 0.10524940268836992
2 0.37228950703125 0.5768078105771763 0.08307497968750006 0.13606171495675848
2 0.26626955042201395 0.5622914537771737 0.07736403296146643 0.09724129596208099
9 0.4419042479539946 0.4149416120017135 0.03587868221701083 0.017616478774350953
