2 0.061209099609375 0.5296287416666666 0.12241819921875 0.1615240194444444
2 0.82010630234375 0.6979537673611111 0.3586470703124999 0.24313614861111116
2 0.702948258984375 0.6273932763888889 0.21614463359374997 0.16662477222222222
2 0.580051862109375 0.5398302590277778 0.014345882031249957 0.04590682916666672
2 0.64699931640625 0.56788443125 0.140589653125 0.11561719583333338
2 0.3938088609900404 0.5271577422258463 0.019467845576004318 0.026560781561060055
2 0.46002464257812503 0.5143264659722222 0.015302275781249985 0.018702779166666596
2 0.3734355342244545 0.5271577422258461 0.0330500634197282 0.053926435290637266
2 0.33491841808709655 0.5245279805555556 0.06658514663830695 0.0629093527777777
9 0.30748008828125 0.48372191736111114 0.01625866562499998 0.018702779166666676
2 0.3154205517761056 0.528828264073419 0.08378477230221124 0.07491042259128243
2 0.22687761801017653 0.5187555010868856 0.10945405008285305 0.12957601884043812
2 0.14393702460937502 0.5270783631944445 0.11572345546875003 0.13942072916666667
2 0.48528529397933945 0.5370192135246978 0.03330624264617885 0.0402847381605069
2 0.5236546133985733 0.5436392077543213 0.033533504922146753 0.03992270439753156
