2 0.889603555859375 0.5346132458333334 0.11926904453125005 0.07322032499999993
0 0.93379316640625 0.4987657944444444 0.008580506250000041 0.013728808333333358
2 0.7724083281393892 0.5343549471267007 0.12170057971627832 0.0696528803645125
8 0.6901067703124999 0.22876584722222224 0.013728810937500047 0.056440669444444445
8 0.326722305859375 0.30885057638888885 0.009438557031249984 0.03661016111111112
8 0.309990318359375 0.3119014236111111 0.008580507031249995 0.042711855555555546
8 0.20794619412326482 0.44444841455023704 0.012140524184029644 0.02102623187825172
8 0.6999743542968749 0.23563025069444446 0.0042902539062500186 0.04881355138888889
8 0.21860791992187503 0.44385055208333335 0.0077224554687500115 0.019830506944444437
8 0.6163144125000001 0.45071495625 0.013728810937500047 0.018305079166666696
9 0.21260156523437498 0.3675793784722222 0.01801906328124998 0.01067796249999999
9 0.22761745195312502 0.39656242569444444 0.006864405468750024 0.013728809722222164
0 0.35375090351562505 0.5193590125 0.024025419531250015 0.06406778611111111
2 0.4560860989786214 0.5233752247861209 0.04244820516775709 0.05684597735001968
2 0.30483554401095836 0.5244761112863311 0.046321797396916775 0.05904775035043986
2 0.4378398703125 0.5201217236111111 0.013728810937499957 0.03813558611111113
2 0.4309754640625 0.5185962999999999 0.010296607812500014 0.03508473888888888
2 0.43011741367187495 0.5124946055555556 0.02230931796875 0.03813558611111105
2 0.313813700308052 0.5138775412488302 0.03525577125889603 0.05672564250233963
2 0.33170074948273276 0.5164561509656758 0.0114943822845345 0.05461927306864843
2 0.3807908472417695 0.5069911419158605 0.009461252296039025 0.014925269942832229
2 0.36104433242187495 0.5086810472222223 0.009438557031249984 0.021355927777777752
2 0.3709119171875 0.5048674895833334 0.006864404687500025 0.019830506944444437
