9 0.49511954542371345 0.07160539930555555 0.06737265759007319 0.05537484027777778
9 0.4573794859375 0.14130132291666667 0.15574174531249999 0.12220654861111113
9 0.2560498857652015 0.16091238896629095 0.1395093565945969 0.09042738813288202
9 0.35802699453125 0.22436358611111112 0.03437059062499999 0.02482320277777781
9 0.5597800023297342 0.4280448236747829 0.011108414034468517 0.025604150757522683
9 0.5854531015670366 0.43358615430232955 0.01396305 0.011456865277777773
9 0.583315158543442 0.4502965563032938 0.013067326461883865 0.020324065384365438
2 0.45881160585937497 0.46495773055555556 0.007518564843749953 0.03246111388888882
2 0.4485366991977939 0.4677856107608831 0.018275020279660926 0.038128017099903544
2 0.44373152351953193 0.4745923130971271 0.017466661354533387 0.03758907238870353
2 0.42304731928390016 0.47241323643691246 0.030030400223583786 0.07463337561235335
2 0.3446856682684988 0.45195413518269023 0.036465485985780345 0.04194722570913293
2 0.327985088552322 0.4737449017848372 0.04657776361208921 0.07681245227256812
2 0.5510850908735334 0.4893313547433213 0.014402334801106509 0.0370443032236499
2 0.23152972052933557 0.47979281053593986 0.17520573324617114 0.21616242940521319
2 0.3862073024190161 0.4740778098093007 0.0663256500015438 0.09321605897863271
2 0.4940856100549581 0.4909063728988173 0.07731713457758368 0.1524167875356987
2 0.539188662109375 0.4888261944444444 0.01718529609374997 0.09165491111111111
2 0.5523108214949041 0.47843597144224786 0.017466661354533473 0.04031291821397195
