8 0.035814758203125 0.5039274680555555 0.009941464843749998 0.03262839444444449
8 0.0289322078125 0.5148036006944444 0.008412009375000005 0.027190329166666694
8 0.5499852429394337 0.31337723377975246 0.014493207871132351 0.05575752311506044
8 0.33507834140625 0.33172203472222217 0.017588740624999977 0.05438066111111112
8 0.0786395296875 0.3802114638888889 0.013000376562499994 0.05347433055555556
8 0.873064537890625 0.4570241479166667 0.010706188281250029 0.028549845833333306
9 0.6534601222656249 0.46019634791666664 0.013000382031250002 0.020392748611111088
9 0.464342871875 0.5383685486111112 0.013765110937499969 0.024471297222222195
2 0.526362331640625 0.5533232312499999 0.006882553906250077 0.01359516527777779
2 0.5336059371086119 0.5526383612088668 0.01074881484527639 0.01768393313782192
2 0.5518148932952653 0.5466982966820221 0.01496290690303086 0.022097565586266337
2 0.5656120129313049 0.5533419112292939 0.01556218351239016 0.0326657613474766
2 0.5808919325427034 0.5554432682606666 0.02662152602290675 0.03958750874355543
8 0.28885002968749995 0.5649056708333333 0.014038143749999987 0.025830813888888887
0 0.486319244921875 0.5676367431835041 0.015294560156250015 0.06762674974410308
9 0.5508081843354318 0.27253399891335045 0.012478662643921367 0.02307166071053908
2 0.5578371436261014 0.5551529405939473 0.009338899972348625 0.023866077707113378
