2 0.167576716796875 0.5941959201388889 0.03948382890625 0.0587666291666667
2 0.198796488671875 0.5884824979166667 0.032138000781249995 0.04733978472222226
2 0.21762017499999997 0.5860338888888889 0.03121977187499998 0.03917775277777772
2 0.238739432421875 0.5852176854166667 0.020201028906249974 0.03428053472222222
2 0.25664488984375 0.5844014819444444 0.021119257812500035 0.029383313888888866
2 0.5175136363281251 0.5623639958333333 0.016528114843749987 0.034280533333333335
2 0.52899149375 0.5615477923611111 0.02479217187499998 0.03591294027777773
2 0.5435217584881633 0.5685780231727485 0.026951414273673358 0.04997340190105264
2 0.5685641413805583 0.5668655299208545 0.020941620363883473 0.051395967936069
2 0.59877686640625 0.5770556534722222 0.06152131562500003 0.08978235138888885
2 0.663879267578125 0.5978688347222222 0.09549577265624994 0.15018138611111115
2 0.7502899558095434 0.6133766951388889 0.1562932616190868 0.20405079583333338
2 0.32055360507812497 0.6178658131944444 0.12579731640624997 0.15834341805555552
2 0.8873932527343751 0.6638222384011411 0.22521349453125 0.4750302555555556
9 0.706301439453125 0.4285066736111111 0.044074972656250024 0.08325272499999999
9 0.9064752710937501 0.37463726319444446 0.0257104 0.05713422361111107
