2 0.6976790766947133 0.4898155921539206 0.015321632767134562 0.03813384155375724
3 0.7317492506961933 0.46444178124999996 0.03053096701738669 0.034659834722222234
2 0.715724563599634 0.5066685747600211 0.04719062892277455 0.05454663952649423
3 0.5895764288793393 0.480493976281036 0.060673665757853004 0.07578344569691511
3 0.6584371227455135 0.46071072589280543 0.06540328107147309 0.13810918789672194
2 0.31632514609375 0.4817716993055555 0.08090905156249999 0.06238770138888891
2 0.25930886676804854 0.4654346462346906 0.09356159146390289 0.0921012980249367
4 0.470428526621966 0.4490621909722222 0.14684271418143197 0.2765623097222222
8 0.7330555000000001 0.40898604722222226 0.005848846875000024 0.02079590000000001
2 0.7315398851100807 0.49226705339666216 0.01378946949042108 0.025604150757522683
2 0.7398135668043334 0.4919946688141353 0.01501520011179185 0.028327996582791018
