8 0.37635315429687505 0.3405007840277778 0.012757735156250005 0.032989695833333325
8 0.4588579984375 0.3057732458333334 0.005798970312500007 0.03505154999999998
0 0.052190730078125004 0.39415813958333334 0.013917527343750003 0.05567011250000004
0 0.063208773828125 0.40446742013888887 0.012757735156250005 0.06391753749999998
9 0.098002593359375 0.3525773763888889 0.02667526171875001 0.061855680555555556
9 0.087564447265625 0.39278357013888887 0.01971649765625001 0.026804129166666732
9 0.30328613320312503 0.34020624166666663 0.01971649765625001 0.02886598333333335
8 0.31894335234375 0.19072167986111113 0.01623711562500003 0.06391753750000001
9 0.721391871484375 0.30515469166666664 0.019716497656249922 0.039175266666666646
9 0.8087243812499999 0.23484539722222222 0.024355673437499982 0.05154639999999999
9 0.947551701953125 0.12130585763888888 0.04871134609375005 0.07216495972222223
9 0.94929139453125 0.19037803680555554 0.05682990624999995 0.06597939305555557
0 0.74203622578125 0.48041245000000005 0.05335052500000002 0.2515464333333334
2 0.43318306171874993 0.4371134743055555 0.03363402500000001 0.04948454305555556
2 0.45272934157575123 0.44928840609651105 0.021695650339002448 0.11173263225142244
2 0.8180027339843751 0.4918111483391797 0.20760312734375005 0.2576150227660849
2 0.9163201222656252 0.5294551659722222 0.16585054296874996 0.3608248013888889
2 0.09075344035794078 0.6179561719262665 0.18150688071588156 0.46934710288185816
2 0.3421510265953045 0.49129147511615356 0.17167310319060897 0.24326029745452923
4 0.5613402984375 0.3861230869527915 0.20412374531249994 0.3241361461278053
