9 0.41916737460937503 0.25561627986111113 0.007798463281250001 0.02252889305555554
9 0.193499357421875 0.22514565 0.010722886718749991 0.01704336944444442
9 0.048740391796875 0.05718872708333333 0.09748078359375 0.11437745416666666
2 0.43967399165479454 0.2657988311198086 0.0507613129970891 0.054153540538160565
2 0.595528057583758 0.292567543260831 0.07391683180257917 0.13349353750589263
2 0.7130775729710939 0.26753676063590026 0.10041647562968778 0.07756370460513386
2 0.309014087109375 0.2599487583333333 0.029244235156249986 0.027727866666666677
3 0.22867243918476268 0.25421132647093403 0.040127120557025366 0.03128754785294363
2 0.36604034609375 0.2505142003608434 0.09260674687500003 0.09512075205609105
2 0.517518388962514 0.3463517151688274 0.16202725644997198 0.2569760391067897
6 0.303165240625 0.2876766277777778 0.0682365484375 0.07278565277777777
0 0.8843895147210239 0.32292127516124763 0.025822601317047854 0.07742126421138412
