2 0.208249753125 0.4609074222222222 0.014724729687500026 0.0186980694444445
9 0.463303112109375 0.3510562611111111 0.026294161718750077 0.035526330555555555
9 0.519572616015625 0.39219201527777775 0.012621197656249982 0.02056787777777779
8 0.5227279152343749 0.45015602986111114 0.006310599218749946 0.01682825972222225
2 0.647625178125 0.48007294375 0.030501226562499983 0.024307490277777788
2 0.6057767181949376 0.478272767096174 0.04409270045237532 0.05062405085901476
2 0.9743109639937442 0.4997059173611111 0.039742504825011696 0.052354595833333344
3 0.8180113398437501 0.41369479583333335 0.312374628125 0.26177297777777775
2 0.48113470798787067 0.5156383173990378 0.1145456737882414 0.1590116736869644
3 0.9789646714843752 0.4450140625 0.04207065703124986 0.6880889694444444
