2 0.339539255859375 0.5353096347222223 0.00917673671874999 0.018353474999999973
2 0.3601869125 0.5312310875 0.009176735937499991 0.01427492499999998
2 0.37165783398437496 0.5291918118055556 0.009176736718750033 0.0101963736111111
2 0.33039711319529197 0.5358878977667417 0.013834293578083879 0.023588545533483322
2 0.3200882387030562 0.5398122065473885 0.018254374156387598 0.02566252857188971
2 0.3953493579350053 0.5321415116152183 0.01685410444248938 0.020611171214007996
2 0.40699364463870696 0.5248321564160096 0.010112277626308864 0.020156459106985932
2 0.4180252202310438 0.5308246172315999 0.014402334801106509 0.02451461242741541
2 0.48575495519742606 0.540354827458025 0.010400906792647912 0.01234164508394989
6 0.5699885289475699 0.5486524961484466 0.027762678042360368 0.03280354507467093
3 0.5141429360245899 0.5587288749081749 0.04443273502469038 0.06482753064138727
2 0.297942831640625 0.5465256465277778 0.027530210156249967 0.036706945833333296
2 0.38133744368132394 0.5720566817566982 0.05836035298764788 0.07497415965031533
2 0.2636427027298384 0.5680079334689963 0.04932495859374999 0.06933534305555555
2 0.12023983090854831 0.5856571561066986 0.08447513994209663 0.10273431499117475
9 0.50873533515625 0.42726358990886176 0.03326566875000001 0.05513145759550113
9 0.8097101605574112 0.13373695038882438 0.10280194294538605 0.0553893202220932
8 0.5459438526596336 0.2189442453008179 0.02298244915070189 0.08280491308815852
8 0.657556197265625 0.3844033 0.012618011718750034 0.050981869444444466
9 0.552242902734375 0.4426683055555556 0.020647657031249978 0.03466767500000003
9 0.4809167204386059 0.48964576767675705 0.009917416935288336 0.018787820202041415
9 0.575840222265625 0.44354226875 0.022941841406250062 0.032628395833333296
2 0.4342661509642065 0.5498915380084785 0.034626890053724234 0.058290300660743255
8 0.00551578545827283 0.44136141065388856 0.01103157091654566 0.05066353234999173
2 0.34880548455968485 0.5354248643197755 0.016240930733162663 0.02669368908763011
