2 0.464498594104383 0.6896772383795701 0.01118180554123418 0.011972678796415438
2 0.43835295175913175 0.6951082796959308 0.013440219143263477 0.01878737328075033
2 0.4113666714389656 0.6967188190126141 0.01125936962206886 0.017787486974771758
2 0.38037349828909367 0.6985459284050476 0.015963034618848758 0.021441705759638868
2 0.2845558717664539 0.7094069274293675 0.03157133513505648 0.03279319704415361
2 0.5281256080310817 0.6930056937950705 0.021194512793856025 0.02425382189186149
2 0.49633213916240015 0.6978802630870056 0.027314525903363494 0.04099149630519187
2 0.569162519140625 0.7032073416666667 0.04218751953125004 0.06428574444444435
9 0.514921423046875 0.5991256611111111 0.03874363984375 0.0642857444444445
9 0.42236717148437497 0.6488705791666667 0.018941335156250006 0.04132654999999998
9 0.548068758984375 0.669533854861111 0.01205357734375001 0.03367348472222223
9 0.649663203515625 0.6435134333333333 0.05682400390625002 0.048979613888888926
