2 0.3952546001743829 0.368961281354392 0.005891444098765719 0.013739845624549298
2 0.3824988849715476 0.37057167371627125 0.011205856619404786 0.017998285900790893
2 0.33235819101562497 0.37625609869984766 0.03576005859375 0.03450631406636191
2 0.30792883485566586 0.3718324407760706 0.024764936898831726 0.030435212892303394
2 0.2912578942613416 0.37487629558111096 0.016665449460183092 0.03922593282888857
2 0.2592264450922775 0.375572053970515 0.01360500424705493 0.03791443928119228
2 0.23720284901235314 0.37705435807189386 0.03897439646220624 0.04732167447712104
2 0.204042686328125 0.3758312034722222 0.04207065703124999 0.052354595833333344
2 0.16883770314968224 0.37665830334749445 0.04528433911186451 0.06148802336165555
2 0.13271296459878165 0.3811577207977042 0.045896933302436695 0.06787885562681394
2 0.03706375703869166 0.38343986526466045 0.07412751407738331 0.08201264169290129
2 0.4663027508636059 0.37062318428844193 0.011880751397788191 0.012451866629798284
2 0.47592430976562505 0.3702217826388889 0.00946589765625001 0.014958456944444422
2 0.48644197304687503 0.3702217826388889 0.013672964843750001 0.018698068055555614
2 0.49485610507812494 0.37302649374999997 0.00946589765625001 0.024307490277777788
2 0.501692587109375 0.3758312027777778 0.010517663281250034 0.02617729722222219
2 0.511158484375 0.37957081875000004 0.014724729687500026 0.02991690972222227
2 0.51957261640625 0.38237552916666667 0.014724731249999934 0.035526330555555555
2 0.5306161632812499 0.3861151430555555 0.026294160937499988 0.043005558333333326
2 0.5516514921875 0.39359437013888887 0.034708292187499976 0.0617036319444444
2 0.5812480113717131 0.3999286716075465 0.05334596944407384 0.07517814477740706
2 0.6772657117548968 0.41037861218953103 0.14739103742770618 0.18502284660128432
2 0.789561071875 0.4627772291666667 0.23286111250000002 0.21876741666666666
9 0.5553326746093751 0.25850081597222224 0.016828263281249978 0.0299169125
9 0.64999165234375 0.22671409583333332 0.01682826249999998 0.02617729722222219
9 0.65262106953125 0.28280830625000003 0.019983560937500044 0.07853189305555554
