9 0.0592792890625 0.28013841041666665 0.022010876562499997 0.01778656527777779
9 0.24837271562500002 0.3183795277777778 0.020009885937500017 0.016007911111111085
8 0.10855363437499999 0.27302378541666666 0.009004450000000008 0.030237159722222233
8 0.218107762109375 0.3068182590277778 0.010004942968750008 0.023122534722222216
8 0.268632726171875 0.31482221388888887 0.007003460156249997 0.024901191666666694
8 0.164581316015625 0.37381433194444447 0.007003460156249997 0.016007911111111165
8 0.20660207773437503 0.3755929895833333 0.007003460156250041 0.0160079097222222
8 0.22711221171874998 0.3800396298611111 0.008003954687500014 0.014229248611111068
8 0.04191135925985064 0.27031685073273554 0.01053654195720129 0.03260190686786228
2 0.17944211517006373 0.41168477013290206 0.007910820965127453 0.014733445845307043
2 0.1722837249499438 0.4095341641568448 0.01040793603761241 0.015477341130754734
2 0.160479289453125 0.40580696216904955 0.02000988671874999 0.01937442843967866
2 0.1366431007275355 0.40122260523727626 0.030366179580070995 0.0392150811921141
2 0.08794345078125 0.4048222375 0.073036084375 0.09249014444444441
2 0.20850301679687497 0.41294604416451475 0.012005930468750004 0.012210886670970368
2 0.192562199835336 0.4038017900742113 0.021876689391827984 0.03049940596268854
2 0.22259586449648303 0.40439253841788325 0.013835071007033939 0.027599107391322045
2 0.23701710507812498 0.4021542513888889 0.025012357031249977 0.048023727777777796
2 0.276536631640625 0.40749022361111115 0.01800889921875002 0.03023716111111112
2 0.252024519140625 0.4101582069444445 0.04502224453124999 0.06047432500000001
2 0.42310905000000004 0.40837954930555553 0.031015324999999993 0.035573129166666696
2 0.4627776253289454 0.4355097209661352 0.07833665690789075 0.0844748719566186
2 0.5349846986877493 0.43617290861754837 0.11076298651556868 0.1365081938760144
2 0.6398552101311676 0.44447539964271465 0.18581367036266486 0.1910494812701262
2 0.3611150061906539 0.44228900005050964 0.13513994050630776 0.1555013029574794
