2 0.20849349765624997 0.43866521666666664 0.14537161250000002 0.1632242666666667
2 0.4784023895409305 0.4272929959592752 0.06270929279313889 0.08674431256583309
2 0.5887315099606493 0.41478533651146754 0.09200028951996506 0.1251501914117744
3 0.343822992578125 0.37660599097222225 0.12720016171875 0.23973564305555553
3 0.2709469655220159 0.3876577155957388 0.049156439268468154 0.18022662991963345
3 0.41650879765625 0.3868075083333334 0.018171451562499996 0.1479219916666667
3 0.4298982890625 0.3902080125 0.02199702031249995 0.10371541944444446
2 0.44998223444206004 0.4053956193113356 0.010519732946620142 0.025733130821773247
2 0.50354048828125 0.3995594013888889 0.018171451562499996 0.03740556111111112
2 0.5238195110947906 0.4184785996126896 0.038822504372918676 0.05057475077462096
9 0.007172941796875 0.1615240138888889 0.01434588359375 0.027204044444444443
9 0.02056243203125 0.1980794486111111 0.031560942187499996 0.03230480277777777
9 0.017215059765625 0.22547144981395886 0.03443011953125 0.027204045833333346
9 0.015302274609375 0.27969158194444443 0.03060454921875 0.04250631944444447
9 0.9721726593749999 0.036555434722222224 0.04495043281250002 0.06630985833333333
9 0.97360724765625 0.1615240138888889 0.0439940406249999 0.027204044444444443
9 0.97121626796875 0.26013867430555554 0.021997020312500126 0.017002526388888918
8 0.9889095234374998 0.26353918125 0.021040628125000006 0.05100758194444444
0 0.6489121003906251 0.40466016111111114 0.01625866796875002 0.06801011111111113
9 0.6435836273437501 0.2810274944444444 0.014345882812499955 0.034005055555555566
8 0.6670835523437499 0.0382556875 0.014345882812500044 0.06971036388888889
9 0.016258666796874998 0.031454677083333334 0.03060454921875 0.06290935416666667
8 0.4985003280012794 0.3434510611111111 0.008091131002558694 0.027204044444444422
