9 0.16732445390625 0.31112863541666663 0.06652771874999999 0.1044198847222222
9 0.33544180117187505 0.4464095440717447 0.07072316328124999 0.0661390368565105
9 0.4154548699218751 0.45657061944444444 0.07371990703125002 0.07778215833333332
9 0.5415467038112297 0.5153586100021398 0.018637402934959458 0.04331588832905382
9 0.2743015924324773 0.5111671835406324 0.017567634864954627 0.04104363847429068
2 0.07457975976130449 0.5183283624953914 0.009589580468750015 0.00958958055555562
2 0.09949190546875 0.5423440944444444 0.021576557812499998 0.022375688888888905
2 0.113576603125 0.5609905034722222 0.0341628828125 0.042620359722222174
2 0.29162574514438566 0.5601667868938005 0.013270754351271341 0.02179376545426758
2 0.29907506562499997 0.5577939770833333 0.010188928125000007 0.014917126388888926
2 0.31254811818521194 0.5597227855440843 0.020402454254576163 0.030238665022942653
2 0.3224496703125 0.5615232569444444 0.01018893125 0.03089976111111115
2 0.3750152020146277 0.5676336239520402 0.02626565617223071 0.03787442766563637
2 0.4675449070879109 0.5710060044976105 0.04932106547896664 0.06225933314899134
2 0.06712706796875 0.5622691118055556 0.04794790625 0.05220994305555556
2 0.20076776214403105 0.6004445466913522 0.17863414289943788 0.2230571955061846
2 0.5288054824218751 0.5958326597222222 0.07971339296874999 0.1022888638888889
2 0.406837997265625 0.5851775708333333 0.05154399921875004 0.07458563055555559
2 0.338512229296875 0.5702604472222222 0.03596092890625 0.0554064694444445
