2 0.5254915808593751 0.47225034513888886 0.01754562890624998 0.03992605416666666
2 0.530053444140625 0.47599341319444444 0.012632852343750046 0.029944540277777775
2 0.5370716957031251 0.47100265625 0.01122920234375 0.04242143194444444
2 0.5517250687450016 0.47055435257631756 0.032114048427503136 0.04651558015263512
2 0.563741051953125 0.4772411034722222 0.02526570546875 0.03493529583333333
2 0.49873720847165404 0.4745783355831787 0.03562304975580792 0.04774696216697605
2 0.46688918046875 0.45665423055555554 0.018247454687499953 0.016219961111111066
2 0.4725037824218751 0.47225034513888886 0.022458405468749998 0.03493529583333333
2 0.430043360546875 0.4678834326388888 0.009123727343749976 0.01871533749999996
2 0.4454835140625001 0.4734980340277778 0.035793081250000025 0.04990756805555555
2 0.42313038398437497 0.46039729861111106 0.00772007734375002 0.012476891666666667
2 0.4182176082031249 0.4672595895833333 0.007720077343749932 0.01871533749999996
2 0.39400463984375 0.46725958888888897 0.046320459375000046 0.06612752500000003
2 0.327331250390625 0.4529111638888889 0.03789855703125 0.027449161111111113
2 0.3167264119914326 0.45744538963375003 0.02932173335786521 0.026536101489722342
2 0.29149565515786213 0.47314691632272904 0.02033690610441332 0.036849778582355774
2 0.255745086328125 0.46202178338276795 0.08702631953125 0.07161237767890856
2 0.11483613984375 0.6535190983468673 0.2296722796875 0.4529111597222223
3 0.64901280625 0.40986588680555563 0.14668145781249997 0.18216261805555556
2 0.690069578515625 0.505314107638889 0.19089644140625 0.21585022361111114
8 0.092063372265625 0.2607670326388889 0.02596753046875001 0.0723659736111111
8 0.42858853046875006 0.21335484583333333 0.015440153124999956 0.052402944444444446
8 0.593517441015625 0.24454707569444445 0.01122920234375 0.04491681249999999
8 0.272081523828125 0.36557292222222215 0.011229203906249995 0.027449161111111113
9 0.332438486328125 0.24142785208333334 0.058953313281249996 0.026201473611111106
9 0.2605014078125 0.30194077569444444 0.01894927968750002 0.01497227083333333
9 0.27488882382812496 0.3399952951388889 0.02666935546875 0.0187153375
9 0.329631185546875 0.38865517222222223 0.01684380390625 0.03867836388888893
9 0.379811683984375 0.21148331180555557 0.01614197890625002 0.04117374305555555
9 0.093467023046875 0.10542973472222222 0.03158213203125001 0.06363214999999998
8 0.444730510546875 0.40882614444444443 0.0042109507812500445 0.017467644444444454
8 0.493858270703125 0.41880765625 0.005614600781250001 0.01497226805555556
0 0.902430157421875 0.4636074965277778 0.02596752890624998 0.09981513194444444
8 0.13322979375 0.029054258333333336 0.027371179687500004 0.05810851666666667
8 0.412556203125 0.21095044097222224 0.01052737812500002 0.04616449861111111
2 0.29501550429131823 0.45924133949919854 0.02581222697867851 0.024334759441178338
