9 0.36881942578125 0.0891274486111111 0.02524239374999997 0.01869806944444445
9 0.37407825781250004 0.11810945347222221 0.0357600578125 0.03926594583333334
9 0.53920558671875 0.12029090763888889 0.02944946093749996 0.052354595833333344
9 0.5376279359375 0.17077569444444443 0.01998356250000004 0.04861498333333333
9 0.25102158554687504 0.0800900548611111 0.058898921093750015 0.1065789986111111
9 0.7832154011718749 0.31475083263888887 0.012621197656250072 0.04861498194444446
9 0.897857942578125 0.21596270763888886 0.010517664843749941 0.02430749305555556
0 0.6717281578125001 0.3172438979166667 0.010517665625000028 0.05609420972222223
0 0.64964106171875 0.31412757430555555 0.00841413124999999 0.03739614027777781
0 0.661210492578125 0.3206718965277778 0.012621196093749986 0.0617036263888889
0 0.6899587773437499 0.3216068006944444 0.022087095312499992 0.05796401527777779
3 0.641051637890625 0.30945305624999997 0.016828263281249978 0.0710526652777778
3 0.6105504125 0.2935596958333333 0.048381256249999983 0.09162054444444444
2 0.727296486328125 0.3327358745763254 0.08414131484374998 0.09180007862512692
2 0.2953511129641647 0.3668514066173929 0.05087529594667064 0.12079897565410316
2 0.5400981406250001 0.4175503739898225 0.23319396249999996 0.40647439924257744
2 0.2193374452950161 0.3614245872910296 0.1242126079575933 0.18634802881589244
