2 0.4607677172815842 0.3385999933030379 0.014883871830930762 0.057589883162816984
4 0.41758412903731373 0.30080797488843936 0.03235765598787257 0.03343563911201023
2 0.38550651190104324 0.3407443266222638 0.02642527223958644 0.06902687175547237
2 0.3497312111707753 0.3518280813650888 0.029101486404050636 0.06860457384128876
2 0.3229865060575711 0.34773711284385517 0.04815370298242305 0.09857727748590304
2 0.168170130859375 0.4813112923611112 0.33634026171875 0.43832207083333335
2 0.411726871484375 0.3587629465277778 0.07190722734374999 0.09072166527777775
0 0.031894335937500004 0.33357884583333336 0.015077323437500002 0.051546402777777764
0 0.01449742578125 0.3397644138888889 0.017396909375 0.07628867777777783
2 0.5383324665902947 0.3575703111797782 0.124325856925637 0.2006030734935398
2 0.8896922851581138 0.4152462343166763 0.22061542968377248 0.2871513393307857
0 0.59729391328125 0.32474232291666666 0.009278353124999939 0.02061856250000002
0 0.604832574609375 0.32577325138888885 0.008118558593749992 0.026804127777777804
0 0.61295113203125 0.3247423229166667 0.005798970312499918 0.028865984722222234
0 0.6210696902343751 0.32577325 0.008118558593749992 0.02268041666666668
0 0.6367269082031249 0.3278351069444444 0.011597939843750016 0.026804130555555576
0 0.655863510546875 0.32680417847222226 0.010438146093749979 0.028865981944444466
0 0.66514186328125 0.32371139444444447 0.00811855937499999 0.02268041388888891
0 0.675580008203125 0.32577325 0.010438146093749979 0.030927838888888892
0 0.6889176406249999 0.33195881875000005 0.011597940625000015 0.030927840277777778
0 0.701675374609375 0.3484536645833333 0.01623711484374999 0.0804123819444445
0 0.716752696484375 0.33298974513888885 0.016237117968749982 0.07422681527777775
0 0.7300903265625001 0.3298969618055555 0.008118557812499993 0.04329897638888889
0 0.735309400390625 0.3309278895833333 0.009278352343750029 0.04536083194444447
0 0.7515465156250001 0.3329897458333333 0.013917528125 0.06597939166666668
8 0.7715066332103262 0.016102074891714876 0.015564560170652442 0.0301422942278742
8 0.7551216855675307 0.016584594699863845 0.020876292187500044 0.032989700000000004
9 0.8599872558593749 0.0814433125 0.013917527343750003 0.05773197222222223
9 0.864046534765625 0.01069660285146979 0.02435567421874989 0.019331350147384022
9 0.8832966952336211 0.14231485289092896 0.02760793453275756 0.01433942199591982
9 0.879491774706527 0.15806987586349158 0.015813158788053984 0.015819067717461267
9 0.8634666375 0.17448686556991827 0.030154643750000078 0.02061855972222223
8 0.8756444757812499 0.23814436944444448 0.017396909375000113 0.02886598333333335
2 0.43845811894485376 0.3417417766887822 0.04056584675488972 0.07056057756885686
2 0.46076771728158417 0.3245916433445149 0.02363909055500759 0.044100360980535554
