2 0.5830544035880381 0.9441533494074255 0.11015328671875002 0.11169330118514928
2 0.4084444875 0.9314830527777777 0.05653885468750004 0.07105266111111111
2 0.29634158515625 0.9236845895833332 0.037042698437500035 0.045057784722222195
2 0.36311592265625 0.9193521104166666 0.03411827500000002 0.046790776388888844
2 0.8796112308593751 0.9012194715277777 0.24077753828124998 0.19756105694444445
2 0.32802284023437495 0.9115536479166666 0.028269427343749997 0.04852376805555565
2 0.272946196875 0.90462168125 0.007798462500000003 0.031193851388889016
9 0.15743146679687497 0.7824457638888889 0.11600213359375 0.09184856111111105
9 0.12038876914062499 0.727856525 0.032168658593749996 0.020795900000000086
9 0.07895943554687498 0.77638029375 0.031193850781249997 0.03465983472222231
