9 0.263948734375 0.2139578201388889 0.025829093749999997 0.022959193055555556
9 0.5080951726562499 0.2767129506944444 0.012053576562500012 0.01989796805555556
9 0.24894326328125 0.16880474027777778 0.022385214062500002 0.018367355555555537
2 0.41588118976593746 0.3326055254999948 0.020482854531874928 0.04290757044443399
2 0.3976930651882819 0.33492509983205365 0.024941180376563878 0.059791619108551804
2 0.37054590617409067 0.3389251844034323 0.05502190141068133 0.08309791880686454
2 0.3639777039002821 0.3575292136645523 0.0384416187380642 0.07132636621799367
2 0.4935145617478739 0.3233350717559722 0.022765423379252248 0.045795243511944306
2 0.50188387890625 0.32569256458333334 0.02324618281249995 0.0413265486111111
2 0.513937455859375 0.32645786944444444 0.024968124218749922 0.052040838888888885
2 0.5268304581286848 0.33331568394610844 0.028368914694869574 0.07199869599667189
2 0.5735816111256544 0.3343966018392605 0.07537885350130882 0.10351034632147899
2 0.319788771875 0.3697523541666667 0.08781891718749998 0.10714290555555554
2 0.7956673493824603 0.3227666338383858 0.14585632154757944 0.12764492398989513
2 0.873437443359375 0.47317805694444454 0.25312511328125 0.42069989722222234
