2 0.5041797255699775 0.6509594224378148 0.018997810514955037 0.0231759613725508
2 0.48311228950301255 0.6533477481395431 0.023140660256025035 0.028994035167974868
2 0.35234176171875 0.6538091847222223 0.011218846875000032 0.01869807222222227
2 0.12124282120252809 0.7073526956434177 0.06368535021755621 0.03501831149094225
2 0.45967036370035 0.6618852327991602 0.029797664621851006 0.03443285689636121
2 0.4180115090610556 0.6686507161582634 0.036811825781250015 0.039265947222222056
2 0.3648973043735556 0.68185606879972 0.04627772109374999 0.05048478888888886
2 0.6303462598627831 0.6392942798783359 0.03012579785056646 0.03797162920111603
2 0.6072530697808487 0.6313482359791756 0.016060582313302606 0.02207954140279548
2 0.576893886328125 0.6446159590277778 0.04312242421874997 0.0673130486111111
2 0.02998389718401086 0.766486593551588 0.05996779436802172 0.15969978683053385
2 0.5306260525811328 0.6476485708131647 0.020485894427522577 0.0231759613725508
