2 0.40083948007812503 0.535595857638889 0.02796961171875001 0.03977900138888886
2 0.686843399716963 0.5272820641626556 0.04617913224642578 0.05298566721419991
2 0.22651501391973708 0.549993289876087 0.016731222981711015 0.02574034304878607
2 0.21251033085811494 0.5520355476629747 0.01771322890372984 0.021816751896272597
2 0.18720839247549065 0.5512766140369582 0.025845539638481307 0.028306991370528244
2 0.15272382200216406 0.5531907953025407 0.03239434869182813 0.03442338439491874
2 0.081286662890625 0.5567284555555556 0.06013466640625 0.042265191666666625
2 0.537890579296875 0.5380820479166667 0.036360496093749986 0.05469612916666667
2 0.44214402412369436 0.5453219001045142 0.062098577605196506 0.09495326546885552
2 0.6238971375 0.5760918328971036 0.13005869687500002 0.14276494809468174
0 0.75255165703125 0.5259629888888889 0.011697693750000049 0.060654711111111065
