9 0.5282049566406251 0.31071442499999996 0.011192607031250024 0.01836735555555558
9 0.42230567421875004 0.31147973263888884 0.009470667187499959 0.013775518055555559
2 0.4861044938168188 0.339809334497022 0.014462373303862375 0.021402053228178158
2 0.49548810507812496 0.34515321527777776 0.011192607031250024 0.032142869444444444
2 0.5078142889288604 0.3496190336976404 0.018772528711766157 0.04102145162941492
2 0.5099653078437504 0.35413834616528783 0.012123924793015651 0.03615449974117928
2 0.5258554220401657 0.3548976146670717 0.03138913404466877 0.051631668223032334
2 0.5299534789195788 0.35943441952720073 0.02846516877665737 0.04643763316782079
2 0.5455594189796533 0.3758534950476592 0.025238256709306572 0.07788521823801496
2 0.5656796587864542 0.37686892764504815 0.0447253933645916 0.09251306917898512
2 0.6169114622352083 0.3838158421122583 0.09389894322041661 0.14155239633103894
2 0.6630812254314592 0.42215980483948834 0.13974610242541843 0.16895275840589538
2 0.8727058328125 0.50470743693429 0.254588334375 0.5601497680555555
2 0.054688395703125 0.5755403569444444 0.10934316015625001 0.38265323333333334
2 0.44589101315815877 0.3482671061171088 0.009386264355883078 0.03754505742353231
2 0.44124073488716764 0.3504941836363331 0.007736179149335243 0.042824806161555096
2 0.4287186880548145 0.35174468580659474 0.025740574547129125 0.05144826327985612
2 0.42833246250000007 0.3566328125 0.014636485937500065 0.04591838611111111
2 0.42250056929231405 0.3607858097543076 0.011582396397128037 0.05422438061972627
2 0.40633909598900503 0.3604356713213013 0.03608345604051015 0.06883023430926924
2 0.377188512059225 0.37315827506542004 0.06387926474345007 0.10039789179750673
2 0.29488214765625004 0.39923487708333333 0.14722583124999997 0.18826539027777775
2 0.47324640390625 0.34311240694444445 0.01205357812500001 0.013775516666666673
2 0.4515618812065048 0.34409543307004964 0.008995170007721232 0.026420595964707912
