2 0.4822694585906163 0.32173403052478455 0.013175838098097348 0.027627968205697132
2 0.4979348832452276 0.3269952553854801 0.023812496012710137 0.03374595311792865
2 0.5246875514322358 0.34856642271475563 0.04260534817697179 0.05524547320728901
2 0.6351841760946593 0.3360537544275039 0.022890833439318393 0.03022013663278555
2 0.341271839921306 0.3304090766702761 0.01085826590221366 0.01681783228689204
2 0.3291331887416163 0.33070978475335444 0.01283799609558205 0.023423712174395366
2 0.3140992196296847 0.3286076567377036 0.021959730163495728 0.027627968205697132
2 0.2731452564561046 0.3329120125756587 0.02128404615846504 0.02582614419228205
2 0.25321257830770083 0.3410202206360263 0.03141930623392457 0.0324328322414705
2 0.12956240280956455 0.35393329502330517 0.06047371845024191 0.05465532840692254
2 0.6827786870834573 0.33855105464999147 0.04729788035214453 0.060060800447167634
2 0.5918241307353796 0.3900698796805346 0.10405533677471794 0.126127680939052
2 0.43696109626277513 0.38566541945365057 0.10919803479402464 0.1729751144523936
9 0.8180900721465736 0.07896233472222222 0.044834392730647196 0.10188688333333332
9 0.8185974249999999 0.14784067476249146 0.04584909843749996 0.03247358008053853
9 0.6867602342592211 0.21101728228487066 0.008638778356557885 0.05004132154136983
9 0.47759476015624996 0.2920757263888889 0.011462274999999966 0.020377377777777796
