2 0.0661579074361557 0.4683278549095958 0.1323158148723114 0.4583339933145103
2 0.16673173898207158 0.38473031264177404 0.1540988326516432 0.201039339172437
2 0.2414556782955622 0.3608740703585259 0.03618287846939054 0.12234385051088045
2 0.2596456537284997 0.3414293870156535 0.08990538967435077 0.12507661853502294
2 0.652633853515625 0.39338912291666667 0.10430443984375 0.14557130416666672
2 0.5206316675007249 0.33546141928553463 0.01576548031394971 0.04306975309559742
2 0.507387483984375 0.3292684284722222 0.01852134921875006 0.027727868055555525
2 0.3507345388009756 0.3612977255059734 0.07642758333554873 0.09178646212305791
2 0.40473190847471907 0.33529817730457334 0.015253566413566632 0.022702982569029393
2 0.47765584375000003 0.33273441319444447 0.031193851562500007 0.048523768055555534
2 0.77156041015625 0.4375804104166666 0.2485759999999999 0.2408858486111111
2 0.5435538704897345 0.33648178288130587 0.047962576916968924 0.06529090923738833
2 0.43846174970057766 0.3285814624736486 0.015193363463655274 0.015955983280630547
9 0.70088879609375 0.30164041041666667 0.009228509375000016 0.02578123194444441
