8 0.188949607421875 0.5393640381944445 0.005960555468750006 0.03178962916666666
8 0.537046044140625 0.5065147548611111 0.01072899921874999 0.05934064027777776
8 0.522740711328125 0.5573781611111112 0.005960555468749984 0.0296703194444444
8 0.18477721796875 0.5658553958333333 0.011921110937500012 0.021193086111111054
8 0.19610227343750003 0.56691505 0.010729000000000011 0.01907377777777776
8 0.520714144140625 0.5054551 0.009536888281250011 0.061459949999999944
8 0.546344532421875 0.5043954458333333 0.005960555468749984 0.05086340555555553
8 0.72694936171875 0.4694268541666667 0.014305332812499927 0.0656985666666667
9 0.0751029984375 0.5467816180555556 0.042915998437500005 0.059340641666666645
9 0.729691202734375 0.5584378152777778 0.01788166640625004 0.05722133333333335
2 0.22054055078125004 0.6400311965277777 0.038147554687499995 0.07205649305555555
2 0.6113145867187499 0.65486635625 0.11682688593749999 0.13987436805555561
2 0.4265266774762747 0.6362851085234398 0.02334403932754938 0.026416761491323843
2 0.4056685903986555 0.6347105686607156 0.022159641734810977 0.03174491787698675
2 0.45121404609375004 0.6400311965277778 0.010728999999999989 0.016954468055555498
2 0.2831263828125 0.6527470479166666 0.12994010781250004 0.14411298472222228
2 0.11682688632812502 0.7188820331396679 0.23365377265625004 0.2793635040022719
