8 0.28208017684560016 0.3234593972222222 0.015438766621299749 0.0644838666666667
8 0.451854278125 0.33073983333333334 0.010530631249999978 0.045762744444444434
8 0.570031364453125 0.4846690645833333 0.01989119140625002 0.029121745833333375
8 0.3003301921875 0.3255395215277778 0.014040840625000018 0.05616336805555555
8 0.06807126328124999 0.2776966534722222 0.0292517546875 0.07696461527777779
8 0.7519772765624999 0.32657958472222226 0.05148308593750004 0.08736523888888893
8 0.16869729765625002 0.5200311847222222 0.01053063125 0.024961497222222247
8 0.15641156171874998 0.5210712472222222 0.014040840624999995 0.027041622222222214
9 0.549555137109375 0.44306656944444445 0.028081683593750028 0.024961497222222247
9 0.691133626953125 0.37858270208333333 0.07020421015625003 0.12480748194444445
9 0.9877464144531249 0.405624325 0.019891192968749926 0.06656399166666663
0 0.42084741875000004 0.5969958006944445 0.023401403125000008 0.09984598750000002
0 0.945038853515625 0.6136367986111111 0.05616336796874997 0.2704162166666666
0 0.98537412265625 0.6271576090277777 0.029251754687500055 0.2350540958333333
2 0.26915427669485614 0.6115798869499878 0.06202546148633932 0.06841413432394279
2 0.36304300908447484 0.5873312281391049 0.048201004106449744 0.07219634238932081
2 0.48438632782914554 0.568807554216396 0.02645178378329103 0.039309244543902916
0 0.23480626249999997 0.5865951770833333 0.011700703125 0.04160249583333334
2 0.234806262109375 0.5772346152777778 0.03510210546875001 0.04368261944444451
2 0.3054008918772388 0.5947789100029914 0.0475836462544776 0.06213021167264954
2 0.3362195997803664 0.5865629425650463 0.01948665668926717 0.0415380267967592
2 0.3875004203125 0.5772346152777778 0.01287077187500003 0.03952236944444441
2 0.4383984710937501 0.558513492361111 0.011700701562500004 0.010400623611111114
2 0.46882029531249997 0.5574734305555555 0.00936056093750004 0.02080124722222223
2 0.9023312925781249 0.5751544909722223 0.19306157890625003 0.1518491069444444
9 0.681188030859375 0.17265035347222224 0.09243554296875 0.05824349305555556
