2 0.022615983203125002 0.52577328125 0.045231966406250004 0.02474226805555557
2 0.39757738945312504 0.5426805118055557 0.01159793984374997 0.016494845833333313
2 0.508337734765625 0.5591753562499999 0.015077322656249947 0.045360831944444395
2 0.332744911328125 0.5311341048611111 0.02435567578125002 0.02061855972222225
2 0.313608309375 0.5321650333333333 0.018556703124999973 0.02268041666666668
2 0.29452332215931065 0.5316765015767775 0.01961327130637871 0.019533763513111858
3 0.5478694753246943 0.5349220189217061 0.07743981314938857 0.11479234062118995
0 0.663866082421875 0.5649485472222222 0.020876291406250046 0.049484544444444445
9 0.3670748015625 0.5185567888888889 0.008118557812499993 0.018556705555555515
9 0.491172760546875 0.5134021493055556 0.012757733593749964 0.016494848611111085
9 0.8746693542142612 0.4309279055555556 0.009372950946477766 0.0577319666666667
9 0.27250540260487943 0.39087548494964647 0.029783108852741113 0.08835226621181813
