8 0.0942224390625 0.1270065798611111 0.012989309375000003 0.06572368472222223
8 0.490995890625 0.15986842152777778 0.009991776562499943 0.04618420972222223
8 0.590114305859375 0.28687500069444444 0.007593763281249988 0.023092106944444444
8 0.645768494140625 0.28953947569444444 0.006994242968749997 0.0213157902777778
8 0.708716685546875 0.3001973694444445 0.016986019531250028 0.03197368611111114
8 0.1157047578125 0.13144736944444443 0.01398848749999999 0.06394736944444443
8 0.59640913203125 0.28509868402777777 0.006994243749999995 0.01953947361111111
8 0.65286266796875 0.2877631611111111 0.003996710937500048 0.021315788888888874
9 0.6862351894531249 0.23092105277777775 0.027976974218749985 0.028421052777777768
9 0.703221208984375 0.21226973819444445 0.023980263281249935 0.01953947361111111
2 0.6507643828124999 0.38990131805555556 0.018984375000000053 0.03374999999999994
2 0.31071869221727083 0.4134189630133391 0.03843428094327783 0.04710944897332183
2 0.228112241796875 0.4244623536924692 0.13488898046875 0.19524049627382736
2 0.61679234296875 0.41476973888888896 0.05695312499999998 0.08348684166666666
3 0.4603754809474415 0.27228750267445406 0.11181677126988303 0.08784978501320649
3 0.13468913320312498 0.3614802645833333 0.05795230234375002 0.07638157916666664
2 0.10641241875 0.4964802645833334 0.2128248375 0.3570394763888889
2 0.43644077968749995 0.4334210534722222 0.3177384890625 0.4334210541666667
