9 0.6940468337994888 0.23118223205590052 0.0526770949010225 0.09926921366597673
9 0.550140171484375 0.3848230770833333 0.010530632031250065 0.020801248611111114
9 0.5495551363281249 0.40978457569444443 0.009360561718750039 0.01664099861111118
2 0.634252797110238 0.47613206896030824 0.014946058282975905 0.021234231523827894
2 0.617038421484375 0.47617163888888886 0.024162977343750038 0.03292814166666673
2 0.6836141086621034 0.47026615283892576 0.03610030142579328 0.041286574877704
2 0.695813908203125 0.4805088138888889 0.044462664843749965 0.02912174722222226
2 0.7379100602160721 0.48052979148645225 0.03036907511964406 0.020759292027095456
2 0.4731169191141708 0.4721659240202998 0.010933386665841472 0.029076959151710626
2 0.3731989954704993 0.5054217475241197 0.047016368434001386 0.19880476050731608
2 0.19228762226562499 0.3910634506944444 0.38457524453124997 0.6489989180555555
3 0.41675217304687495 0.3692221402777777 0.11817708828124998 0.3099385861111111
0 0.581818071484375 0.4776772534722222 0.016828263281249978 0.052354595833333344
