8 0.40557649921875 0.4598434270833333 0.014501943750000024 0.01874998750000003
8 0.89534667109375 0.3801559826388889 0.007910150000000015 0.01874998750000003
8 0.80042486015625 0.3414841347222222 0.007910150000000015 0.021093736111111108
8 0.7951514265624999 0.3414841347222222 0.007910150000000015 0.021093736111111108
8 0.61849139140625 0.38015598125 0.007910150000000015 0.02343748194444449
8 0.290879312890625 0.4492965590277778 0.02504881015625 0.0398437236111111
9 0.3058428605487191 0.33996404357752685 0.029399035152561703 0.05086603437727596
9 0.31197304765625 0.4129684590277778 0.035595678125000016 0.02812498194444449
9 0.30142618007812494 0.26999980763888887 0.02504881015625 0.07031245138888889
9 0.412168291796875 0.4106247097222222 0.00659179296875001 0.023437483333333377
9 0.40491731953125 0.3860153520833334 0.013183584375000024 0.011718740277777803
0 0.48335965000000003 0.4774215395833333 0.009228509374999926 0.02109373472222218
0 0.43062531015625005 0.4926559048611111 0.011865226562499932 0.03749997638888887
0 0.418760084375 0.49734340069444444 0.009228509375000016 0.028124981944444412
2 0.346250368359375 0.5172652625 0.08569330078124997 0.06328120555555551
2 0.504453384375 0.4914840305555556 0.05668941406249992 0.03984372222222221
2 0.59607929921875 0.4739059180555556 0.015820301562500028 0.018749988888888916
2 0.6115920274423555 0.4762998100103164 0.03366217519721104 0.0514621772015893
2 0.18770712373575688 0.5535933618055555 0.09428391034098633 0.07499994861111109
4 0.8206748224344353 0.4168942115977839 0.05705860513112908 0.09527342402665455
2 0.8913915953124999 0.4703902951388889 0.11865226250000002 0.15703114027777773
2 0.73582529609375 0.558443237473014 0.23203109062500005 0.33782452494602794
2 0.63431169453125 0.4774215381944445 0.023730454687499947 0.0914061875
2 0.561801978125 0.4961715263888889 0.07382807499999995 0.10078118055555557
2 0.075327703125 0.6121870729166667 0.15029286562500002 0.1124999208333333
2 0.9739376826166332 0.4291550802752791 0.051118612891733584 0.148191051486924
2 0.9920898484375 0.4727340423611111 0.015820303125000025 0.08671869027777777
