2 0.047117554341575205 0.7919064556536916 0.09423510868315041 0.18140449146517817
2 0.06325283671875001 0.6579857875754428 0.12650567343750002 0.17731449362952065
2 0.784130417578125 0.5677567771512835 0.42749022734375003 0.3593528083333332
2 0.908416712890625 0.38995418333333337 0.17891763515624995 0.28080675
2 0.53419204140625 0.49536235786307087 0.10789689531249999 0.19354852128169733
2 0.4590922521338133 0.5137798101924232 0.05330215895512662 0.0927038454902032
2 0.4287356234566843 0.508603587307697 0.017173006288368688 0.04875832461539389
2 0.39773674802271813 0.5258460294928892 0.03836449320063329 0.0728387357423025
2 0.3652275191885114 0.5499529562471474 0.06497708212702276 0.08289587082762814
3 0.4146841697763959 0.5020078977954084 0.026817898159665975 0.05032494469468176
2 0.2774695120515311 0.5977762651881887 0.13512303683443788 0.18825472482082184
0 0.1650625790150281 0.6032603578803413 0.023954165407443793 0.06786363423931753
0 0.19206328085937502 0.5898450152777778 0.013657835156249987 0.06555760833333335
0 0.20317913000334445 0.5750792507219853 0.016768566256688898 0.0748750292217483
8 0.1629515111861159 0.5124298156980333 0.010065634872231754 0.022417945284955308
8 0.23440256796875003 0.40774055138888887 0.005463134375000012 0.031564774999999975
8 0.15245555937500002 0.5449259145833333 0.01092626875 0.01456835694444444
8 0.4515621402343751 0.3543232423611111 0.008194700781249953 0.036420893055555584
8 0.6188706171874999 0.4113826416666667 0.009560484375000034 0.01942447777777774
8 0.24166866670542034 0.4056593666666667 0.00906906309834068 0.03642089444444447
8 0.10745782235909682 0.38623844591753104 0.013036478272059827 0.04436541177031149
9 0.740425345703125 0.2851235458333333 0.025949885156249942 0.02913671666666665
9 0.156456658984375 0.4367139152777778 0.020470964843749995 0.02079590000000001
9 0.747677617578125 0.21835695763888888 0.017546541406249984 0.027727868055555563
9 0.77448483359375 0.21922345347222225 0.02826942812500004 0.02946085972222225
2 0.34069534218749997 0.5294289729166667 0.030219043750000018 0.03639282638888888
9 0.526883641015625 0.34053287430555557 0.02047096484374995 0.02252889305555554
