0 0.05776559133027066 0.4984428423277796 0.03645891234804132 0.12247343478888545
9 0.15042450859375 0.32870693296261444 0.040705856250000005 0.025254053519215464
8 0.162355536328125 0.36316851805555556 0.019651103906250002 0.03618298611111111
9 0.20657052031249998 0.3307286 0.009825551562500002 0.05365063333333337
8 0.131826142578125 0.3631685201388889 0.02456388046875 0.038678365277777814
8 0.817834918574361 0.08749298493166772 0.02515698389014549 0.08758357354346946
8 0.8406695445312501 0.08430999444444444 0.02456388124999993 0.09482437777777777
9 0.9224321734375 0.13546524930555556 0.09965917031250004 0.04491680972222222
2 0.3267699442433617 0.4934346471877373 0.0927488052632767 0.09030233895785879
2 0.38507537304687495 0.4680913777777778 0.07439346640625 0.09108130833333337
2 0.45461120731380494 0.4628422386009912 0.04340286974739005 0.054999195020239866
2 0.48122541757812504 0.4653880548611111 0.01684380390625 0.04242142916666667
2 0.688614754296875 0.45338104336910645 0.027371178906250026 0.03649091326178709
2 0.6674681736991687 0.44553063954769506 0.01876562864833753 0.02766038187316787
2 0.5419332917968751 0.45103962847222223 0.01614197890625002 0.023706093055555596
3 0.5784899780061938 0.44494093348742686 0.027494734137387768 0.050875749691812897
2 0.596324742578125 0.44916809583333334 0.01122920234375 0.024953783333333333
3 0.55281158203125 0.4429296527777778 0.02526570625 0.03243991944444444
2 0.6177304105468749 0.44604887291666667 0.016141980468750018 0.026201470833333296
2 0.6075539433593751 0.44168196249999997 0.00842190234375 0.024953783333333333
4 0.642762178515625 0.4360673583333333 0.023160230468749977 0.046164499999999956
2 0.628959611328125 0.44313759374999995 0.009123727343749976 0.023706095833333288
2 0.7100204199218749 0.4549906423611111 0.014036502343750002 0.04491680972222222
2 0.7265133117187499 0.4549906395833333 0.04281133593749997 0.05489832083333334
9 0.7497905125000001 0.38096108819444446 0.014036503124999999 0.02495378472222222
9 0.7452286492187501 0.40154796249999997 0.010527376562499935 0.011229202777777737
8 0.712242866796875 0.4134010069444445 0.004912777343750019 0.014972269444444445
8 0.54649515625 0.3765941756944444 0.004210949999999958 0.01372458194444448
8 0.542284205078125 0.37846571180555555 0.005614602343749997 0.01497227083333333
9 0.5222821886718749 0.3799213479166667 0.018949280468750017 0.0112292041666667
9 0.9830937125 0.25648277708333334 0.028269428124999864 0.020795901388888892
9 0.9767574617187501 0.21575747013888885 0.015596926562500002 0.02252889305555558
9 0.9952788105468748 0.2261554215277778 0.005848847656250022 0.025994876388888876
