9 0.7010119340985274 0.45455071161569705 0.017808976009554733 0.011030160101939086
9 0.85097668984375 0.4254276340277777 0.015986842187500017 0.01953947361111111
9 0.691108269140625 0.5746381611111111 0.013988486718750082 0.019539472222222225
2 0.053897683276739515 0.5292247502125034 0.03708161062096058 0.028362162128693472
2 0.11361632363724002 0.5303745675960989 0.037512792139808945 0.038327246119855905
2 0.16293092668044146 0.5248997354400454 0.028346618514117107 0.03197685134213152
2 0.19766797085251026 0.5288540727685227 0.015148851080020509 0.027620807240732306
2 0.24974991387334003 0.518535708427582 0.028457980243992997 0.042926515654238606
2 0.4588005430044061 0.5442697180872882 0.01413205930368786 0.021657941603201496
2 0.4775569390743105 0.552130513802422 0.023380732836121076 0.033142599827065945
3 0.5133275109375 0.5426644763888889 0.024979440625000036 0.04973684166666672
2 0.499339025 0.5488815819444445 0.008992598437500022 0.015986841666666626
2 0.55379420546875 0.5630921069444444 0.037968749999999926 0.037302630555555535
2 0.8975842921874999 0.6288593755607461 0.204831415625 0.24335526527777773
