0 0.11327500037137472 0.5228117819444444 0.032886369569750565 0.1611406166666667
8 0.266184145703125 0.36346161527777776 0.011078417968750021 0.046551733333333324
8 0.58342973671875 0.2721485986111111 0.011078417187500023 0.05013263611111114
8 0.252587905859375 0.40106109305555554 0.012085546093749988 0.017904513888888907
8 0.6393253886718749 0.3992706416666667 0.012085546093749944 0.014323611111111174
8 0.6398289531250001 0.3616711645833333 0.011078417187499934 0.04655173472222221
8 0.572854883984375 0.26409156805555556 0.010071288281250012 0.03759947777777776
8 0.252587905859375 0.3562998104166667 0.008057030468749993 0.04655173472222221
9 0.6253719497681107 0.300112544361299 0.052663430786221446 0.022851966832957475
2 0.49832734804687495 0.52191655625 0.20545428828124995 0.481631401388889
3 0.8151918539062499 0.4268201805407041 0.36961629218750003 0.6715598174973649
