2 0.9646502862978444 0.42260962373156785 0.05749364927931087 0.047309858092419825
0 0.7582487671293754 0.37611056901949474 0.023267984491249206 0.028824263038989686
0 0.7266207504412152 0.3795286423611111 0.017193411718749996 0.03056606527777777
0 0.6945421921875 0.4584909777777778 0.04728188281249999 0.18849073611111108
2 0.848994591781042 0.3907867249939032 0.04360092106208402 0.037799197210028744
2 0.01616930366716029 0.5078871951694153 0.03233860733432058 0.15280205613953024
2 0.3035027902947888 0.4508221855794684 0.0243399774645777 0.03560585727004803
2 0.2833341651134493 0.4567436679173371 0.024146165055509216 0.04522615042142996
2 0.5271452218749999 0.40701686805555554 0.018387390625000055 0.027806641666666663
2 0.43580474912537726 0.4715507620885585 0.11483802215213128 0.1721574630660058
2 0.57317341796875 0.40277158819444453 0.04095374375000001 0.021014170833333325
2 0.6570806582063147 0.4527378653705488 0.06993141172512951 0.12460066648112465
2 0.9470616582013889 0.37638203972627465 0.06974636015972191 0.049744579452549294
0 0.2244695375 0.4831985486111111 0.019103782812500025 0.06469817500000004
0 0.241901742578125 0.47250042430555556 0.021491764843749993 0.06367930138888893
2 0.564732600467123 0.44526514272117473 0.05783538187825403 0.08376304233542824
0 0.3581960765625 0.4368400145833333 0.005731137499999983 0.033113237500000045
2 0.500312762696825 0.4203483288856089 0.010057831881153233 0.027394179127472915
2 0.7527229048346358 0.4702311405382961 0.1895766909192714 0.1701974366321478
9 0.0924145875 0.35660409374999996 0.027222901562499992 0.0254717208333333
