9 0.570210340234375 0.28198238611111115 0.013183592968750001 0.037499994444444455
9 0.56801307578125 0.3140136340277778 0.010546873437500003 0.020312501388888887
3 0.4946244128906249 0.3463816895833333 0.020214841406250007 0.041298615277777784
2 0.47748574374999997 0.34526362777777775 0.010546875 0.02656249444444446
2 0.50605019296875 0.35307612777777775 0.014941403125000008 0.026562497222222228
2 0.51659706640625 0.353076125 0.016699217187500004 0.03593749166666669
2 0.569076358486266 0.3607348309219039 0.03376718728503203 0.05125490351047451
2 0.5985508555852865 0.3488777794809107 0.013614628358072967 0.03691579785071026
2 0.71347204140625 0.35932612847222223 0.06240233593749993 0.06406249583333334
2 0.6602982207031249 0.35541987708333334 0.047460932031250014 0.04687499305555557
2 0.6444779105468751 0.3538573784722222 0.04042968203125001 0.05624999305555557
2 0.5360278901738578 0.37006146513525096 0.04501399128521557 0.07303316915939075
2 0.460786527734375 0.37573237430555556 0.050976557031249925 0.0781249902777778
2 0.4344193410156249 0.3491698770833333 0.014062499218750002 0.028124995833333343
3 0.40667761257099855 0.32615917294326874 0.05021002173300282 0.09602140411346254
2 0.3668235252199451 0.36481396067453437 0.06695678012739012 0.09066315468240206
2 0.312251388671875 0.35073237777777777 0.033398432031250015 0.04062499444444446
2 0.22199745597794335 0.41791987152777776 0.17808584008088674 0.18437497916666673
3 0.10922407109375001 0.34562147376263413 0.09140623906249999 0.11477817530304604
2 0.039231178125 0.3794710392802214 0.07846235625 0.06372732300488732
2 0.019895242187500002 0.3476073777777778 0.039790484375000004 0.046874991666666685
0 0.833003276953125 0.378857375 0.018457028906249916 0.09999998888888892
