2 0.5356437002997918 0.48232928122045043 0.013062683412083675 0.017841095892432515
2 0.5556726034170149 0.48083189998043563 0.01648886035347017 0.02833585559468435
2 0.6243579790741645 0.4857476728325826 0.03310243091417107 0.04899566510960969
2 0.6325498212530235 0.49225106796609486 0.03781249030645304 0.04325246370996751
2 0.660948249609375 0.49499982708333334 0.08226559765624994 0.06374997638888892
2 0.6995906399078187 0.49960953597443464 0.096599246588982 0.07419237200254795
2 0.7247694559235971 0.5040522203302388 0.08858875379335948 0.07914242121296071
2 0.7475984225781737 0.5065272449354451 0.10798103093028208 0.08871954973731269
2 0.813350539453125 0.5221873180555556 0.20566399140625 0.15187494444444447
2 0.8987529500000001 0.5240623166666667 0.2024941 0.1706249416666667
2 0.9342082988942494 0.5826325457806344 0.1305773818990014 0.16744069194215996
2 0.58184671484375 0.49593732638888893 0.05062498281250001 0.07687497222222224
