2 0.2480747720407866 0.5437217356829582 0.17141220748092684 0.15034056474519472
2 0.5546324023663992 0.5316739721228303 0.059309017917594534 0.0692190064924598
2 0.05745965273801186 0.5385789565724559 0.11274351953852371 0.1311372798115783
4 0.3367815515625 0.5206173944444444 0.086075296875 0.08161213333333335
2 0.383166573046875 0.5291186590277778 0.012433099218749976 0.04420657083333334
2 0.397990651171875 0.5316690395833333 0.024866196093750004 0.028904295833333295
2 0.419509475 0.532519163888889 0.023909804687500015 0.034005055555555525
2 0.44533206445312495 0.5325191666666668 0.027735374218749963 0.030604550000000015
4 0.49649904648437493 0.51041588125 0.053557963281250044 0.05780859583333332
2 0.5985065326308279 0.5159538711095926 0.029344723800844276 0.029730082780814765
2 0.626157350819863 0.514424931415125 0.027601045235274048 0.02162012671913887
2 0.671790517649484 0.5122414386049668 0.01967124311146797 0.03035393945673298
8 0.551969793359375 0.4738604451388889 0.009563921093749973 0.018702781944444444
8 0.6002675996093749 0.43390450486111115 0.006694744531249963 0.027204045833333308
9 0.65022433828125 0.46536172986111113 0.012474328124999979 0.006930181944444453
2 0.4743463851347691 0.5244301226061775 0.05478161196968658 0.04185335276288274
