2 0.2208017921875 0.4655906805555555 0.03228839374999999 0.0637795472222222
2 0.332052254296875 0.4616930354166666 0.026309063281250024 0.02763780138888884
2 0.363144783203125 0.46488201111111116 0.03587599453124999 0.04251969722222218
2 0.385268312109375 0.4616930361111111 0.008371064843750008 0.023385833333333356
2 0.43796431298622573 0.46889448159279856 0.04201107909745154 0.05621393540781941
2 0.4709217913346221 0.463611905983343 0.03073355691343842 0.04553119542731628
2 0.6707942591556671 0.5038311286108057 0.26485876918866574 0.171500836109558
8 0.17302014257812498 0.05523056249999999 0.017937997656249993 0.09987849999999998
8 0.6651191957031249 0.3751698868055556 0.019133861718750023 0.02551181805555558
9 0.6651191957031249 0.31564231111111113 0.019133861718750023 0.017007880555555566
8 0.510852421484375 0.215721025 0.014350397656249925 0.05527560833333334
8 0.5240069527343749 0.21891000138888891 0.011958664843750012 0.05740158888888891
8 0.315328252734375 0.3005203069444444 0.0059793320312500065 0.033535536111111125
8 0.21965893476562498 0.3804848493055556 0.015546264843750013 0.01488189305555557
9 0.21666926875000003 0.13174462222222222 0.031092528124999984 0.036141741666666664
2 0.291410923046875 0.4633982597222222 0.010762797656250012 0.014881897222222228
2 0.244772128125 0.4665872354166667 0.010762798437499966 0.012755909722222233
8 0.2812460578125 0.4155635993055556 0.0047834656250000055 0.017007879166666604
8 0.01701949765625 0.15046103125 0.023138860937500002 0.07479227916666666
8 0.15585266757812502 0.42620956875 0.012621197656250005 0.01707222361111107
8 0.18004329531250002 0.4337367895833334 0.012621196875000008 0.013088648611111135
8 0.347510526953125 0.3988982291666667 0.006864405468750024 0.016779658333333378
8 0.458199065234375 0.41110161736111117 0.006864405468749979 0.02288135138888892
8 0.64677521171875 0.3729183611111111 0.004290253124999932 0.03050846944444443
