2 0.5065401820465045 0.5165132828551113 0.013428934344490972 0.022105020400888423
2 0.48544612854600133 0.5107930800443057 0.008914010215274448 0.02254036290018509
2 0.47458150088650386 0.5077954976477544 0.012549146837843583 0.03268614990322042
2 0.46392931810554366 0.5067578420952712 0.015759393703338453 0.030610838798254037
2 0.45065783055183656 0.5029095751854988 0.01545303139025007 0.04453330593269792
2 0.4361870539966814 0.5030194911600254 0.025716784555862925 0.043275818431161794
2 0.4024644479056058 0.5009354379767005 0.04290057174797681 0.07004174979261527
2 0.3746469334144293 0.5091174397606204 0.06139306129614153 0.06612961285457399
2 0.230487376953125 0.5364473708333334 0.13189144765625 0.13855263055555558
2 0.08576794843749999 0.555417096834166 0.17153589687499998 0.2498237063316682
2 0.5437323999850109 0.503766979339108 0.0469556828424782 0.06253395312266032
3 0.574735860432082 0.4955066224107934 0.025867764614164023 0.057263900377142345
2 0.4618864337365924 0.5093519809764792 0.011089943717164097 0.03579911656066999
