2 0.29711955703125004 0.5941047604166667 0.1544491234375 0.21355928194444448
2 0.6587458499206382 0.5893849737034147 0.08503116109622351 0.09181243592650384
2 0.541234977734375 0.5696979854166666 0.04376058515625001 0.06711863194444448
2 0.6285976502248249 0.5753942855810051 0.06638689642535019 0.08766377393978794
2 0.5812259228357611 0.5717953522513955 0.03107300192152227 0.05300828783612448
2 0.5691216246093751 0.5620708680555556 0.02230931796875 0.04881355000000001
2 0.512919305078125 0.5552064618055556 0.01973516484375004 0.02898304305555557
2 0.48889388593749994 0.5544437493055555 0.011154659374999997 0.015254234722222293
2 0.48117142968749993 0.555206461111111 0.007722456250000054 0.01983050555555555
9 0.72056757109375 0.4379144920718926 0.026599571875000016 0.05677193692156284
9 0.748454218359375 0.347748875 0.01716101328124999 0.03813558611111113
9 0.753173496484375 0.3805454777777778 0.03518007890624997 0.027457619444444407
8 0.10534522968750001 0.5506301923611111 0.009438557812500003 0.016779656944444415
8 0.52750616640625 0.47435901875 0.006006354687499993 0.019830504166666665
8 0.518925659765625 0.47283359513888884 0.006006355468749991 0.02288135138888892
8 0.200588855859375 0.4804607125 0.0042902539062500186 0.028983044444444456
2 0.5965360534991269 0.5769703837037579 0.023995251523912308 0.06680438998690887
