9 0.55943949375 0.5083800444444445 0.00882993593750001 0.020182711111111157
2 0.35887381289062503 0.5583883138888889 0.01387561328125 0.022425236111111087
2 0.209395616796875 0.5673584048611111 0.04036541953124999 0.049335515277777846
2 0.18290580820312502 0.5673584027777778 0.007568517968749999 0.04485046388888894
2 0.1242624425751381 0.574563084996391 0.044124407037223826 0.04580468943722649
2 0.039734710546874996 0.5729647118055556 0.04162683828125 0.05606308194444449
2 0.661488333984375 0.5942686826388889 0.08073083984374999 0.13903644583333336
2 0.5536369757812499 0.5752072354166666 0.02396696718750002 0.051578034722222235
3 0.438217104296875 0.5527820006944444 0.030274064843749927 0.06503317361111113
3 0.5329104877711623 0.5489619258515837 0.02641140835482476 0.0663631128142783
2 0.49006142812500003 0.5819348069444444 0.08199226093750003 0.14127897222222224
2 0.40743845937499995 0.5774497604166666 0.05550245156249996 0.06951822638888892
2 0.28381935937499997 0.6088450861111111 0.14884748750000001 0.15473411111111116
2 0.0176598703125 0.5830560701388888 0.035319740625 0.07176074861111109
2 0.5866748260200885 0.5762387091515796 0.05573208329017669 0.08055125719204817
2 0.754454936328125 0.6279065368055555 0.20308852109374992 0.2018271041666666
