8 0.45042939335937504 0.4383948513888889 0.005595396093749994 0.024157897222222224
8 0.5371580347656251 0.45189485486111114 0.004796053906250019 0.022736848611111072
8 0.342917851953125 0.4412369569444444 0.004796053906249975 0.024157899999999996
9 0.430046165234375 0.48813170694444447 0.02717763984375008 0.018473688888888912
9 0.638274837890625 0.3900790499999999 0.032773035156249984 0.04121053888888887
9 0.8293176515624999 0.36165799097222223 0.0215822421875 0.027000006944444464
8 0.23100992890625002 0.49807907638888893 0.00639473906250001 0.021315794444444456
8 0.23500664062499999 0.4533159076388889 0.00639473906250001 0.022736848611111152
8 0.20982735742187497 0.4682369652777778 0.007194080468749986 0.027000008333333308
8 0.2026332765625 0.49452644652777783 0.011990134375000006 0.011368423611111133
2 0.22181749179687502 0.5456843520833333 0.06314804140625001 0.03694737638888886
2 0.181051033984375 0.5506580388888889 0.02957566484374998 0.027000008333333308
2 0.45442610546874995 0.5527896166666667 0.03117434999999995 0.11084213055555554
2 0.387281350390625 0.5982633138888889 0.16706254296875006 0.23589479999999996
0 0.8447523724960788 0.5435527743055556 0.025883862820342607 0.1378421430555556
9 0.093523051953125 0.15205267083333335 0.06554607109375002 0.13642108611111112
9 0.029175995312499998 0.4241843215277778 0.021582242187499996 0.03836843194444444
0 0.5855324304687499 0.5392965048611111 0.013183584374999936 0.05859370972222225
9 0.2414408703125 0.48070279722222226 0.015820301562499983 0.016406238888888917
