9 0.6504794914062499 0.36642849375 0.02479591249999995 0.056938762499999976
2 0.31913874273844167 0.42989447244551354 0.010962162960616695 0.014891167113249143
2 0.29682330841178645 0.4368677572435524 0.010133861301427193 0.011570421624006145
2 0.2739212306097635 0.43165316593472847 0.010478838780473065 0.02199960424165405
2 0.2618376601266955 0.43200632363930475 0.01994581175625152 0.03013527227860943
2 0.21764399878441268 0.43073490701096107 0.03402520829007614 0.03824033626470877
2 0.1570873429296109 0.43533767125270434 0.06230993757827823 0.07353265361651988
2 0.10275365252924115 0.4296966183445341 0.06236678556651768 0.0681280672446238
2 0.3668190043991144 0.4593996845299093 0.06662794004822885 0.08552698649573681
3 0.51709810546875 0.4731941010371311 0.09815048906250005 0.11157075070351555
0 0.5945100652343751 0.45325996319444445 0.014350397656250014 0.06803151527777784
