0 0.5883663050781249 0.5083229743055556 0.009566932031250008 0.047196856944444456
0 0.5770055730468749 0.5070473861111111 0.010762797656250012 0.0446456805555556
2 0.575809707421875 0.5049214013888889 0.03228839453125003 0.040393711111111154
2 0.6099475329634046 0.501530629278374 0.04794592217680913 0.06503351644325209
2 0.620056766796875 0.5144883326388889 0.04185532578124995 0.051023637500000045
2 0.66848935859375 0.5049214 0.06696852343750007 0.09141734722222215
2 0.7226147420660523 0.5321995306703237 0.0878713346178956 0.10770588356286954
4 0.49987218632812497 0.49535446736111116 0.052618125781249955 0.06377954305555554
2 0.529170914453125 0.5251182555555556 0.046638792968749954 0.05952757499999998
2 0.8662029970570376 0.5647928397170316 0.2675940058859247 0.350787498611111
