2 0.60380303359375 0.34638158194444446 0.008992598437500022 0.021315788888888874
2 0.5892277783543793 0.3497116075512202 0.01781083795875853 0.02176100156422633
2 0.5614706174674019 0.3516879738159894 0.011724863502695993 0.015330898447942332
2 0.5343896523484916 0.3563596015527258 0.012049060946983126 0.023508669772118098
2 0.4951880190914865 0.36580136605447466 0.01982068818297309 0.035286937664504865
2 0.381862790234375 0.38101974027777774 0.030974507031249977 0.05506578888888889
2 0.35348478384585424 0.3944836522162442 0.04776341512079143 0.06366427890084472
2 0.27445119375 0.4280921090277778 0.13388980312500004 0.1669736847222222
0 0.612296043359375 0.35348684444444445 0.015986841406250018 0.07460526388888888
0 0.6277832972656251 0.34993421319444445 0.020982730468749988 0.07815789305555557
0 0.6562598597656251 0.34815789513888884 0.019983552343749978 0.09592105416666669
0 0.6690939619905066 0.3472697388888889 0.015676428668513154 0.10125
0 0.722594315408854 0.3463815798611111 0.03319457699479189 0.11368420972222222
0 0.779658298046875 0.3277302631944444 0.02298108671875001 0.10480263194444442
0 0.8616330227624445 0.32147231665198595 0.02546024206533275 0.1314077009823631
2 0.44043749023437495 0.3916776347222222 0.09392269765624998 0.17940789444444447
2 0.5169096221322217 0.3624420739654045 0.026907710423056397 0.03537901318030197
2 0.5730607710027741 0.3516879738159894 0.011908822901526683 0.01825106958088381
2 0.109310027734375 0.518604432364399 0.21862005546875 0.42647535749342425
9 0.5964822364962636 0.2388833851240598 0.012336201117527335 0.015924661914786222
