4 0.3086669064391553 0.3075906173611111 0.273144573567636 0.40581569305555554
2 0.099690409765625 0.5763388844552924 0.19938081953125 0.38119761111111106
2 0.08086999140625 0.4196158712717688 0.06079587968750001 0.04037547690090682
3 0.17778840603602947 0.39559423003152605 0.03475574019705896 0.05070153160361449
2 0.4596617619515234 0.3675228580413588 0.03828876028506931 0.049764663227653154
2 0.5185725437500001 0.40903311736111114 0.09447345 0.16413877083333334
0 0.8749929549171632 0.3024410882125007 0.019305257286589494 0.06578087668023123
0 0.8271060953125 0.1817717013888889 0.02272146406250002 0.014881888888888877
9 0.575598283203125 0.23906887847222222 0.021081439843749994 0.03168094305555553
8 0.675851126171875 0.15491050416666666 0.00721948359375002 0.05045085555555554
9 0.632179858984375 0.0946063263888889 0.02750493046874993 0.07866143611111112
9 0.6111144800781251 0.0955702638888889 0.017017564843750055 0.08484128611111111
2 0.6828057505851792 0.33035115779296365 0.04105632226714162 0.052670651697038356
2 0.6535902236726432 0.3338061787092285 0.029601394506104127 0.043472579371283224
2 0.605017512412455 0.3347510940609678 0.009056231074909871 0.02782083132250873
4 0.5640173961823695 0.3234147127045921 0.022201045879578097 0.045188602241202365
9 0.6410332820312499 0.015634419444444443 0.0355598546875 0.016314197222222222
9 0.818564912109375 0.19636433967017447 0.022941841406250062 0.009345015451459994
8 0.808241083984375 0.1743579951388889 0.006882553906249989 0.018353473611111108
8 0.82865930859375 0.23859515208333335 0.013765104687499984 0.020392748611111088
8 0.4038911265625 0.19271146874999998 0.012618012499999942 0.042824770833333324
9 0.031053420703125 0.2939934859116293 0.02638311796875 0.053114341267703105
2 0.5749570419781035 0.33857291472221057 0.022844554455797715 0.033176442151768785
2 0.6394330349958107 0.3349501939558412 0.013513680100612735 0.03660848789160696
2 0.611315276534514 0.3342828575474129 0.009974382931404601 0.032604434528462456
2 0.6193591337372595 0.33514086898237244 0.01447894296494221 0.03088841165854335
2 0.43971299608871417 0.3563687093868847 0.011261400083843931 0.03546447264499422
2 0.46995789917103786 0.3460725721673703 0.027992623065554854 0.03203242690515605
