8 0.49746833828125003 0.3214287125 0.005165818750000018 0.018367349999999998
8 0.51985355234375 0.32295932638888886 0.005165818750000018 0.024489805555555577
8 0.5237279164062499 0.32372463402777774 0.006026789062500005 0.01989796805555556
8 0.4225639687499999 0.3378402416666667 0.006887757812499995 0.028401472222222227
8 0.55490804765625 0.3244899402777778 0.004278790625000006 0.02448980555555554
8 0.5584657068172323 0.3256664286819265 0.0045584651969646115 0.01765910180829743
8 0.5869889250284677 0.33105732278521494 0.0038288030680645236 0.014416271096236796
8 0.609997084375 0.3313777013888889 0.004304848437500031 0.016836741666666672
8 0.613440964453125 0.33214300694444443 0.006026788281250006 0.021428583333333348
8 0.630229875 0.3336736173611111 0.006887759374999991 0.01836735416666665
8 0.634104238671875 0.33367361875 0.006026788281250006 0.024489806944444463
8 0.6572643203125 0.33826545902777777 0.005165818750000018 0.015306129166666693
8 0.660708200390625 0.3382654597222222 0.006887758593749993 0.021428580555555576
8 0.6824148118992067 0.33785033908886997 0.005145493389086653 0.01307513848892666
9 0.11795285976562501 0.2816327805555555 0.03099491328124999 0.05204084166666666
2 0.373746984765625 0.37270425069444446 0.009470667968750002 0.019897968055555597
2 0.48248745625 0.3826532326388889 0.00860969843749997 0.015306129166666693
2 0.5871239292550863 0.3808987124342126 0.014579247739827484 0.036286891535091965
2 0.5834549317265024 0.3877196540323629 0.011473811993279437 0.029299253556903042
2 0.5681639938683956 0.3921110461879248 0.026335033381704242 0.06310363864169406
2 0.6855401231224544 0.39297999714249826 0.018547987645920472 0.05284460927382142
2 0.6080848016921381 0.3988651745231141 0.023599484199088396 0.06955811762565034
2 0.7873568582031251 0.40867365208333334 0.05424109765625005 0.07653064583333331
2 0.7241408114534693 0.3912751190431083 0.07680803149545028 0.12343055529353839
4 0.9252440324218749 0.37115465625 0.14852297109374996 0.15462986527777775
2 0.468109276953125 0.38035731319444444 0.028412002343750055 0.032142873611111136
2 0.5037325814410585 0.38326144583606236 0.01670637963442907 0.014260387164302004
2 0.3867030198744587 0.3762407407815344 0.017982825978857253 0.021647552055246263
2 0.41214624257812504 0.37423486111111115 0.03357782109375003 0.03826532222222225
2 0.43373516715052407 0.3695864955634227 0.007729293395022286 0.012331608749889809
2 0.64469415703125 0.4285716194444445 0.08781891875000003 0.1377551638888889
2 0.5393853557730235 0.40754875899410953 0.05993702678724633 0.08945472190508505
2 0.95408651953125 0.4703631583333333 0.09083799843749993 0.1368251888888889
3 0.8609697746093751 0.4239797840277778 0.11881382890624988 0.1346939402777778
2 0.4265579256892312 0.36876534245935044 0.005614519402781681 0.012643065914412215
