2 0.5053398855468749 0.3727071319444445 0.01365783515625001 0.016996411111111106
2 0.514225351139544 0.37435959159722965 0.014206159305099853 0.014177738470374537
2 0.48148136851804485 0.3728813557711354 0.011630503646926282 0.016611409447945785
2 0.44319674023437494 0.3787772805555556 0.01502362265624999 0.014568352777777783
2 0.587286892578125 0.37999131180555556 0.016389400781249997 0.026708654166666672
2 0.56270279140625 0.3848474340277778 0.024584103124999944 0.036420893055555584
2 0.6465053892411715 0.3872434308875177 0.026388841775958925 0.03415642771428288
0 0.63372353359375 0.3775632520833333 0.008194703125000036 0.03642089583333335
2 0.6118709996093751 0.38224901379514326 0.038241941406249945 0.0658983279652689
2 0.66513655234375 0.42491041458333334 0.07375230625000002 0.09226626249999993
2 0.53811868828125 0.40427190972222227 0.04916820468750007 0.07041372777777775
2 0.45822035585937504 0.3763492243055555 0.02048675546875005 0.02428059583333327
2 0.472561081640625 0.3751351951388889 0.01365783515625001 0.026708654166666592
2 0.36944443046875 0.38120534097222225 0.015023615625000009 0.029136712499999995
2 0.3906140734375 0.37925887763323995 0.027315668749999977 0.03302964473352006
2 0.331202490234375 0.3836334034722222 0.020486753906249967 0.03399283749999995
2 0.3236906828125 0.37392116249999996 0.008194698437500003 0.02913671666666665
2 0.31139863242187504 0.3702790763888889 0.01912096953125002 0.03642088888888884
2 0.29432634023437504 0.3702790770833333 0.042339291406249965 0.04613313472222222
2 0.239012108203125 0.3751351951388889 0.04097350390625003 0.04127700972222222
2 0.18642944570312497 0.37392116666666664 0.031413019531249975 0.053417313888888845
2 0.169357152734375 0.3727071326388889 0.03551036796875 0.05584536805555555
2 0.144773049609375 0.3714931083333334 0.04370507421875001 0.058273436111111146
2 0.12087183671875001 0.3727071326388889 0.0423392875 0.06555760694444446
2 0.09423906093750001 0.37270713541666667 0.04643663906250001 0.07041372916666669
2 0.05531422968750001 0.3727071368055555 0.0669233890625 0.08012596805555551
2 0.024584105078125 0.35328265486111116 0.03824194140625 0.0267086513888889
2 0.032778803125 0.40184384861111117 0.0546313375 0.07041372777777775
2 0.26564488554687504 0.3860614618055556 0.04233928828124998 0.03884895416666667
2 0.8138703652343751 0.42976652916666674 0.11882316640625001 0.13111520555555553
2 0.9142554503906251 0.4377791263888889 0.16662558515625 0.2403778888888889
3 0.7358116076211662 0.36776259134832234 0.025275472257667707 0.036244046585533554
2 0.7661334827533371 0.37571335499537933 0.011212898570363717 0.02166743685094461
