8 0.28033244492187503 0.38367160486111107 0.00659179296875001 0.02578123194444441
8 0.59739765703125 0.3379685118055556 0.007910150000000015 0.03281247638888891
8 0.354160519140625 0.4293746979166667 0.00659179296875001 0.023437484722222183
9 0.6092628828125 0.3742966104166667 0.01054686718750002 0.02109373472222226
9 0.6053078078125 0.40359346527777784 0.010546868750000016 0.028124980555555526
9 0.6145363167968749 0.39656222013888887 0.010546867968750017 0.018749987499999954
9 0.8557959164062499 0.33328101458333337 0.039550754687500064 0.06562495416666667
9 0.59673847734375 0.3754684847222222 0.014501943750000024 0.018749986111111148
0 0.09971733476562501 0.4891402805555556 0.01977537734375 0.07265620000000005
0 0.065440014453125 0.4879684076388889 0.01977537734375 0.08437494305555562
0 0.049619712890625 0.4903121555555555 0.019775377343749994 0.09374993611111111
0 0.5941017609375 0.4703902937499999 0.011865225000000024 0.03046872638888887
1 0.581577355078125 0.4774215395833333 0.018457017968749944 0.06328120694444447
7 0.583554893359375 0.4938277791666667 0.025048810156249955 0.03984372499999998
7 0.8584326335937501 0.5395308729166667 0.052734339062500094 0.08906244027777777
0 0.9882909429687501 0.5043746465277777 0.022412095312500036 0.1546873930555555
2 0.34942630956438514 0.4867877451923312 0.009013511796823082 0.014089202350089714
2 0.43254468057031775 0.47743489561948926 0.01255983652507755 0.017423595041935552
2 0.4837166236187403 0.48068071299159193 0.020260530722754487 0.030495441238978474
2 0.40729198641114445 0.48090623018183987 0.022977556307562617 0.03842875583330346
2 0.205186012109375 0.5032027715277778 0.15424794140625003 0.22734359305555557
8 0.274399832421875 0.4446090625 0.013183583593750025 0.021093736111111067
0 0.27906344922670223 0.4810229172150104 0.010611441671257493 0.044716527865710516
