2 0.332884075 0.44669690625 0.013672964062500004 0.020567879166666674
2 0.32092377189261595 0.46514492853788436 0.01510074676341091 0.017658455416552084
2 0.2822122158583273 0.45541220333240207 0.012621196093750031 0.020567876388888903
2 0.30045845781249997 0.47055291666666665 0.028755978125000015 0.04210259722222223
2 0.2532267203125 0.48970246944444445 0.06017694062499999 0.08040170277777779
2 0.356022937109375 0.4831581430555556 0.05784715390624999 0.08227150833333331
2 0.3936481652702918 0.48198383865075367 0.021610366478083655 0.07618328841261848
2 0.410714790625 0.47754872083333333 0.03681182499999998 0.08975073888888893
2 0.432276003125 0.4831581409722222 0.044174190624999984 0.09722996249999996
2 0.48118314062500006 0.4906373680555556 0.10202134374999998 0.1495845583333334
2 0.5592242152343749 0.5074656326388889 0.13147080390625004 0.1869806986111111
2 0.7241411867187499 0.51700163125 0.2965981328125 0.2954295041666667
2 0.14991614765625 0.5431789277777778 0.1745932265625 0.22250702777777778
7 0.351434602734375 0.5048478861111111 0.03365652578125 0.0860111222222222
1 0.350908719140625 0.4749309722222222 0.032604758593750026 0.13088648888888887
6 0.927300033203125 0.47527638819444445 0.14203508984375013 0.25171245416666665
2 0.98971221015625 0.6899587777777777 0.018931796875000018 0.16454301388888892
2 0.3115414677103765 0.4479909130135338 0.013189664628757125 0.01774465391496452
