9 0.44504565859375 0.2564069423611111 0.008603190624999969 0.014274923611111094
9 0.56432834296875 0.24464014722222222 0.016632834375000006 0.033648033333333334
9 0.6104987992187499 0.23903214027777778 0.006882553124999991 0.012235649999999983
2 0.46814978671874996 0.3084403145833333 0.008603190624999969 0.013255284722222212
2 0.42427351445312506 0.307420675 0.027530210156249967 0.049962233333333314
2 0.39014752421875 0.3013028513888889 0.06022233281249996 0.11114047777777777
2 0.334226786328125 0.33291161111111117 0.07800226015625 0.12133685000000002
2 0.19930089638150533 0.30433285864724285 0.06509910682551061 0.0621400700722635
2 0.27199704023437504 0.2936555701388889 0.05792814921875 0.028549845833333344
2 0.255650978515625 0.3813443868055556 0.14453360078125 0.1794561819444445
2 0.667346876953125 0.3058593520833333 0.06309006328124997 0.09686555138888886
2 0.740760770703125 0.27883896041666667 0.03900113046874996 0.044864045833333324
2 0.101517648828125 0.47430464097222225 0.20303529765625 0.515590026388889
2 0.45266921484374995 0.30822257708333334 0.014119581250000035 0.021847859722222217
2 0.5131672589843751 0.3145262743055555 0.08947318203124999 0.15702415972222225
2 0.71075976796875 0.3165974131944444 0.09692928125 0.10502265416666662
2 0.9283014648437501 0.3097998298611111 0.14203772499999995 0.3578927291666667
2 0.23435844745288473 0.28457414113525964 0.029092772840039506 0.024968510023635482
