9 0.29520643079678244 0.25428367994648177 0.03674976471856488 0.016206012329258633
9 0.22777971171875003 0.2804002840277778 0.018353473437500024 0.014274923611111094
9 0.23236807851562497 0.28855738402777775 0.020647657031250023 0.014274923611111094
9 0.04072176875 0.26850451319444446 0.026383117187499992 0.01631419861111109
9 0.04072176875 0.2837990756944444 0.026383117187499992 0.014274923611111134
9 0.29269966796875 0.3099697701388889 0.01950056562500002 0.03262839861111111
9 0.40645296953124993 0.3293428798611111 0.016059289062499982 0.014274923611111134
9 0.6204242127876094 0.24036042990434353 0.03493676678956845 0.015852209900042286
9 0.6610065912125045 0.2284359935312992 0.015157422076858485 0.043693629776997985
9 0.6605338660156249 0.2651057236111111 0.019500564843750023 0.016314197222222247
9 0.528770940530795 0.3262675686209194 0.013078658714697067 0.012202848352949876
9 0.75688959921875 0.15294561041666666 0.01261801250000003 0.020392748611111105
9 0.771801795703125 0.2141238534722222 0.021794750781249927 0.016314195833333323
8 0.75306594765625 0.18149545763888889 0.013765104687499984 0.04690332083333334
8 0.77398604296875 0.29365557152777777 0.02523602500000006 0.03262839583333334
8 0.22452893828125 0.33342142916666667 0.018353471874999982 0.022432022222222237
8 0.347267791015625 0.24165406319444444 0.00917673671874999 0.03466767083333334
8 0.5800379709289066 0.22566210111278495 0.007061573767186769 0.03327122609055845
8 0.668224139453125 0.32016614375 0.013765103906249987 0.02447129861111112
9 0.645282298046875 0.30384948242559723 0.009176736718750078 0.025951556350635605
2 0.4682415238205998 0.3753526940844327 0.007338464828699554 0.022684282613309945
2 0.4422039953125 0.3757363805555555 0.016059289062500072 0.024471297222222195
2 0.45482200781250004 0.3787952958333334 0.025236024999999974 0.03874622222222225
2 0.426718251171875 0.3777756569444444 0.02179474921875002 0.03262839722222218
0 0.393452582421875 0.36757928333333334 0.008029644531250036 0.01631419722222221
2 0.40721768710937506 0.3798149326388889 0.02867730234375001 0.040785495833333366
2 0.3708210401458622 0.382263510092108 0.020351993213175223 0.03678627515827786
0 0.3003351787051388 0.39013585600967055 0.014888648035277629 0.05157082868600792
0 0.28371411874999997 0.39188065 0.011470920312499988 0.05913896944444445
0 0.138589590234375 0.4016734090277778 0.025236025781249994 0.09176736527777775
0 0.21601830429687502 0.39453594583333335 0.021794749218749975 0.08972808888888892
0 0.246624796484375 0.37012837708333335 0.013765103906249987 0.03058912083333338
1 0.26784600000000003 0.3813443881944445 0.014912196874999983 0.06117824583333334
7 0.26104538164062496 0.4021741409722222 0.027530210156250012 0.042824770833333366
0 0.455395554296875 0.38168427569444446 0.011470921093749985 0.022432023611111164
0 0.633768372265625 0.38168427708333336 0.014912197656250025 0.05913896805555557
0 0.659577942578125 0.38474319027777776 0.011470921093749985 0.05302114722222224
0 0.7909199871093751 0.3531344284722222 0.010323828906249943 0.022432023611111084
2 0.564713432421875 0.3609516409722222 0.017206380468750025 0.012235648611111098
2 0.561845702734375 0.3844033 0.029824392968749967 0.04690331944444447
2 0.58364045234375 0.37726583888888887 0.02294184218750006 0.04486404444444447
2 0.6094500234375 0.37828547569444443 0.04932495937499999 0.055060420833333346
2 0.74939525625 0.40581568611111113 0.09062027499999994 0.10196373888888893
2 0.8775254472656251 0.4026111111111111 0.21335912578124994 0.19577038055555554
2 0.9853520933593749 0.4629153798611111 0.028677302343749923 0.17537763194444447
2 0.069781428515625 0.39324015902777776 0.13879814140625 0.1529456097222222
2 0.337818616796875 0.3895014875 0.06767843203125001 0.09176736666666668
2 0.51045597421875 0.4037764111111111 0.0848848140625 0.12031721388888887
2 0.2946844137366978 0.3883299717482594 0.024896835850077757 0.052883322325129004
2 0.3885954217196813 0.3811128111597861 0.014550098873422046 0.02874093604626577
8 0.5742613762842005 0.2266602378955017 0.006737423283338107 0.029944103481502577
