0 0.25902688359375 0.49826425208333336 0.027542098437500016 0.16088083194444447
9 0.3472734301654478 0.36732795722287837 0.010612014335272812 0.015306885104641942
9 0.4008349461990132 0.4020110686761897 0.012129720523026587 0.02526564568571277
9 0.4167336421711455 0.39781308839851764 0.006557642968749988 0.011174253991117666
9 0.55241583046875 0.39054404930555553 0.010492228124999947 0.020984456944444455
9 0.5550388875 0.4056994902777778 0.010492228125000036 0.009326424999999952
9 0.829804113671875 0.30310881458333333 0.022295985156249996 0.01398963750000001
9 0.8033781731085993 0.3548233256850671 0.012194495970301578 0.01949119581457863
8 0.20722150703124997 0.13639896666666668 0.015738342187499987 0.08160621944444445
8 0.19935233593749999 0.31243523958333336 0.010492228124999992 0.04663212638888889
8 0.18754857890625 0.3660621840277778 0.015738342187499987 0.0233160625
8 0.747440098046875 0.23316062708333335 0.009180699218750022 0.051295337499999975
8 0.822197223828125 0.3987046715277778 0.017049871093750113 0.02331606249999996
8 0.466379551171875 0.3777202145833333 0.007869171093750005 0.02331606249999996
8 0.5297208753427507 0.3824540431472285 0.0037871609351216584 0.013795649302207617
8 0.18623705078125 0.13173575416666666 0.010492228125000013 0.06295336944444443
8 0.2308290203125 0.1410621791666667 0.01573834218750001 0.06761658055555556
8 0.2157464421875 0.31010363333333335 0.011803756250000009 0.046632125
8 0.47125476717074877 0.37655738812398215 0.004504317153997484 0.017541497255745657
8 0.5336009017089965 0.38374262213554855 0.004619562858411097 0.014667403651119078
8 0.73143947421875 0.2331606263888889 0.011803756249999964 0.046632125
8 0.7576700445312501 0.23549223333333333 0.009180700000000019 0.046632125
2 0.4956956103862892 0.4169184588074633 0.016320745826272277 0.02189785603525007
2 0.5209914480644331 0.4343924702351116 0.010072228941366123 0.015417046025778803
2 0.5323494402343749 0.4418393875 0.019672927343750056 0.02564766944444451
2 0.47923253515625 0.41152850555555553 0.010492228124999947 0.01632124444444448
2 0.4419613999932457 0.4484232634335988 0.011083638830931442 0.03443585010459213
2 0.43136174374999997 0.4511658125 0.022295984375 0.04896373055555551
2 0.4214555884250988 0.4575270397185992 0.018222015912697655 0.05235975999275403
2 0.41089474364990464 0.4574561290481395 0.023330898237309362 0.05688115254072351
2 0.38676977421875003 0.46865285972222226 0.05114961249999998 0.07461140000000002
2 0.5482391490640716 0.4539278120805395 0.013115285156249979 0.02564766944444451
2 0.5598055150976899 0.45679970299909234 0.01691823379227291 0.030123976001909844
2 0.5668845399089254 0.4622999974481931 0.011315642307373964 0.031798139900111266
3 0.625336804296875 0.43134715902777776 0.11593911328124999 0.16787565138888888
2 0.45116581250000004 0.6015544166666668 0.17049870781249998 0.24248705277777782
2 0.714127281640625 0.605051826388889 0.20590997890625004 0.23549223333333336
2 0.9786626011718749 0.5269430159722223 0.039345855468750024 0.055958551388888916
2 0.04289700626487133 0.4582207901294337 0.08579401252974266 0.10970581359220072
2 0.031476684765625 0.7402849888888888 0.06295336953125 0.29145078333333324
2 0.9130861750000001 0.5875647791666667 0.1704987078124999 0.18186528888888892
2 0.4307205656816954 0.4593455548757605 0.015088991424289499 0.043248265669618986
2 0.44734925010846355 0.4492177964594573 0.009546096615366827 0.030656998449350128
2 0.4502746668131728 0.4478491804572542 0.008006403612888313 0.025729980841418865
2 0.4541238993193691 0.4410061004462385 0.006466710610409798 0.019708070431725053
2 0.45781916252531757 0.4393637612435947 0.00585083340941841 0.018613177629962587
2 0.45612550022259113 0.4344367436356634 0.01170166681883673 0.022992748837012616
2 0.46228427223250523 0.4316995116312572 0.004927017607931283 0.015328499224675024
2 0.46290014943349667 0.4270462172237665 0.008006403612888313 0.01916062403084382
2 0.4684430442424194 0.4270462172237665 0.0055428948089226715 0.012591267220268855
2 0.4713684609471285 0.42376153881847906 0.005234956208426933 0.012591267220268775
2 0.4727541846493592 0.42102430681407277 0.0055428948089226715 0.012591267220268775
2 0.5037020139991776 0.42759366362464785 0.006466710610409798 0.013686160022031322
2 0.5072433079048781 0.4286885564264103 0.004311140406939895 0.012591267220268855
2 0.5112465097113222 0.42786738682508846 0.008006403612888313 0.01313871362115001
2 0.5152497115177666 0.4316995116312572 0.006158772009914148 0.015328499224675024
