0 0.45200908124999994 0.40480919444444446 0.018259376562499964 0.09929282499999997
0 0.46865733789062497 0.4000355013888889 0.019333460156250037 0.09356438888888886
0 0.44019418984375003 0.4057639319444445 0.029000187499999976 0.10884020833333337
0 0.15878496874999998 0.38730564236111115 0.018259376562499985 0.09738334583333336
2 0.11313652656249999 0.39048811597222227 0.0472595640625 0.04391797916666659
2 0.9575499671875001 0.4065642805555555 0.08056958593750015 0.08814473888888893
8 0.7398627886718749 0.26796330763888887 0.029000186718749977 0.04964641250000001
9 0.387564222265625 0.22786428749999998 0.01181488984375001 0.03818954722222219
0 0.08455534963361233 0.3900150179645375 0.01624227055108939 0.08832398103598926
6 0.09578162486745352 0.4061511298845741 0.0167199843908273 0.054353219099070316
