9 0.16084404062500002 0.44379933472222227 0.015546264062499992 0.012755908333333347
9 0.20748283281250002 0.4507117800120422 0.015546264062499971 0.03507276497591552
9 0.2770994069159807 0.44082733435878807 0.004788555767132862 0.03019774371757625
2 0.31899738164062497 0.5107678583333334 0.02272146328125002 0.02976378611111114
2 0.410182200390625 0.49269698749999996 0.014350397656250014 0.023385830555555584
2 0.4254206091091275 0.4885572009623275 0.019225342210346063 0.03061677186206945
2 0.4393598058949092 0.485816728953369 0.018299639765322163 0.015134511670455769
2 0.3005200889346811 0.5119147856609711 0.023925347627270943 0.03780698471786105
2 0.2769722446939897 0.5178442368365962 0.037330172200479336 0.04391654311763702
2 0.4867296383372727 0.49676449753296925 0.14676194827224967 0.09655762382965634
