2 0.9419716597758926 0.5179067549604848 0.014777510701751595 0.01947704212343169
2 0.9206025999999999 0.5180338104166667 0.026599570312500022 0.015254234722222215
2 0.8799849109652872 0.5209356239981381 0.011154659374999909 0.016779656944444415
2 0.82879117734375 0.5218473680555555 0.03518007812499988 0.028983041666666685
2 0.772760477734375 0.5256609256944444 0.01716101328124999 0.021355926388888866
2 0.6932867169566578 0.5324158263400638 0.03967313819939644 0.0346670170850525
2 0.6297972425860598 0.517244925674999 0.01541314212392857 0.016313536170319685
2 0.6068134546874999 0.53252533125 0.03947033124999999 0.0350847375
2 0.5883914552532268 0.5409299529162637 0.05110486969387109 0.030538053054749527
2 0.5658533675899043 0.5281996224077841 0.026194213304808846 0.02643331981556819
2 0.53345012109375 0.5439660076388888 0.04376058281250002 0.024406776388888888
2 0.4845590328871496 0.5358989438286539 0.030792807154069023 0.045527636939325336
2 0.42858272689272053 0.5425275805871336 0.10116908347022986 0.058140083396489135
2 0.37985904843749996 0.5546439708333334 0.059205496874999985 0.042711855555555504
2 0.34296286953125 0.5500677020833333 0.05577329531249999 0.04576270416666672
2 0.30437342407053763 0.5543511423026295 0.021827576228166067 0.036956742820175095
3 0.28045374141683743 0.5449946970978427 0.06620224689617485 0.04211882752901843
2 0.6413149777513546 0.5272495309011678 0.010394083918174335 0.016014588555409326
