2 0.12212942890625 0.4586715520833333 0.017138660937500005 0.03046872916666672
2 0.20885804952155076 0.44917784905329167 0.011299150605601493 0.025543809217694342
2 0.2229838515625 0.45984342777777776 0.01054686718750002 0.042187472222222216
2 0.24085567997273588 0.4639910449969195 0.019456454416876757 0.07738697988999013
2 0.2612696197346847 0.46277033767084846 0.048831070290039545 0.08676197433443468
4 0.17881884257812503 0.43171844722222225 0.05668941328125001 0.10312493055555558
2 0.10169487226562501 0.4703902937499999 0.042187471093750005 0.04921871527777778
2 0.1557475703125 0.4785934145833334 0.05800777343750001 0.08437494027777777
2 0.284946699609375 0.4821090368055555 0.08701165859375001 0.11015617361111106
9 0.62706072109375 0.060234326388888884 0.040869112499999985 0.0726562
9 0.71802745625 0.013124987500000001 0.05668941406250001 0.026249975000000002
2 0.23303328333190915 0.4589163125030066 0.01657558919097264 0.058068730760531574
