2 0.5066011757817886 0.6308901189620437 0.010358180503813319 0.03166372248709071
2 0.4946834343894322 0.6304881533768484 0.017348231334438857 0.04530226847964292
2 0.4842719022825152 0.6330892697360976 0.018919373315030442 0.05293465058330619
2 0.46849884955893445 0.6324763153910224 0.024796249117868728 0.06556910578204472
2 0.5344048976670444 0.6240983404561863 0.015592910156250018 0.01940450972222223
2 0.5677199742187501 0.640117823611111 0.017931845312500007 0.03742298333333333
2 0.5712283796875001 0.6449689513888889 0.014033618749999999 0.02772072777777773
2 0.5787945629835363 0.6454495133543617 0.019644818605349456 0.041391551958596215
2 0.6016225697888267 0.6536926107934393 0.045723315303950865 0.06734463269798986
2 0.6360232067955066 0.6749235087705258 0.06844030047148682 0.08762984254105154
2 0.28782724335937504 0.6311085854166666 0.17542023515625 0.23839826249999993
2 0.38661557592254614 0.6469462657974757 0.0283935924700923 0.1148375427060626
2 0.84952122890625 0.69173118125 0.12162469687500002 0.1039527319444444
2 0.7822140721122819 0.6622313591367953 0.03943561624052903 0.04386191978778176
2 0.1273160984375 0.6920104055555555 0.25182549375 0.2958553388888888
2 0.714778974609375 0.7325202520833333 0.14969193203125003 0.18434284583333335
9 0.6188485280183051 0.5898864113936695 0.008401659187101007 0.018274297787338786
2 0.43054391587252433 0.6343197757335898 0.059795781745048696 0.0832732098005128
2 0.5139862154562542 0.6271135408939532 0.01082920625619881 0.03066046874183057
2 0.5187991960145648 0.6249744384235929 0.007620552550658477 0.024956195487536487
2 0.5240132582860679 0.6246179213451996 0.006016225697888266 0.022817093017176247
2 0.5613325020010034 0.6347782538650363 0.011641373988355231 0.03427737896571262
