9 0.189127526953125 0.4037267777777777 0.02579011796874999 0.03311323333333331
8 0.200589803515625 0.5107080055555555 0.022924549218750024 0.02801889166666661
8 0.779538470703125 0.3655191972222222 0.013547164843750004 0.04330192777777779
8 0.20202258671875 0.4539060611111111 0.011462274999999989 0.05603778888888892
0 0.9086510652343749 0.48265691597222216 0.09165667890625002 0.2826717097222222
2 0.902008401953125 0.5007778625 0.16520198515624998 0.11004548888888889
2 0.53944330234375 0.64188736875 0.3527514921875 0.48905704305555553
2 0.04465106505922833 0.6562499332259737 0.08930213011845665 0.09143078917938839
9 0.728770846875 0.4565178708333333 0.017215059375000053 0.028904297222222177
9 0.71203398515625 0.42336294097222216 0.020084235937500063 0.04760707638888885
4 0.3865315966802436 0.5171294928425443 0.044108710732280045 0.1048291230502843
