0 0.065390603125 0.46012484027777784 0.016874995312499995 0.06749997500000002
0 0.08912106210937501 0.46199984166666663 0.013710932031250001 0.08249997222222226
9 0.08121090859374999 0.37574986875000005 0.010546870312500001 0.022499990277777788
9 0.058007792187500004 0.14156245138888887 0.012656243749999995 0.076874975
9 0.15029291718749999 0.38999986388888885 0.02214842968749999 0.014999994444444473
8 0.14132807734375002 0.32343738888888884 0.012656243749999985 0.024374988888888893
9 0.230976481640625 0.3787498652777777 0.014765619531249996 0.02249999166666667
0 0.22675773320312498 0.4556248395833333 0.01265624609375 0.05624998194444441
2 0.515742007421875 0.42749985069444446 0.01898436796874998 0.037499990277777805
2 0.550546682421875 0.4349998472222222 0.06117185390625002 0.04124998333333336
9 0.5690037078125 0.34124988055555555 0.011601559374999936 0.02999998888888887
9 0.603281037890625 0.19312493055555555 0.044296860156249986 0.026249988888888885
8 0.604863069921875 0.2906249013888889 0.011601558593750028 0.0412499888888889
8 0.62121071953125 0.28874989791666666 0.010546870312500012 0.048749981944444444
8 0.81632783828125 0.19124993194444445 0.016874993749999945 0.059999977777777797
8 0.846386421875 0.19593743263888888 0.020039056250000086 0.06562497916666664
9 0.8295114277343749 0.006562498611111111 0.02003905546875 0.013124997222222223
9 0.8516598578124999 0.020624993055555554 0.01792968125000005 0.04124998611111111
9 0.865898133984375 0.037499987500000005 0.018984367968749895 0.02249999166666667
9 0.87591766171875 0.10968746111111112 0.06855466249999989 0.10312496388888891
9 0.87749969296875 0.1856249354166667 0.05062498281250001 0.044999984722222226
9 0.886991876171875 0.2559374104166667 0.006328121093750028 0.039374987499999986
9 0.82824582265625 0.28556240208333333 0.011601556249999945 0.02812498750000003
2 0.457206871875 0.5096248194444445 0.18246087343750003 0.18374993333333328
2 0.661816174609375 0.5221873159722221 0.2668358445312499 0.3093748930555556
2 0.9571285710937498 0.6865622520833333 0.08332028437499997 0.40312485694444433
0 0.37285250933525604 0.4567493813438269 0.007564636963497984 0.03313896546543162
0 0.352880440234375 0.45917482671324705 0.007798463281250001 0.038261779906839245
0 0.36190645163390506 0.45882191308515385 0.006449610529133132 0.03171022258006049
