8 0.4983487984165773 0.4246115441052295 0.0035420390206547304 0.015509085432681107
8 0.46966616367187497 0.42309737430555555 0.007020419531249988 0.020801245833333346
8 0.546305761328125 0.46365980208333335 0.010530630468749979 0.01456087083333336
8 0.419938183984375 0.46573992777777784 0.00819049140625001 0.01872112222222226
9 0.41025583359375 0.40547573263888886 0.011700700000000008 0.03536212083333336
2 0.445094691015625 0.4927815555555556 0.01404084140625006 0.03120187222222223
2 0.42871371054687496 0.48966136874999994 0.025741544531249973 0.04160249583333327
2 0.42052321875 0.4959017402777778 0.01638098437500002 0.04992299444444441
2 0.40531230664062495 0.49486168055555557 0.02106126328125 0.060323619444444414
2 0.366699989453125 0.49486167847222223 0.06552392890625 0.09360561527777772
2 0.2714678332633834 0.4663952417448646 0.05170808145250945 0.033014281877933864
2 0.21102925543135692 0.4903956699352338 0.10520350930021383 0.07635310098157891
2 0.503013164453125 0.48654117708333333 0.008190489843749926 0.018721120833333375
2 0.507108409765625 0.49486167499999995 0.011700700781250007 0.03120187222222223
2 0.514128830859375 0.49382161527777774 0.011700700781250007 0.05408324444444443
2 0.524074427734375 0.49382161527777774 0.024571472656250037 0.05408324444444443
2 0.53460505859375 0.5000619854166667 0.038612315625000004 0.06240374027777781
2 0.5427727914603208 0.5106544400384503 0.023401402343749923 0.07280436666666669
2 0.577897655078125 0.5125427354166667 0.07839470234375004 0.1164869875
2 0.624115426953125 0.5510250472222222 0.10530631484374994 0.17265035277777774
2 0.749429941796875 0.6082284798611112 0.26794606953125005 0.31617896249999994
2 0.298250885546875 0.5312638604166666 0.10179610390625 0.12064723472222225
3 0.3139769838167672 0.46247311597218815 0.07028918686337775 0.03936116169403445
2 0.11890836289062501 0.5947670875 0.23635417421875 0.2475348472222222
2 0.87886893671875 0.6622225784722223 0.23986438437500004 0.6724746236111111
2 0.2307824177709939 0.45669837742191816 0.03958676509210477 0.02994743458504385
8 0.4783265436914725 0.5626666925797144 0.007326756189691785 0.04126892910095295
