2 0.3662182233836747 0.4314699724255467 0.009701144990295996 0.020326208551096413
2 0.36281698971587106 0.4391692938464165 0.008881284119242138 0.01108702284605264
2 0.35953614140625 0.47216502569444446 0.05335052343749998 0.06597939027777776
2 0.32953533359220744 0.4662583012222945 0.016544787496914903 0.028308294777633195
2 0.323002630078125 0.4690722423611111 0.01275773359375001 0.03505155138888891
2 0.317203660546875 0.4721650263888888 0.01275773359375001 0.037113408333333334
2 0.27777066484375 0.47122633771108313 0.07306702343750002 0.10121541986661069
2 0.24065725625 0.47113409791666666 0.012757734375000006 0.03505155138888891
2 0.2226804484375 0.4886598743055555 0.041752584375 0.0701031041666667
2 0.19542529101562497 0.4958763729166667 0.045231966406250004 0.10103094583333332
2 0.13859538359374998 0.5020619368055556 0.0939433140625 0.1340206402777778
2 0.053350524609375005 0.5206186423611111 0.10670104921875001 0.18350518472222224
2 0.401288725390625 0.45773203333333334 0.01623711640625003 0.028865986111111082
2 0.41288666640624994 0.43402069027777773 0.009278353125000027 0.014432991666666655
2 0.4763955129163223 0.49617340163428264 0.028410496043009735 0.08925386993523203
2 0.5098298161864496 0.504449503084977 0.0786485683141855 0.1429194783921763
2 0.595554222265625 0.5309279229166667 0.15657219140625003 0.20412374583333337
2 0.8032950769531251 0.6066689145833334 0.38941533046875004 0.483440801388889
9 0.48829635468750004 0.39793820902777777 0.01043814531249998 0.016494845833333393
2 0.38503509758355187 0.41888783486556946 0.01433667119111708 0.027012112260963367
2 0.47431669613268745 0.4865971137989749 0.04296221352845375 0.08623239991374235
2 0.4542214672242171 0.4832094123737922 0.020095228908470285 0.06467429993530681
2 0.446599139017556 0.4825934666601226 0.010394083918174335 0.047427819952558375
2 0.44452032223392113 0.47458617238241785 0.027024618187253147 0.05605105994393256
2 0.4327403604599903 0.47612603666659187 0.01385877855756581 0.04065241710219283
2 0.42962213528453785 0.4675027966752176 0.02217404569210517 0.03942052567485372
2 0.4213068681499985 0.4625752309658609 0.010394083918174247 0.028333502828801076
2 0.4159365914589418 0.4607273938248522 0.007968797670600302 0.018478371410087627
2 0.4145507136031852 0.4585715838270085 0.008661736598478598 0.022789991405774795
2 0.4152436525310635 0.45333604526081706 0.010047614454235188 0.019710262837426818
2 0.413857774675307 0.4456367238399473 0.011433492309991689 0.015398642841739729
2 0.41229866208758076 0.4367055109917382 0.01108702284605254 0.016014588555409326
2 0.4090072021801589 0.4268503795730248 0.009354675526356892 0.016014588555409326
