2 0.6497009057318792 0.5045503451394633 0.0672787885362415 0.07328515972337107
2 0.49520238632812497 0.49996811180555556 0.04289154609375005 0.060654709722222186
2 0.5592043210403176 0.48810096719695667 0.020663423386209877 0.03202836330256192
9 0.4937401738281251 0.42371647847222216 0.03021904296875002 0.02252889305555554
2 0.220793976953125 0.5190310215277778 0.04581596953125 0.039858809722222256
4 0.32997245546875 0.4791722111111111 0.05751366250000003 0.08491659444444445
9 0.373838808984375 0.44451237777777775 0.016571733593749992 0.01906290833333336
2 0.3750646260489655 0.4951957210668689 0.01574831169464099 0.02370356150230819
2 0.3644674538686988 0.4982686443212736 0.009526715549897568 0.01912995530921372
2 0.46869483787117605 0.48962883161166176 0.023019462675767065 0.043445356141261486
2 0.5344156786705969 0.47460291055441955 0.010880614573153657 0.011964222239709936
2 0.493252769921875 0.46357528541666665 0.00974807890624998 0.008664959722222282
2 0.5129835111732728 0.4652547873033593 0.008021634263851052 0.010695512351801363
2 0.6079737492842691 0.47454472675996 0.019384178064519107 0.01635879476934979
2 0.3866974189010417 0.4917181587398037 0.013707970252638368 0.0227974845778646
2 0.39863661879850093 0.4866083777137306 0.015476740607817651 0.0204391241042924
2 0.5968095892305161 0.4741677142631937 0.008823797690236113 0.015686751449308645
2 0.5336392194026892 0.4698895093224732 0.01082920625619881 0.015686751449308645
2 0.5300294839839562 0.4641852360681791 0.009224879403428688 0.017112819762882165
2 0.5268208302784159 0.4634722019113924 0.006818389124273327 0.012834614822161604
2 0.5254170442822419 0.460263548205852 0.007219470837465903 0.013547648978948324
2 0.5119808068902915 0.4609765823626387 0.009224879403428688 0.013547648978948404
2 0.5015526823472852 0.4627591677546056 0.006818389124273327 0.009982478195014643
