2 0.48076292918313435 0.5200556092177354 0.007945939807726088 0.01789565420621307
2 0.462187103159458 0.5248578498358819 0.00995519412773147 0.030021737748183043
2 0.45640839267897215 0.5280828588828859 0.010817102736901774 0.03579516234194813
2 0.4417468394767683 0.5282520079523909 0.024860905781593435 0.04496398629342811
2 0.43549100045131794 0.534110006039242 0.02056535013680616 0.04275511221021612
2 0.41560978984374997 0.5283562659722222 0.03581960781250002 0.08150950694444445
2 0.388386887109375 0.5283562659722223 0.041550742968750054 0.10698122916666664
2 0.33250830117187496 0.5385449534722222 0.10459325390624996 0.13754729027777776
2 0.5180097279727086 0.5282532505824855 0.011376789363130246 0.02730541715090019
2 0.5289445039670455 0.5263005843220537 0.020065844093888962 0.04071787176225404
2 0.5489524142144186 0.5324110630358455 0.044987062877936704 0.06788356299527191
2 0.567242102985127 0.5434467364301323 0.04202215272789589 0.07025910158224435
2 0.6277898401795186 0.5487898315279006 0.10809814449563646 0.15600229259025045
2 0.194244614453125 0.5614695048611111 0.20058980234375 0.20886811527777777
2 0.818938571484375 0.6276959777777777 0.3610616445312499 0.2954719638888889
0 0.4843441907505811 0.5255369299852026 0.009950998688662338 0.030021737748183123
9 0.6255727278183943 0.44817527094161674 0.014923388254176384 0.04019210912974884
9 0.45002720114381517 0.35530497698517594 0.007225097600130325 0.015595859525907347
9 0.4587458845700259 0.38316912001578934 0.005912366409221192 0.015288543442026518
8 0.26086908593749997 0.16411065694444443 0.02435733281250001 0.06113213333333331
2 0.47079353477125635 0.5242498752755969 0.013369390439751693 0.01765608388233875
2 0.5130026103024724 0.5235707951262761 0.009931547183815592 0.020372404479621607
