2 0.8663333039062501 0.6988950468864376 0.13847435937499997 0.09691680067156926
2 0.771039121484375 0.7155887201388889 0.09678315390624999 0.06352945416666664
2 0.689642011328125 0.7131622493055555 0.06601106640625005 0.10014712361111104
2 0.054099294140625 0.7486769784722223 0.07147063828125 0.055588270833333314
2 0.10621329921875 0.7407357958333334 0.05658092187500001 0.06617651666666664
2 0.1367372171875 0.7288240236111111 0.040202234375000014 0.06882357499999993
2 0.009926473046875 0.7473534479166667 0.01985294609375 0.06882357638888897
2 0.17768393671875 0.735441675 0.023823545312500017 0.03441178888888885
0 0.22542981483937014 0.7340760505278221 0.011988667345463711 0.062019199408737395
0 0.19356630820312498 0.7292652041666666 0.026801488281249997 0.09000006111111106
1 0.16002184874647457 0.73536619204078 0.019271431867949128 0.06514318963711566
0 0.26482042201115996 0.7285434644414108 0.015028122493164542 0.05739762013225144
0 0.2881630238840226 0.727830430284624 0.013264070625004853 0.054545483505104325
0 0.3577045615199671 0.7185120824420567 0.010548777838583235 0.05892149605450396
0 0.32201627351658957 0.725868771608919 0.009730645470679145 0.048486322661499534
0 0.30747263710937495 0.7200004909722223 0.016378688281249998 0.05558827361111117
0 0.740018887109375 0.7451475659722222 0.03573531796875003 0.1747060013888889
0 0.7668203765625 0.7477946277777777 0.04466914843750001 0.1694118805555555
9 0.2979540333871647 0.6216025362325251 0.017548236350670664 0.03532521086828303
9 0.6549332651993606 0.39693628579401957 0.02041712102372113 0.05053976730084978
9 0.6383440948384144 0.38861808939383674 0.013774061515942649 0.03689022590781974
9 0.6559926159223292 0.6218732784526179 0.01183929364767362 0.0499222124607912
2 0.24344685703125002 0.6630886875 0.0163786875 0.03705884722222221
9 0.21962331132812501 0.6683828104166666 0.01935663046874998 0.031764726388888914
8 0.2922865345034652 0.6540455903663226 0.011434356797200573 0.026708760772164986
8 0.29013560107953806 0.6162547800566245 0.012339496278423834 0.046020723220084395
8 0.6452541703881851 0.579053582866754 0.018812074938431067 0.03822135860506629
8 0.5538974367187499 0.33750022916666667 0.032757375 0.07941181944444442
8 0.6484471339843749 0.5002944576388889 0.03126840234374999 0.09794124305555556
8 0.512950717578125 0.33220611041666664 0.031268403906249985 0.07941181805555557
8 0.43552419453124996 0.31102962291666664 0.028290460937499963 0.08470594027777775
8 0.4632732915701251 0.31032197937504846 0.02422979095275002 0.09387889208343031
8 0.935365214305893 0.2685589376493129 0.03759367548678601 0.08515283388880654
2 0.515290530859375 0.8001686138888888 0.36479804296875 0.3970590944444444
7 0.16143538956000184 0.7554596891155695 0.014037859961739275 0.04064294693684521
0 0.20294734687543087 0.7354947327255404 0.01604326852770206 0.0791467914033301
0 0.22921819908954294 0.7340686644119668 0.013235696535354169 0.05775576669972746
8 0.30602534716591645 0.6563479413222102 0.012834614822161684 0.023530127173963047
8 0.6315482300758997 0.5795313498493173 0.016124635661512343 0.031532620849179696
