9 0.017059137499999998 0.2573492694444444 0.034118274999999997 0.07451864444444445
9 0.5078748875 0.3136715027777778 0.03314346562499999 0.0866495861111111
9 0.60145644140625 0.29460859375 0.021445773437500027 0.013863931944444453
8 0.5678255703125 0.4098525430555556 0.016571732812499997 0.029460858333333326
8 0.069698760546875 0.26341474305555557 0.012672502343750003 0.048523769444444455
8 0.36116630625 0.33446740277777776 0.006823654687500014 0.03465983333333335
8 0.40893189179687506 0.4575098145833334 0.012672502343750036 0.020795901388888892
8 0.022420579296875 0.4341144284722222 0.011697692968750001 0.015596926388888871
8 0.058488470703124996 0.2651477333333333 0.015596925781249993 0.04852376944444441
8 0.084320878125 0.2686137173611111 0.014622118750000001 0.04505778472222224
8 0.35288043984375 0.33446740277777776 0.007798464062499999 0.03465983333333335
8 0.369939577734375 0.3362003965277778 0.008773271093750035 0.0311938513888889
4 0.68431510703125 0.48523768402777784 0.22615542031250008 0.11784343750000004
4 0.8394263786292064 0.48508340969248714 0.04070828180408696 0.104288052837248
2 0.25539965546875 0.5467588888888889 0.1286746359375 0.20276003055555553
2 0.171566180859375 0.5250964930555556 0.05848847265624999 0.07278565277777777
2 0.323636205078125 0.5216305104166666 0.040941928906249994 0.10397950138888892
2 0.037036578072344624 0.5175455092277639 0.07212354051968925 0.05421770178886113
2 0.06429089162958229 0.4957463049878818 0.04688362924083543 0.017551257197985927
2 0.10718486356507864 0.5137233733672572 0.0661989333801573 0.04657343006784779
