9 0.827112331640625 0.0711287013888889 0.09641400078124995 0.048972191666666665
8 0.7169695828125 0.05463460069444444 0.0257104 0.09141475694444444
8 0.3762326875 0.18446191805555553 0.012855201562499996 0.04897218888888888
8 0.514732709375 0.34432114166666666 0.005509371875000025 0.021221283333333337
9 0.37325992070312497 0.22282347083333337 0.02479217265624998 0.02448609444444444
9 0.53266440703125 0.34443774444444447 0.015609884374999971 0.013059252777777768
9 0.22221131796875 0.21547764166666666 0.024792171875000026 0.013059252777777806
9 0.23093448789062504 0.23669892430555556 0.023873939843750015 0.0195888763888889
0 0.043954455859375005 0.4897219118055555 0.08790891171875001 0.5550181680555555
2 0.125797317578125 0.38606410902777777 0.09733223046875 0.12406288472222227
2 0.1845639453125 0.38279929513888883 0.06060308437500002 0.0783555069444444
2 0.229557146875 0.3705562479166667 0.04223851718749998 0.04407497361111111
2 0.2476016215730473 0.38950258257975423 0.03792540564609457 0.0395250762706196
0 0.7012642964843749 0.4057695881944445 0.009182285156250015 0.03264812916666663
0 0.715781068359375 0.40740199166666663 0.008832517968749976 0.0391777527777778
0 0.749121526171875 0.41299881527777776 0.006427600781250042 0.035912941666666615
4 0.524614608984375 0.3936820152777778 0.018364572656250022 0.04081016388888893
2 0.493394835546875 0.3904171986111111 0.009182285156250015 0.014691658333333319
2 0.49569040781249996 0.40021163680555555 0.011936970312499984 0.021221281944444413
2 0.5419429079532482 0.4011145665883545 0.010782654968996396 0.024348325167515523
2 0.5989811104764116 0.4176950119112855 0.03030058090390142 0.039326353539205564
2 0.671618624609375 0.4285066736111111 0.06899831953125002 0.07835550555555552
2 0.5681940736893438 0.395166340099211 0.045532589566187553 0.07044146908731087
2 0.5100759800781249 0.4040205784722223 0.02479217265624998 0.04244256805555556
2 0.475642406640625 0.3994549347222222 0.036729141406249964 0.06463310277777781
2 0.84160749921875 0.5973076840277778 0.3140341765625 0.5419589152777777
9 0.9936495851562501 0.2484522493055556 0.011018740625000056 0.029383312500000022
9 0.9898504152343751 0.17597233055555556 0.018364572656250112 0.021332266666666676
1 0.5910981765625 0.41136640694444443 0.014691657812500036 0.04570737777777778
7 0.593022622265625 0.42986701111111103 0.015609883593750063 0.035912938888888926
0 0.6460860726562501 0.4026787506944444 0.00875318437499999 0.02627551805555552
2 0.31726588378414117 0.38629666714572336 0.03212745000697468 0.03370748853190785
