8 0.0820510828125 0.26476992083333334 0.0171610140625 0.02484261666666667
9 0.01941338359375 0.27370453958333335 0.018877115624999996 0.018305079166666655
8 0.394917828125 0.30661011041666664 0.006864406249999977 0.028983043055555532
8 0.48844535234375 0.376016876388889 0.004290253125000021 0.015254230555555557
8 0.681506755859375 0.3615253548611111 0.01544491171875002 0.02288135138888892
0 0.77258883125 0.4229999243055556 0.013728810937500047 0.04423727916666667
0 0.7652954003906249 0.41537280625 0.01115465859375 0.059491512499999996
0 0.732689473828125 0.4245253479166667 0.009438557031250027 0.050338973611111094
0 0.706518928515625 0.42605077152777776 0.010296608593750011 0.053389820833333344
0 0.697509396484375 0.4252880597222222 0.01115465859375 0.04881355000000001
0 0.6777742308593749 0.43672873611111107 0.011154660156249996 0.06864405555555556
0 0.715099435546875 0.40469484375000003 0.00858050703125004 0.019830506944444437
0 0.721105790234375 0.43215246527777773 0.01716101328124999 0.0655932083333333
0 0.7472763359375 0.42147450138888887 0.01801906406250007 0.05644066944444448
0 0.6859257125 0.4275761944444444 0.012012710937499982 0.05949151388888888
9 0.931279947265625 0.13805082152777778 0.03775422890625002 0.10525421805555553
9 0.383717199609375 0.31946724375 0.01716101328124999 0.012203387500000003
9 0.382430124609375 0.2836197916666667 0.012870760156249971 0.01983050277777778
9 0.177294709765625 0.2622638638888889 0.024025419531250015 0.01677965555555553
2 0.372501240625 0.42700959583333337 0.05234109218750001 0.08084744166666663
2 0.32788260468749997 0.43311129027777784 0.048908889062500016 0.07474574999999999
2 0.4990637171875 0.4224333243055556 0.01887711562500005 0.04118642916666665
2 0.839832430859375 0.4811621284722222 0.20176448984375 0.1830508125
2 0.47408193203125004 0.4355083916666667 0.04032838281249997 0.06254236111111114
2 0.22524723398437496 0.4690677076388889 0.23081563359374996 0.2669491013888889
2 0.9423736722656251 0.48732511874999995 0.11326269140625005 0.25932198472222223
4 0.5895880636718751 0.36980621666666663 0.16903598515625004 0.3325423083333333
