9 0.8570954097656249 0.5041499791666666 0.03013394140625003 0.030612261111111077
9 0.9048792324218751 0.5010887527777778 0.0378826695312501 0.11632658333333332
9 0.8329882558593751 0.6028745118055555 0.016358427343750037 0.029081648611111097
9 0.6052617511718751 0.6112247805555555 0.012053575781250015 0.01224490277777777
9 0.57039247578125 0.6012393493055556 0.007748728124999982 0.019970859722222182
8 0.6102797370453601 0.6374011428561189 0.01213241497747104 0.015406241241233055
9 0.23915117187500004 0.41596797986111106 0.016358426562499993 0.0459183875
2 0.579863144140625 0.6627554 0.030994911718749928 0.055102066666666616
2 0.6127680724148622 0.6698484844660813 0.0708383520452757 0.05835524670994019
2 0.8099196117187499 0.69668684375 0.19210529999999998 0.1763177069444444
2 0.387484218359375 0.6421877833333334 0.37452185234374996 0.4683675555555556
