9 0.659944911328125 0.3933891243055555 0.01949615703125005 0.045057790277777815
9 0.59317057421875 0.4193839979166667 0.02826942812500004 0.02426188472222227
9 0.585859515625 0.3925226256944444 0.009748079687499977 0.025994876388888914
9 0.53565691171875 0.4141850194444444 0.006823656250000009 0.017329911111111092
9 0.30177952047572276 0.4032805066707586 0.027612233681519438 0.06137457167485062
9 0.15645666015624998 0.4107190381944444 0.010722889062500008 0.024261881944444418
2 0.63033510859375 0.5085092756944445 0.11502732656249996 0.15250327083333332
2 0.45194527265625 0.4764489270833333 0.04679077656250001 0.060654709722222186
2 0.225789852734375 0.4556530284722222 0.04679077734375001 0.05025675972222222
2 0.512870762890625 0.46345149166666666 0.032168658593749996 0.04159180000000002
2 0.4802147003906249 0.44005610347222224 0.015596925781250003 0.025994876388888914
2 0.35339189003351834 0.4412857561567458 0.015503329714062365 0.020608627217552723
2 0.34992807741154625 0.43033859394749263 0.016272182948092517 0.02388977400609641
2 0.37112087615652517 0.4353562640194468 0.013918603522576145 0.020423790672763037
2 0.38392383832943494 0.42760136194308634 0.011716012814430066 0.01622552439375882
2 0.3563163138616433 0.4233142090084312 0.00842272765582952 0.019325366254256772
2 0.3869492521311265 0.4139605260697332 0.009115867612746876 0.012332336749422504
2 0.3916458124222907 0.42395230787333527 0.006741977045572689 0.011479811713873526
2 0.3982909954618705 0.4063451363894843 0.005769154986241132 0.010562692223412915
2 0.4006260309710948 0.41980113294027005 0.008489610379689516 0.01321280476942898
3 0.418314402734375 0.39586481458333334 0.00877327109374999 0.020795901388888892
2 0.42562545937500007 0.4018278206780279 0.007798459375000011 0.008869889199499662
2 0.43023416268427433 0.39930893848136245 0.005318172243548691 0.009306588814981294
2 0.448046040625 0.40539626944444446 0.007798459375000011 0.012130941666666692
2 0.4499372675612035 0.41364147872061446 0.009452949470653138 0.009504456447660046
2 0.4490929195778633 0.4284678577764197 0.013791448530726492 0.016682318330617264
2 0.4461165104715161 0.445163207194926 0.017896635140446548 0.012853725141192266
3 0.47485325625 0.42113093964329523 0.016571732812499997 0.045057784722222195
2 0.4636130527433375 0.4157323305078001 0.00785829138832499 0.009306588814981294
2 0.4649987764455682 0.4291041922218409 0.005086843983863698 0.0097728850007627
2 0.684436943359375 0.4582525166666667 0.032168658593749996 0.03812581666666664
2 0.49003365212961214 0.415941560603525 0.010722886718749968 0.015596924999999985
8 0.45727349734596673 0.3875388408624156 0.003589065004433589 0.014233606422912557
8 0.3823320542776029 0.38385766944444444 0.006893177305205889 0.019062913888888824
2 0.24321910676452196 0.4264941855139565 0.022420076712166902 0.018835997358652493
2 0.20276003203125 0.4167845124999999 0.017546540625000006 0.0190629138888889
4 0.234968259375 0.39999983819444446 0.08259490312500002 0.06919828472222223
8 0.36360744765625 0.3825596201388889 0.005696199999999996 0.013502104166666603
2 0.25265079970274273 0.42556544721662704 0.017783454178626944 0.01954383651146077
8 0.4412075910194327 0.38534905525889057 0.004311140406939895 0.016423392026437573
