2 0.4060455416751422 0.4814846064951736 0.012748648975284382 0.02715367965701374
2 0.4212525515482411 0.4835671896420678 0.027827938373319584 0.048338018956031924
2 0.4384142223273749 0.4932540198061194 0.04103491980156395 0.051899625592848664
2 0.336012903442218 0.4853930572473851 0.017546541406249984 0.02772786527777779
2 0.3226876731611477 0.4828381303346619 0.009713232480016255 0.012375438838605469
2 0.295366777734375 0.4887036666666666 0.052639622656249996 0.07971761944444443
2 0.371889193359375 0.5086330715277777 0.07311058828124999 0.09878052916666659
3 0.372376596875 0.4341144284722222 0.048740392187499995 0.06412069305555555
4 0.570262590625 0.4323814361111111 0.22615542031249997 0.3067395361111111
4 0.133548674609375 0.42379935069444435 0.26709734921875 0.4420786374999999
