8 0.33896746484375 0.3516403993055556 0.006002965625000023 0.02667984861111113
8 0.414504787109375 0.3658696513888889 0.007003460156249997 0.016007908333333317
8 0.345470678515625 0.34808308819444445 0.007003461718749993 0.023122534722222216
8 0.42100799921875004 0.36498032500000005 0.008003953125000064 0.024901194444444465
9 0.2624296484375 0.38365621736111105 0.013006426562499973 0.008893281944444453
9 0.445520109765625 0.3978854701388889 0.009004449218750033 0.019565223611111154
9 0.4445937714744665 0.42882670400787 0.007151772636433051 0.010301427460184382
9 0.610101426953125 0.34897241458333333 0.020009885156249928 0.03557313194444443
2 0.3273089083462307 0.45124880239566106 0.009841847558019135 0.018558107525133493
2 0.31245436484375 0.44235188472222214 0.021010381250000033 0.03379447499999999
3 0.280938794921875 0.4374158944444444 0.04001977265624999 0.07016756666666665
2 0.25511228358869503 0.4506825855160962 0.03957098324791417 0.06512661703821278
2 0.20573846521191 0.4653507088344118 0.06570611636131996 0.083349437113268
2 0.16688244101562502 0.47970367361111116 0.06203064921875001 0.10138342499999999
2 0.07994195781249999 0.5053121527777777 0.154247940625 0.14062490277777778
2 0.3758838046700019 0.4489620831220798 0.029024896936114254 0.04548981000515116
2 0.4013911288581948 0.4414625576388889 0.0240118625 0.04624507361111109
2 0.424798837087101 0.44845401940405416 0.019230496337533688 0.031134630987364572
2 0.5240589140624999 0.4708103895833333 0.04202076093750007 0.05513835138888889
2 0.473533951953125 0.4681424055555556 0.06303114140624996 0.09604745555555551
2 0.62360810078125 0.4850396430555556 0.09504696093749994 0.10494073888888886
0 0.6656288613281249 0.4379052444444445 0.009004449218750033 0.024901194444444504
2 0.82820918984375 0.5410673256944444 0.21810776250000002 0.16363640694444445
2 0.8882388496093749 0.7331622347222223 0.22210973984375001 0.41976295
2 0.9508713796875 0.5714960131944444 0.09725122031249996 0.1276802236111111
2 0.3294787176178772 0.44760198482204583 0.011790490745841663 0.02445435117656037
2 0.34028666746823205 0.45144481143550536 0.009039376238478614 0.015371306453837974
2 0.5095136580950216 0.4418658499249197 0.02608317564969056 0.029427172527856035
0 0.5310824379591889 0.43785305367112104 0.009028791571046746 0.021401580020258926
2 0.5882647845758182 0.45122904118378293 0.028089573776589827 0.03210237003038835
2 0.5674484040092382 0.45390423868631524 0.01956238173726792 0.01961811501857069
