9 0.422554108984375 0.42338861875 0.062402335156249975 0.08593748750000003
9 0.5324173773437499 0.3858886236111111 0.021972654687500003 0.04843749444444446
9 0.77895054921875 0.4069823722222222 0.017578123437500003 0.04374999444444446
2 0.19533069998623437 0.46853464532199884 0.016198168418350156 0.026229560088442048
3 0.238423273046875 0.4444823666666667 0.02636718359375001 0.062499991666666685
3 0.14833539375 0.46479486388888885 0.08349608437499997 0.1343749833333333
3 0.064399857421875 0.4515136152777777 0.10722654921875 0.15468748055555553
2 0.030881569531250003 0.5382323541666666 0.06176313906250001 0.10937498611111107
2 0.8888138171875 0.5280761055555555 0.11601561093750004 0.10781248611111106
2 0.6132767417968751 0.5796386 0.19072263203125006 0.25781246944444447
2 0.20839475722196407 0.4541763061441568 0.014310518670011919 0.023259356453117875
