9 0.006682427734375 0.4129684590277778 0.01336485546875 0.07499994861111109
0 0.48863308359374996 0.6332808076388888 0.030322243749999967 0.11249992361111115
2 0.2513738008817838 0.6189048416519017 0.025059168883610504 0.03532256475460771
2 0.307177523046875 0.5998321638888888 0.11865226171875003 0.05859371111111113
2 0.26361433154388514 0.5886499031646212 0.013511528780227388 0.01700016000226867
3 0.22554470183834568 0.6061828487802962 0.026215436489191335 0.05748187209253154
2 0.19584754582845768 0.6302958126308115 0.0419098360281168 0.050279969706067365
2 0.12461838424720233 0.6631123882251967 0.10912822943190466 0.1487255986726155
2 0.06939508984375001 0.7258588687499999 0.1384276390625 0.1945311152777778
2 0.34756872617187506 0.8078900631944445 0.34409156015625003 0.3820309847222222
2 0.8056982953125 0.6508589208333333 0.38759739062500004 0.6960932722222222
2 0.24773660879756462 0.6078251879829399 0.018784254630237963 0.05857676489429401
