2 0.260827082421875 0.34184459097222225 0.024958907031249967 0.023294981944444418
2 0.5427587453125 0.35071887013888886 0.011855481250000022 0.02995068749999995
2 0.49502483515625 0.3473910145833333 0.019967126562499972 0.02773211805555557
2 0.40236488984375 0.3423992347222222 0.04180617031249998 0.04215281944444449
9 0.351095130859375 0.2817583361111111 0.014975344531250023 0.022185694444444456
9 0.311784851171875 0.2701108451388889 0.012479453906250004 0.01442070138888888
8 0.42555587304687503 0.2604970451388889 0.007487672656250055 0.01220213472222219
8 0.39248532070312503 0.3004312972222222 0.00748767109374997 0.012202133333333344
8 0.43304354609375 0.3398109055555556 0.004991781250000038 0.006655708333333344
8 0.5310072578125 0.2660434694444444 0.004991781250000038 0.02107641111111111
3 0.4691299683593749 0.3289029402777778 0.02807877109375001 0.06544780277777779
2 0.452802679296875 0.34997935 0.009983563281249986 0.01885784166666665
2 0.5212316875 0.34554221041666666 0.03868630781249997 0.06544780138888891
2 0.624915162890625 0.36329076527777776 0.06177329609375004 0.08763349722222225
2 0.6913682542968751 0.3666186222222222 0.06114932421875006 0.0721035111111111
9 0.6233552214843749 0.2978429645833333 0.007487672656249967 0.03882496805555557
9 0.70727954765625 0.27232941388888887 0.010607535937499968 0.05879209166666668
9 0.88438379375 0.23128587777777776 0.021215071874999936 0.10316348611111109
7 0.37927790000000006 0.36051755625 0.06052535000000003 0.037715681944444454
7 0.370230296484375 0.36661862152777774 0.06114932421875001 0.03882496805555553
7 0.357126870703125 0.3749382569444444 0.059901378906250004 0.04437139166666664
7 0.346831320703125 0.3843671777777778 0.059277405468749975 0.05879209444444441
7 0.331232003515625 0.39046824375 0.06426918671874997 0.06211994583333333
7 0.310640904296875 0.4026703770833333 0.05303767890625002 0.08652421250000002
7 0.2863059703125 0.4170910791666666 0.0804924765625 0.07099422777777775
0 0.962977056640625 0.3810393243055556 0.026830825781249956 0.11203776250000001
2 0.559730976171875 0.34849059791666664 0.01893179609375002 0.026177298611111115
