9 0.33626012968749996 0.7517767527777778 0.010796793750000023 0.023459700000000003
2 0.30072319218750004 0.8136250527777779 0.0215935875 0.031990500000000095
2 0.28152889140625004 0.8061606027777777 0.00959715000000001 0.017061600000000017
2 0.31451909453125 0.8104260020833334 0.015595368749999982 0.04265400138888885
2 0.32711535390625 0.8104260027777778 0.016795012499999994 0.05971559999999998
2 0.34091125703124997 0.8104260027777779 0.029991093749999996 0.05118480000000005
2 0.34511001015625 0.8253549041666667 0.03838860000000004 0.05971559999999998
2 0.38289878789062504 0.8264212534722222 0.08277541796875001 0.15995250138888903
2 0.25333726289062497 0.8210895034722223 0.07557755703124998 0.13649280138888886
2 0.049997646875 0.8456155527777778 0.035989312499999995 0.040521300000000024
2 0.070391590625 0.8082933020833333 0.0215935875 0.029857798611111104
2 0.021999714062500002 0.8957340027777778 0.043999428125000004 0.16208519999999993
2 0.1525671875 0.8690752527777776 0.27951699531249996 0.2580567
2 0.6947484144531251 0.7251180020833333 0.61050317109375 0.5459712013888889
9 0.643373178125 0.48697067499999996 0.048740392187499995 0.0623877027777778
