2 0.30059203242187504 0.3732279131944444 0.012919427343749979 0.011483931944444473
2 0.2876726046875 0.3719519215277778 0.012919428125000021 0.014035920833333333
2 0.269370082421875 0.37131392430555554 0.013637174218749992 0.015311915277777801
2 0.27834190703125 0.3725899180555556 0.010048443750000002 0.01275992777777775
2 0.187259933984375 0.36939993263888893 0.017943649218750003 0.021691876388888826
2 0.20628020351562498 0.3700379305555556 0.014354921093750028 0.022967872222222182
2 0.16895741250000001 0.37003793541666663 0.0200968890625 0.020415890277777828
2 0.38593202734375 0.3738659097222222 0.01794365 0.020415886111111094
2 0.37516583671875 0.37960787916666666 0.015072665624999981 0.02424386388888888
2 0.36619401093750004 0.38981582291666667 0.017225903124999987 0.03955577916666668
2 0.494024555078125 0.3891778256944444 0.013637174218749947 0.022967873611111144
2 0.467826826953125 0.38662583819444446 0.015790411718749998 0.022967870833333296
2 0.40921775039062497 0.38434728333333334 0.02296787109374998 0.03445181111111116
2 0.51149655390625 0.40412517291666666 0.033734060937499956 0.045935743055555554
2 0.337443151953125 0.38626127222222223 0.05598418828125 0.07911155833333336
2 0.310527676953125 0.3824332902777778 0.01937914296875003 0.03572779722222224
2 0.24018857031250002 0.38689926736111113 0.05670193281250002 0.06252365138888887
2 0.09110247187500001 0.4181610909722222 0.181589734375 0.28071842916666667
2 0.819176521484375 0.5241728138888889 0.33527152734375 0.27618386388888894
9 0.20778746289062502 0.30847127569444444 0.056701933593749976 0.03445180694444446
