2 0.065799530078125 0.3994545909722222 0.12769982734375002 0.2755456847222222
3 0.182289066796875 0.43411442777777776 0.12867463671875 0.14383831388888887
2 0.3728640015625 0.4540438319444445 0.03801750468750002 0.02772786944444445
2 0.44499978203125 0.4479783625 0.01657173437499999 0.02599487500000003
2 0.46547074648437503 0.44017990069444446 0.022420580468750017 0.02426188472222227
2 0.5341946996093749 0.48003870972222223 0.13062425078124998 0.17676515555555558
2 0.720870401953125 0.46790776458333333 0.13159905859374996 0.1282413875
2 0.9158319714843749 0.4687525201388889 0.16669214296875 0.15081375972222216
2 0.6480350765625 0.4549103277777778 0.05696313750000002 0.08145061111111115
2 0.600969037890625 0.4471118652777778 0.028269427343750042 0.055455736111111126
3 0.62843110078125 0.4320211472222221 0.023218318749999956 0.04127701111111111
