9 0.599011496484375 0.5593730854166666 0.013765105468750071 0.014274923611111094
9 0.63743908046875 0.5573338083333333 0.01950056562500002 0.018353472222222205
8 0.6253946136718749 0.5605966444444445 0.0045883679687499955 0.020800597222222213
2 0.376819746875 0.6113745930555555 0.05850169531249998 0.07341389166666666
2 0.6579720210937501 0.5832325930555555 0.009176735937499991 0.008157099999999988
2 0.6413391859375001 0.5852718680555556 0.010323828124999945 0.012235650000000061
2 0.6224121671875 0.5873111423611111 0.009176735937499991 0.012235648611111177
2 0.5925877738281249 0.5891465083333333 0.013765105468749983 0.018353472222222205
2 0.583411037109375 0.5911857833333334 0.013765105468749983 0.018353472222222205
2 0.5748078453125001 0.5942446965277778 0.017206381250000024 0.02447129861111108
2 0.5478511824218749 0.5871072333333334 0.013765105468749983 0.02651057222222219
2 0.5346596234375001 0.5901661444444445 0.01950056562500002 0.02854984722222219
2 0.512291328125 0.5799697715277777 0.020647657812499977 0.008157101388888874
2 0.610023587109375 0.5901661458333334 0.01147091953124999 0.01631419722222221
2 0.560698628125 0.5983232451388889 0.02294184218749997 0.028549845833333306
2 0.48843182695312504 0.5932250590277778 0.020647657031249978 0.030589120833333303
2 0.522271043359375 0.6227945430555555 0.05161914453124998 0.08564954166666665
2 0.448283604296875 0.6034214326388889 0.03441276171874996 0.042824770833333366
2 0.30719126171875 0.5962839694444444 0.02294184218749997 0.01631419722222221
2 0.27507268320312506 0.5983232451388889 0.04588368359374999 0.020392748611111088
3 0.159904637109375 0.5932250576388889 0.12847431171875 0.06321752083333333
