8 0.34186768203125 0.35466126875 0.008190492187499964 0.03536212083333332
8 0.6572015925781249 0.38898332569444444 0.009360563281250034 0.029121748611111147
8 0.348303069921875 0.3588215173611111 0.009360560156249998 0.03536212083333336
8 0.155826525 0.41706501041666666 0.015210910937499999 0.02704162083333333
8 0.904086397265625 0.47842869097222224 0.02106126328125004 0.02496149583333328
9 0.8865353453125 0.43890632013888886 0.023401404687500005 0.0166409986111111
9 0.30852068359375 0.3629817680555556 0.0421225265625 0.018721122222222223
9 0.180398000390625 0.26729603125 0.040952455468749996 0.052003120833333305
9 0.694643837890625 0.4004240131944445 0.03744224765625006 0.018721120833333296
9 0.742031679296875 0.43994638125 0.015210911718749998 0.006240370833333328
9 0.7367663640625001 0.45034700763888885 0.016380982812499934 0.010400626388888886
9 0.390425594921875 0.44306656944444445 0.009360561718749993 0.02912174722222226
9 0.162261912890625 0.3567413930555556 0.025741541406250002 0.018721122222222223
8 0.746711958984375 0.48882931180555556 0.012870771093749945 0.020801248611111114
9 0.169282330859375 0.41186469861111114 0.011700700781250007 0.04992299444444441
9 0.57889221484375 0.4529471625 0.00936056093750004 0.014560869444444475
9 0.563681303125 0.45294716319444445 0.011700701562499916 0.010400623611111114
2 0.434681066796875 0.49350959375000003 0.010530632031249976 0.024961498611111053
2 0.428245680078125 0.49766984305555556 0.007020419531250077 0.0332819972222222
2 0.41361980390625 0.49662978333333335 0.026911615624999996 0.03952236944444441
2 0.5004975140625 0.49246953125 0.011700701562500004 0.022881373611111085
2 0.48821177734375 0.49142946805555554 0.01287077187500003 0.020801247222222152
2 0.48236142617187505 0.4987099083333334 0.010530630468749979 0.027041622222222294
2 0.515123390234375 0.4945496590277778 0.015210911718749998 0.018721123611111147
2 0.5297492683593751 0.49350959652777776 0.014040842968749967 0.01664099861111118
2 0.542620040234375 0.4935095958333333 0.009360560156249953 0.012480747222222198
2 0.5513955660156251 0.4976698423611111 0.010530630468749979 0.012480748611111083
2 0.564851374609375 0.5070304048611111 0.016380982031250026 0.03120187361111104
2 0.59644326640625 0.5361521527777777 0.05850350781250002 0.10192611111111118
2 0.6338855140625 0.5184710916666667 0.018721123437499987 0.02080124444444446
2 0.646756285546875 0.5475928361111111 0.04446266640625005 0.058243491666666675
4 0.638565793359375 0.5101505923611112 0.06552393046875 0.0873652347222222
4 0.46013009140625005 0.49870990763888884 0.038612315625000004 0.08944536249999994
3 0.37266735 0.48726922222222224 0.05031301718750001 0.08320498888888891
2 0.399578962890625 0.5059903423611112 0.008190492968750008 0.029121748611111067
2 0.499034924609375 0.5330319638888888 0.019891191406249932 0.058243491666666675
2 0.359211540234375 0.51535090625 0.044462666406250004 0.05200312083333335
2 0.5358921375 0.5652738979166667 0.08541512500000001 0.12272735972222222
9 0.27555152304687497 0.39886392013888894 0.022231333593750024 0.010400626388888886
3 0.194816683984375 0.47686859722222213 0.16263975546874998 0.15392923055555557
0 0.18487108632812502 0.51327078125 0.021061264843750017 0.07280436527777781
0 0.1363131734375 0.4810288472222223 0.012870771874999987 0.04160249444444446
9 0.11993219140625 0.40406423402777786 0.054993296875 0.049922993055555524
2 0.14801387578125 0.5475928381944445 0.10179610312500001 0.0956857375
2 0.065523929296875 0.5465527763888889 0.13104785859375 0.18513109999999994
2 0.9473180433593751 0.6489989208333333 0.10296617421874998 0.2288137222222222
0 0.695752956640625 0.5429125590277778 0.011700702343750003 0.03744224583333333
0 0.7056985515624999 0.5438040277777778 0.012870773437499938 0.03328199444444443
0 0.798719130859375 0.5562847770833333 0.018721124218749986 0.05824349305555556
0 0.86131788359375 0.5458841534722222 0.010530631250000155 0.06240374305555558
0 0.9063655859375 0.5781260874999999 0.011700700000000097 0.07696461388888885
0 0.9280118820312501 0.5687655243055556 0.01287077187500003 0.06656399305555559
0 0.9367874105468751 0.5677254618055555 0.01404084140625006 0.06448386805555555
0 0.9596037785156251 0.5614850881944444 0.029251755468749963 0.06864411527777779
0 0.8706784441406249 0.5791661479166667 0.015210911718749998 0.08736524027777783
0 0.892909778125 0.5833263972222222 0.015210912499999906 0.10400623611111115
0 0.72881618671875 0.5461399444444445 0.008194701562499952 0.06555760833333335
