2 0.36225562421874996 0.45127398402777774 0.07020643124999996 0.08915102361111112
4 0.5685765640625 0.4177362236111111 0.06734086250000004 0.1732077027777778
8 0.662423936328125 0.3812267506944445 0.02579011796874999 0.03566040972222224
2 0.756987700390625 0.4826891125 0.24070776328125004 0.28273610277777783
2 0.472580015625 0.45084946111111107 0.1676357640625 0.28018893055555555
2 0.9153103664062499 0.5947646847222223 0.1647701953124999 0.47122683888888894
2 0.06925123398437501 0.4160380958333333 0.13754729296875 0.2801889305555555
9 0.770599151171875 0.19825488125000001 0.018626196093750026 0.0331132375
9 0.78635977890625 0.2292454888888889 0.04155074531250005 0.025471722222222225
9 0.29706393828125 0.2980191354166667 0.042983529687500036 0.04075475416666667
9 0.24691648749999998 0.2789153451388889 0.03152125468749998 0.03820758194444444
9 0.25408040937500004 0.27509458680555554 0.02865568593750001 0.02037737638888887
9 0.256945977734375 0.28783044722222223 0.02579011796874999 0.020377377777777796
9 0.29849672265625 0.29547196319444446 0.04298352968749999 0.04075475416666667
9 0.29992950703125 0.340047475 0.020058979687500013 0.017830205555555523
9 0.31497374218749996 0.3553305076388889 0.02435733281250001 0.017830204166666676
9 0.302795075390625 0.09382082569444444 0.017193411718749996 0.022924548611111106
8 0.317122918359375 0.11292461597222223 0.017193411718749996 0.0764151625
8 0.3472113890625 0.1125000736111111 0.020058979687500013 0.07386799166666666
8 0.5392044863281249 0.19698129583333332 0.014327842968749938 0.050943441666666645
8 0.564994603515625 0.1918869513888889 0.014327842968750027 0.04584909722222221
8 0.794956484765625 0.29037761944444446 0.044416313281250105 0.06113213055555554
8 0.5513831527343751 0.19613225138888887 0.012895058593749998 0.05603778611111111
8 0.330017977734375 0.11037744375000001 0.01719341171875004 0.07132081805555557
8 0.251214840625 0.3642456104166667 0.02292454843749998 0.03056606527777781
8 0.26052793867187496 0.30820782430555554 0.012895058593749998 0.02547172083333334
0 0.62015679921875 0.46358532152777776 0.024357332812500056 0.09169819583333332
0 0.8880874648437501 0.42452867638888886 0.06447529374999998 0.13245295
8 0.79338640390625 0.29165120555555557 0.040117960937500016 0.06367930277777778
