2 0.06205421914062499 0.4186498013888889 0.10096957734374998 0.06918285833333336
2 0.30485608550953563 0.4171063272284157 0.018003562568079844 0.024320197138670115
2 0.3190311237230172 0.4154576345953257 0.015776496875 0.024307490277777788
2 0.40897208557659626 0.41639889149799403 0.0068522667512096016 0.022450390194225713
2 0.37082014564734966 0.3984044475381277 0.012946145696682176 0.021212922854033263
2 0.364175590695119 0.41836120935971843 0.019460606390237965 0.03494914649721466
2 0.38967946171875 0.4074309597222222 0.034708292187499976 0.054224402777777826
2 0.553755024609375 0.4036913458333334 0.007362364843749969 0.02056787777777779
2 0.557962090234375 0.4195847048611111 0.011569430468749965 0.059833823611111114
2 0.570057404296875 0.4223894152777778 0.025242394531250056 0.06544324444444448
2 0.577945652734375 0.4279988368055555 0.01788002890625 0.08414131527777778
2 0.5926703828125 0.42986864375 0.030501226562499983 0.09162054305555556
2 0.597403331640625 0.4364129680555555 0.02734592734374992 0.09722996388888892
2 0.63579280625 0.43921767847222226 0.089400146875 0.1290166819444444
2 0.684174062109375 0.47006949375 0.10833194296875001 0.1458449458333333
2 0.8519308074218751 0.5042869381944445 0.29449459921875 0.3608727486111112
2 0.9618404 0.6781789874999999 0.07467541718750006 0.33095583611111107
2 0.046277723046875004 0.4538021597222222 0.09255544609375001 0.13649591944444445
2 0.34048268459572206 0.4166773945825538 0.03605255853946136 0.04707591846564385
2 0.5321938128906251 0.41416224583333333 0.042070657031249944 0.07479228055555553
3 0.530090280078125 0.3809731736111111 0.03576005859375 0.04674517499999998
3 0.19299913984375 0.3884524020833333 0.15881673125 0.12901668194444443
9 0.1141166578125 0.32581386805555557 0.019983562499999996 0.014958455555555538
9 0.10675429257812499 0.3482515513888889 0.013672963281249995 0.018698069444444423
9 0.27451103710937497 0.31272521875000003 0.01472473046874998 0.011218843055555539
9 0.2829186749238346 0.3309397244394862 0.01260820766016919 0.021470554434528014
9 0.46593252773437505 0.3706892354166667 0.008414132031249988 0.014958456944444422
9 0.618964543359375 0.30618089444444446 0.022087094531249997 0.03926594722222221
9 0.62264572578125 0.3379676111111111 0.010517664062500032 0.01308865000000002
9 0.627904558203125 0.2753290777777778 0.016828263281249978 0.011218844444444463
8 0.555332675 0.3547958756944445 0.006310599999999944 0.020567876388888864
