2 0.728164262109375 0.41828393750000004 0.013291133593750004 0.02194091944444444
2 0.726265527734375 0.4334738034722222 0.01708860078125003 0.021940920833333325
2 0.6797769852874055 0.4239872886562648 0.011220558861299513 0.014348717021713971
2 0.67499972734375 0.4317860409722222 0.013291134375000003 0.02531644583333335
2 0.642721259375 0.45879025 0.022784803124999975 0.02194091944444444
2 0.6213605078125 0.4908577458333334 0.012341767187499996 0.03544302222222224
2 0.7386072957031249 0.4452881458333333 0.026582267968750007 0.02194091944444444
2 0.506807428075924 0.4982388291493587 0.015498650098151856 0.02996221202836248
2 0.5344934542968749 0.49338939305555557 0.04367086796874995 0.040506316666666625
2 0.665031376171875 0.44135003194444444 0.019936700781249962 0.025316444444444464
2 0.700790855078125 0.4354428618055556 0.01613923515625002 0.023628681944444452
2 0.7231009726562501 0.46497871458333334 0.020886068749999966 0.02531644583333335
2 0.72892230390625 0.5005620208333333 0.032528731249999956 0.041913511111111114
2 0.676988492578125 0.4928268055555555 0.03146548984374995 0.037130788888888905
2 0.642404802734375 0.5021095 0.04556960078124996 0.06244723333333329
2 0.567740178515625 0.5069090784722222 0.04462023515624995 0.05569617916666674
2 0.6837831163172605 0.42007123847026895 0.0110508000943641 0.017110916275144286
2 0.7443842781250634 0.4146844685317976 0.014615574318352476 0.010139802237122571
