2 0.3560279794703784 0.6227948782398528 0.012370542198781065 0.0347541409954757
2 0.344534974500469 0.624595444909333 0.018158853908034667 0.04983692672182024
2 0.3149571731544002 0.6269061599975414 0.05438419229275202 0.07748772038547674
2 0.14640612870616818 0.6765106141124485 0.238106857129018 0.2687175795614393
2 0.41192649656549013 0.6222682130596735 0.01725971155651971 0.03750600945268011
2 0.4252714774151748 0.6257673199093331 0.013375987512661868 0.04239756243128233
2 0.4358307702996441 0.6293849713986343 0.01996480444852251 0.04875056422744769
2 0.45549285078125 0.6410151840277778 0.02241209375000004 0.0609374569444444
2 0.46238105111836453 0.6407480742852655 0.020368192861729195 0.06509073468164199
2 0.48845181249999997 0.6492183034722222 0.03823239531249998 0.08203119305555553
2 0.574016393361749 0.668579881668355 0.07778314921874996 0.11718741944444441
0 0.5157563010823882 0.6595316546925208 0.02837517269687311 0.1364187442799512
2 0.6549165855555208 0.6981507686132636 0.16888617032897973 0.18815891945529137
9 0.798925232421875 0.37382786805555557 0.03559567734375006 0.037499977777777756
2 0.36460181976845857 0.6185155880028047 0.014331415192137698 0.03142295479165003
2 0.44485774484442964 0.6359256034954756 0.018153125910041014 0.05265468100222432
2 0.473520575228705 0.6393226796891676 0.021019408948468588 0.06284590958330007
2 0.38425565080314283 0.6215099855983383 0.0214916378037175 0.03557236601994613
