8 0.20835062148437497 0.18092404166666667 0.004798575781250003 0.02772509999999999
8 0.350508405859375 0.17239324166666667 0.00599821796875002 0.023459699999999986
8 0.200552937890625 0.2374405888888889 0.010796794531249997 0.017061600000000017
8 0.130973599609375 0.23424153819444446 0.015595367968749985 0.019194301388888887
9 0.12977395625 0.18092404097222223 0.013196081249999981 0.010663498611111126
9 0.142370216015625 0.19585293750000002 0.021593586718750002 0.01066349999999999
0 0.126774846484375 0.32061588958333337 0.014395725781250012 0.08530800138888889
0 0.14656896796875 0.3078196902777778 0.015595368750000005 0.06824640277777776
0 0.16396380234375002 0.29182444027777776 0.011996437500000012 0.05758290277777781
0 0.18315810234375 0.28542634027777775 0.03119073749999999 0.05758290277777777
0 0.51813053828125 0.3278170847222222 0.02933510624999993 0.12530279444444448
2 0.24973833164062498 0.25983393958333334 0.02039394453125003 0.019194301388888887
2 0.24875194600559114 0.27753829065150637 0.017574746682993282 0.03350434871711272
2 0.24129431049244468 0.28405056324744526 0.02509949129738933 0.029238945939334984
2 0.31151998671875003 0.3270139902777777 0.09597150000000002 0.15355440277777774
2 0.3902802256832786 0.31766143060367286 0.06154898105405704 0.08574009782604297
2 0.243740113671875 0.45284328888888886 0.23632981953124998 0.31563959999999996
0 0.4285101607244523 0.285028933091233 0.006576380117956226 0.03677126606254236
0 0.44777073762815983 0.29809066590303446 0.012398384781922723 0.04568437009533963
2 0.2549218412428743 0.272118885774372 0.010777851017349693 0.025729980841418903
2 0.26415999925774547 0.25076847614000314 0.012625482620323859 0.016970838427318804
2 0.26631556946121543 0.25377943134485 0.00893021941437544 0.01642339202643761
2 0.2755537274760866 0.25542177054749376 0.012009605419332514 0.018613177629962625
2 0.27586166607658225 0.26007506495498445 0.009546096615366827 0.014781052823793751
0 0.35746539520794396 0.2770459033823033 0.008314342213384007 0.031204444850231442
2 0.36701149182331083 0.31454598184266913 0.022479517836186423 0.0777373889251379
0 0.4341078902871482 0.2872648972965072 0.00893021941437544 0.03996358726433146
