2 0.868685710546875 0.5453609131944445 0.25979385703125 0.48041245138888894
2 0.012757733984375 0.4625430368055556 0.02551546796875 0.09072166527777775
2 0.666301656640625 0.5240550791666667 0.17976806953124996 0.18350518333333335
2 0.5675258792968749 0.4951890979166666 0.09742269609375001 0.12989692916666662
2 0.5192812424903954 0.4824292462008793 0.05737675685579084 0.09612980629064755
2 0.48980105743030045 0.4806370536152306 0.021612266423100924 0.071926860008239
2 0.4813145125 0.4663231118055555 0.02551546718750002 0.04329897638888893
2 0.0933634171875 0.48453616250000003 0.1774484828125 0.18969075277777783
2 0.218621170703125 0.45979389097222223 0.05219073046875 0.05360825416666665
2 0.32822170351562496 0.4690722423611111 0.04871134765625 0.05979382361111113
2 0.293572858203125 0.45051553749999995 0.018846652343750003 0.030927841666666626
2 0.44463747128885556 0.4721990069625524 0.054297039504098435 0.06617851957201558
2 0.4016999173348374 0.4603937321150225 0.025515467968750018 0.03711340694444445
2 0.35170753203125005 0.4597938888888889 0.0208762921875 0.03298969722222217
2 0.36446526640625 0.45257739444444445 0.013917528125 0.030927841666666702
2 0.37386315050583574 0.45410138019896235 0.00794643172370919 0.018530283350988618
2 0.3890169530286392 0.44481342905059384 0.008886326755221542 0.013466078009923324
9 0.25399488671875 0.37484542847222224 0.060309287499999975 0.05360825416666665
3 0.49139588753331703 0.44172544386088924 0.05959574850413398 0.03396621272177845
9 0.21746137578124997 0.41443305694444443 0.012757734375000006 0.02886598333333331
2 0.3750291066662995 0.4450673475246495 0.007860327163894443 0.013973914958034565
4 0.4178866047742001 0.4560468521345337 0.007486025870375635 0.01863188661071275
