2 0.0448411609375 0.4956356340277777 0.089682321875 0.12477540416666663
2 0.9426391871093749 0.6663353187500001 0.10917847890624995 0.2824776513888889
2 0.657020487890625 0.5857512027777777 0.15596925546875004 0.16290122222222223
8 0.47960546015625 0.1966945611111111 0.013647309375000027 0.0710526611111111
8 0.824687437890625 0.043324793055555554 0.031193852343750095 0.08664958611111111
8 0.7993424335937499 0.06238770208333333 0.04094192968749999 0.1178434375
8 0.468395169921875 0.2079590069444444 0.01852134921875006 0.07625163611111112
9 0.476681036328125 0.4271824604166667 0.017546539843750077 0.03639282638888896
9 0.49568978945312503 0.3587292875 0.028269427343750042 0.02426188333333334
9 0.4742440171875 0.5129655506944445 0.008773270312499993 0.020795901388888892
9 0.8105527238281249 0.4505778486111111 0.026319811718749885 0.05892171944444442
9 0.811527531640625 0.39685510486111103 0.022420580468750017 0.04852376805555557
9 0.9241178375000001 0.3015405597222222 0.08383347343749996 0.08318360277777777
9 0.9275296656249999 0.21835695694444446 0.13939752187499987 0.15250326944444445
9 0.900722449609375 0.1577022472222222 0.025345003906249986 0.09011556944444445
2 0.27928244765625 0.5467588895833333 0.04191673749999998 0.015596926388888871
2 0.4225792011718751 0.497368625 0.03021904296875002 0.017329916666666632
2 0.358241883203125 0.4809052041666667 0.018521349218750018 0.015596924999999985
