2 0.6458940570312499 0.4475340708333333 0.03971822812499992 0.05716062499999997
2 0.6723728785156251 0.47191139791666664 0.07754511484375 0.05547943194444448
2 0.738569925 0.4828391638888888 0.10402393281250007 0.060523016666666665
2 0.785178072265625 0.49499181041666673 0.0870018351562499 0.06388540694444447
2 0.9199072147086277 0.438328048241116 0.013272323609438707 0.017805679815565315
2 0.80503718671875 0.5000353958333333 0.05863167031250009 0.06388540555555551
2 0.8926699873159316 0.5205293621283326 0.07880704806936337 0.09350765352111279
2 0.589574014453125 0.46065907291666675 0.03404419609375005 0.04371106805555556
2 0.40516795078124995 0.47401522569444443 0.0245874765625 0.03530509305555556
2 0.43183441835937497 0.45884611527777774 0.01607642578124997 0.02858031388888891
2 0.45071169960937496 0.45529442777777784 0.022334572656250006 0.0317647277777778
2 0.9116120124527288 0.4344501320805503 0.01437835057689174 0.021628971807974216
2 0.9027637967131028 0.43297542945727935 0.016590404511797986 0.024578377054516112
2 0.8928095540060237 0.42609348388201485 0.026544647218877414 0.02851091738323872
2 0.8659884000452831 0.429534456669647 0.017143417995525035 0.021628971807974216
