2 0.347102048828125 0.15375141041666665 0.008607528906249984 0.013602018055555555
2 0.336581735546875 0.15739482638888888 0.010520313281250004 0.010201519444444428
2 0.31228479473376025 0.1582579267932782 0.010827668565670745 0.014736181455689392
2 0.303108008984375 0.16079532916666667 0.01052031484375 0.01360201944444444
2 0.27781059755886517 0.1631372910918395 0.016144843017267974 0.01828594329479013
2 0.2648523203125 0.16334570833333334 0.018171451562499996 0.01870277777777777
2 0.22659663242187503 0.16844646875 0.016258667968749974 0.018702781944444427
2 0.29689145820312496 0.1605524215277778 0.009563921093750016 0.017002526388888897
2 0.24046432109375 0.16310279861111113 0.011476706250000034 0.015302275000000008
2 0.2519410265625 0.16650330624999998 0.011476706249999991 0.015302279166666663
2 0.21081616250000002 0.1767048201388889 0.019127843749999984 0.018702779166666676
2 0.188340945703125 0.17160406180555554 0.010520313281250004 0.011901768055555569
2 0.182124396484375 0.17791927430555557 0.009563921093749993 0.010930173611111114
2 0.173995062890625 0.17233271944444442 0.008607530468750003 0.011901766666666664
2 0.15725819921875 0.17828360555555556 0.022953412500000003 0.020403036111111127
2 0.393008874609375 0.16128107361111113 0.01052031484375 0.01360202222222223
2 0.385357737109375 0.15958082222222222 0.01052031484375 0.01020151944444445
2 0.34375467734375 0.18593474097222223 0.015302274999999987 0.018702781944444465
2 0.39312272851562496 0.2182395451388889 0.06576334921874998 0.09691441249999999
2 0.2581575765625 0.21398891666666667 0.06599106093749998 0.07141062222222223
2 0.0351790046875 0.2507872680555555 0.06953825 0.33154931666666665
2 0.14291231679687502 0.17682625972222224 0.009563921093749993 0.01360201944444444
9 0.4370029148437499 0.16662474652777778 0.010520314062500003 0.02040303472222222
2 0.31938298483743016 0.15797363552029448 0.007860327163894398 0.015304764001656857
