4 0.334225555859375 0.31416554444444444 0.031179635156250017 0.08046356944444445
4 0.43379922695312506 0.28645031527777776 0.17601406484374998 0.33973508611111114
8 0.342271912109375 0.19436422361111114 0.007040564843750019 0.030397347222222218
8 0.33623714375 0.19078806666666667 0.005028971874999977 0.03397350833333333
8 0.174807100390625 0.2685695194444444 0.018104303906249997 0.028609266666666657
8 0.276392361328125 0.2775099180555556 0.01206953515625 0.017880794444444428
8 0.53940766640625 0.27303971944444444 0.015086920312499964 0.01609271388888891
9 0.28443871875 0.24711256805555554 0.012069535937499997 0.01430463611111112
9 0.16877233281249998 0.2229734958333333 0.014081125000000005 0.016092716666666677
9 0.1863737390625 0.23996024999999999 0.02715645624999998 0.017880791666666656
0 0.26180833984375 0.3204238236111111 0.013075331249999999 0.0393377472222222
0 0.20950701679687497 0.33651653819444444 0.015086921093750006 0.05721854027777778
0 0.144633259375 0.32310594305555557 0.012069535937499997 0.03397350833333333
0 0.13004923750000003 0.3231059409722222 0.017098507812499997 0.04112582638888888
0 0.030978463671875 0.32757614097222226 0.014081125781250004 0.028609270833333315
2 0.019914721875000003 0.3445628972222222 0.038220198437500005 0.02682119166666664
0 0.5811481453124999 0.3436688576388889 0.026150660937500004 0.12874171805555554
6 0.8436605527343751 0.3785364041666666 0.07241721640624998 0.15556290833333333
0 0.980951523046875 0.29896686944444445 0.03520281328125012 0.1680794638888889
2 0.9507776843750001 0.5287350736111112 0.09555049375000006 0.3093377361111111
7 0.16575494804687502 0.3651258083333333 0.02816224921874999 0.06437085833333336
7 0.159217282421875 0.37943044374999996 0.02916804609374999 0.053642381944444435
7 0.1411129796875 0.3642317694444444 0.055318706249999995 0.05900661944444446
7 0.14714774726562502 0.36959600833333334 0.03922599140625001 0.05900662222222226
7 0.118985496875 0.37227812708333335 0.06537665312499999 0.07867549583333333
7 0.1184826 0.37943044444444446 0.05028973281249999 0.06794701666666667
7 0.105407268359375 0.3785364041666666 0.056324502343750006 0.07688741388888892
7 0.09082324570312501 0.3776423645833333 0.06336506328125001 0.0715231763888889
7 0.075736326171875 0.38121852361111114 0.07342301015625 0.07867549444444448
7 0.064169686328125 0.3847946819444445 0.07442880546875 0.07509933611111114
7 0.04455669140625 0.3883708423611111 0.0673882421875 0.08582781249999998
7 0.032990053125 0.3901589208333333 0.062359270312500006 0.08940396944444444
7 0.024440797265625 0.3973112375 0.04727234921875 0.09298012777777782
