8 0.5130601367187501 0.5680090916666667 0.00479857499999996 0.034123202777777806
8 0.30672140937500003 0.6522507402777779 0.00959715000000001 0.03199050000000001
8 0.34750929726562496 0.6746440902777777 0.004798575781250003 0.017061600000000017
8 0.52805568359375 0.6725113895833333 0.005998218750000017 0.029857798611111104
9 0.51365995859375 0.5413503402777777 0.005998218750000017 0.01919429999999996
9 0.682209904296875 0.6053313416666667 0.050385036718749984 0.0874407027777778
9 0.7277963671875 0.5402839902777778 0.021593587499999956 0.02985779999999999
9 0.7307954765625 0.5754735416666666 0.02519251875000004 0.031990502777777784
9 0.7199986828125 0.6245256423611112 0.015595368749999939 0.04905209861111114
8 0.09918303984375 0.6714450402777777 0.007197862500000008 0.027725100000000048
4 0.31451909375 0.7066345895833334 0.03478966875 0.046919398611111045
2 0.389496828515625 0.7162317402777778 0.026392161718749963 0.044786699999999985
2 0.42488631953125006 0.7130326895833333 0.022793231249999924 0.03412319861111107
2 0.351708050390625 0.7204971416666666 0.04918539453125002 0.06611370277777766
2 0.46747367265625 0.7119663402777778 0.00959715000000001 0.03199050000000001
2 0.5052624515625 0.7140990402777777 0.015595370312500023 0.027725099999999968
2 0.48846743828125005 0.7130326902777778 0.020393943749999987 0.0383886
2 0.45127848203125004 0.6998065826175942 0.032390381250000023 0.0776370153203672
