8 0.47960546015625 0.5796857340277778 0.005848846874999936 0.025994879166666606
8 0.5259088328124999 0.5770862451388888 0.006823654687500014 0.027727868055555563
3 0.9133949515625 0.7347884916666667 0.17156618124999987 0.3916561305555555
2 0.8602679238281249 0.7470187393526405 0.20958368671875 0.25042589437819424
2 0.77399742890625 0.7399874687500001 0.10917847656250004 0.18716310972222228
6 0.6243644253906251 0.7035946409722222 0.026319811718750065 0.055455734722222164
6 0.657507891796875 0.6983956652777777 0.016571733593749992 0.05892171944444442
2 0.13452348164062503 0.7104874059447757 0.20276003046875002 0.19401667022288474
2 0.28464906700516396 0.7091956272809009 0.06237735036467207 0.09438557678402419
3 0.384074290625 0.6793327569444445 0.19496156718749996 0.2287549083333334
2 0.47765584453124993 0.7044611381944444 0.037042698437500035 0.06412069583333332
2 0.49861421328125 0.6957961777777778 0.012672501562499949 0.02599487500000003
2 0.5341946996093749 0.6992621618055556 0.035093082031249966 0.04679077638888892
2 0.509824503515625 0.6897307069444445 0.013647310156250026 0.017329916666666632
2 0.5341946996093749 0.6516048902777778 0.00974807890624998 0.020795902777777778
2 0.52005998671875 0.6490054027777777 0.008773271875000077 0.015596927777777757
