2 0.08782032148437499 0.5450433931939712 0.17564064296874998 0.3170682391657203
2 0.18056251796875 0.5772500805555555 0.021093751562499995 0.1025000111111111
2 0.19989845703125 0.5578750784722222 0.07242188125 0.10375000972222226
2 0.31000785 0.5585000784722223 0.06257813125 0.09750000972222218
2 0.543586017578125 0.519750075 0.05414063046875004 0.05500000555555557
2 0.582609459375 0.5022500736111111 0.04640625468749997 0.02500000277777777
2 0.6163594625 0.5166116232159758 0.08015625781250009 0.05877690912360399
2 0.6994688117187501 0.5047500729166666 0.04359375468750004 0.06000000416666672
2 0.7145859999999999 0.5003750729166667 0.04710937968749995 0.043750004166666655
2 0.76626569296875 0.48787507222222215 0.03234375312499997 0.021250002777777787
2 0.805570401953125 0.49537507152777777 0.06960938203125008 0.06125000416666669
4 0.239531287890625 0.5295833930555555 0.021093750781249997 0.03250000277777782
4 0.257460977734375 0.5252083923611112 0.011953125781250008 0.033750004166666674
4 0.26695316601562497 0.5214583923611111 0.011250000781250024 0.06875000694444443
4 0.305565528582171 0.5095833902777778 0.07019347435184198 0.13750001388888886
2 0.435260787109375 0.56500005625 0.20882814609375 0.32750003194444444
8 0.0161718765625 0.31458336458333336 0.0168750015625 0.06250000416666665
8 0.232031273046875 0.3825000381944444 0.011250000781250024 0.04750000416666664
8 0.22790920039062498 0.05962500208333334 0.025312502343750022 0.1187500125
8 0.035859378515625 0.31750003125 0.015468750781250002 0.058750004166666675
8 0.18386720585937502 0.42187504236111106 0.009140625781250012 0.0325000041666667
8 0.174023455078125 0.42312504236111104 0.00914062578124999 0.0325000041666667
8 0.22183595976562503 0.3837500381944444 0.00914062578124999 0.043750004166666655
8 0.24257814921875004 0.3837500381944444 0.012656251562499988 0.046250004166666595
8 0.21199220859375 0.06750000694444444 0.014765626562499978 0.1137500111111111
8 0.366328162109375 0.32562503263888887 0.01125000234375002 0.050000004166666695
8 0.377226600390625 0.32812503263888887 0.010546875781249998 0.05000000416666665
8 0.5055469257812499 0.3006250298611111 0.015468751562499961 0.06000000694444445
8 0.5178516140625 0.4212500423611112 0.017578126562499997 0.033750004166666674
8 0.003515625390625 0.3185417013888889 0.00703125078125 0.058750005555555554
8 0.94710946953125 0.01250000138888889 0.035156253124999995 0.02250000277777778
8 0.8848829011718748 0.026249983333333334 0.03867187890625008 0.04750000555555556
8 0.07558594492187501 0.37350004166666667 0.010546875781249998 0.027500002777777706
8 0.093515634375 0.37537504236111113 0.012656251562500009 0.03125000416666666
8 0.426656294921875 0.2141250201388889 0.022500002343749957 0.09375000972222222
8 0.4613203625000001 0.38162504305555556 0.009140624999999947 0.041250005555555525
8 0.48389187265625005 0.3835547263888889 0.01898437656250005 0.042500005555555574
9 0.4285547304687499 0.2982143180555556 0.01195312656250005 0.030000002777777764
9 0.5213672398437501 0.3725893256944445 0.014765626562499978 0.05125000694444443
9 0.655664128125 0.15383930347222222 0.07382813281249997 0.14875001527777776
9 0.475664131640625 0.2711607381944444 0.034453128906250005 0.02375000138888888
2 0.8983427421875 0.49026790694444444 0.02460937812499999 0.05375000555555553
0 0.969283036328125 0.52169648125 0.060418502343750013 0.39839289861111116
2 0.056336898437500005 0.6483842993055555 0.11267379687500001 0.42875004305555553
