9 0.294209598828125 0.3734195597222222 0.01600369453125001 0.007112752777777745
9 0.351822903125 0.3734195597222222 0.019204435937499965 0.00995785277777775
9 0.5842765789062501 0.35279257430555555 0.01520351093750003 0.03414121805555553
2 0.318873631640625 0.41076151527777777 0.012002771093749986 0.017070605555555573
2 0.308871322265625 0.41289534097222225 0.008001847656250005 0.01280295416666664
2 0.300069288671875 0.4121840666666667 0.01120258515625001 0.017070608333333345
2 0.290066980078125 0.4143178923611111 0.008802032031249985 0.015648056944444416
2 0.28486577890625 0.4157404423611111 0.009602217187500007 0.015648056944444416
2 0.279664578515625 0.41858554444444446 0.007201663281249981 0.01849316111111108
2 0.27406328515625 0.4207193715277777 0.010402403125000025 0.019915709722222234
2 0.266861621484375 0.4228531972222222 0.010402402343749983 0.021338261111111083
2 0.24765718710937498 0.4249870229166667 0.023205358593749992 0.034141218055555575
2 0.23125339921875004 0.427832125 0.02080480468750001 0.03414121666666669
2 0.208448133203125 0.42925467708333337 0.016803880468749987 0.028451018055555485
2 0.206047578515625 0.43494487847222224 0.016803878906250014 0.028451015277777714
2 0.19964610078125 0.43067722569444444 0.01840425000000001 0.03983141805555558
2 0.191644253125 0.4292546756944445 0.016803881249999986 0.045521623611111055
2 0.169239079296875 0.4299659513888888 0.042409792968750006 0.05547947777777777
2 0.137231689453125 0.44276890694444454 0.05681311953125001 0.06116968055555556
2 0.062414412499999995 0.4548605881944444 0.068815890625 0.07681773749999997
2 0.015203510937500001 0.45841696458333336 0.030407021875000002 0.08677559305555549
2 0.3772871203125 0.41005024097222226 0.008802032812499982 0.012802956944444412
2 0.384888875 0.41431789166666666 0.008001848437500004 0.012802955555555526
2 0.391290353125 0.41574044444444447 0.014403324999999967 0.01849316111111108
2 0.40049247890624995 0.4249870229166667 0.012002771874999985 0.019915709722222157
2 0.4100946953125 0.4285434006944444 0.013603140624999987 0.024183362499999975
2 0.42849894609375 0.42712084930555555 0.031207207812500037 0.029873565277777757
2 0.44850356484375 0.43992380555555555 0.04080942343749996 0.04409907222222221
2 0.47851049375 0.4470365583333334 0.054412564062499946 0.06970498333333335
2 0.521720472265625 0.4676635430555556 0.05921367421874999 0.08535303888888887
2 0.59013626953125 0.4733537465277778 0.13043011718750003 0.1337197652777778
2 0.70052026953125 0.5189291363512681 0.15643911875 0.1690337411863525
2 0.8677861 0.5530251131908953 0.2624606046875001 0.4476124652706795
2 0.356010778515625 0.4152832000000001 0.02240517578125001 0.03271866944444442
2 0.34108031255124044 0.44435555459847625 0.05066573583501914 0.08232807308584142
