9 0.351440516015625 0.5349395680555555 0.022037485156250015 0.021221283333333375
9 0.46070971796875 0.5218803159722222 0.040402059374999945 0.04733978472222226
9 0.504325576171875 0.5226965194444445 0.04499320234375004 0.04570737777777778
3 0.38596591015625 0.59288999375 0.03562727187499996 0.03591294027777781
3 0.337667087890625 0.5945224027777778 0.014691660156249986 0.026118505555555612
3 0.4441816046874999 0.5871765729166667 0.029383315624999982 0.031015720833333343
2 0.54491127578125 0.5912575875 0.01377342812500002 0.013059249999999956
2 0.518741762109375 0.596154807638889 0.012855200781249998 0.013059251388888922
2 0.4705347609375 0.6100302590277777 0.019282800000000044 0.02775090694444439
2 0.4117681308593751 0.60268443125 0.01744634140625001 0.016324065277777796
2 0.35805175976562503 0.6051330402777778 0.018364572656249977 0.02448609722222225
