8 0.490396371875 0.2886513159722222 0.015986842187500017 0.05861842083333334
8 0.618291109765625 0.39611842361111116 0.011990132031250055 0.046184211111111116
8 0.06074998828125 0.41121710694444447 0.015986842187499996 0.05506578888888885
8 0.7741628207031249 0.2211513173611111 0.027976974218749985 0.10480263194444446
8 0.40896339453124997 0.28154605277777783 0.014987664062500006 0.062171052777777784
8 0.608798921875 0.4032236861111111 0.008992598437500022 0.03907894722222222
9 0.7716648765625 0.2984210548611111 0.022981085937500013 0.03907894861111111
9 0.785653363671875 0.34815789652777773 0.03497121796874998 0.06394736805555551
9 0.71371257421875 0.3623684236111111 0.024979440625000036 0.05684210555555558
9 0.71471175078125 0.41743421319444446 0.02098272968749999 0.05328947361111113
0 0.38248518710937496 0.5222368444444445 0.00999177578124999 0.056842105555555536
3 0.390978196875 0.5018092131944444 0.048959703124999976 0.08348684305555554
2 0.449929677734375 0.5284539500000001 0.006994242968749997 0.015986841666666626
2 0.530863066015625 0.5284539500000001 0.012989310156250067 0.0230921055555556
3 0.19513938007812498 0.4849342131944444 0.26877878359374996 0.2202631597222222
2 0.41645722695312504 0.5231250027777777 0.05595394765624997 0.062171052777777826
2 0.4873988390625 0.5284539500000001 0.07593749999999995 0.10835526388888886
