9 0.46590286640625 0.523073379861111 0.00682891718750005 0.019424479166666626
9 0.4706831078125 0.5376417354166667 0.013657832812499927 0.019424479166666626
9 0.48638961953125 0.5522100916666667 0.009560485937499941 0.01942447777777774
9 0.52872890703125 0.4939366645833333 0.02048675312499997 0.029136712499999995
9 0.50482769609375 0.5242874076388888 0.016389401562499996 0.016996415277777763
9 0.613407482421875 0.50971905 0.015023616406250006 0.03156477500000005
9 0.525314448046875 0.5194312888888889 0.01638940234374999 0.05584536944444444
2 0.508754344921875 0.5584536868055555 0.02321832109375004 0.02428059583333335
2 0.49646229374999995 0.55723965625 0.012292051562500017 0.021852534722222258
2 0.469829515234375 0.5584536888888889 0.019120969531249976 0.01942447500000005
2 0.5520496859375 0.5608817472222222 0.04042717812499994 0.03884895277777771
2 0.626894615234375 0.5596677166666667 0.03277880390624999 0.031564772222222204
2 0.656258958984375 0.5584536875 0.036876153906250056 0.03399283333333329
2 0.763336374609375 0.5790921923611111 0.09150749140625 0.050989248611111135
2 0.408232693359375 0.55723965625 0.017755185156249985 0.0267086513888889
2 0.4334996875 0.5669518965277778 0.03277880312499999 0.04613313194444441
2 0.370368398637138 0.5659370934731687 0.03641396933560474 0.053815761946337345
2 0.39798931757812495 0.5560256284722223 0.008194700781249998 0.019424479166666626
2 0.3426750875 0.55723965625 0.023218320312499995 0.021852534722222258
