2 0.58756971484375 0.32029125277777776 0.01458686250000003 0.01983050555555555
2 0.5408059515625 0.32029125277777776 0.015444912500000019 0.01983050555555555
2 0.605506700390625 0.33864400347222223 0.020593216406250024 0.03661016249999997
2 0.621809663671875 0.34779654444444447 0.029173722656249977 0.05186439722222222
2 0.661279994140625 0.37220331944444446 0.05663134453124998 0.09457625277777776
2 0.7134548427378353 0.3874575555555556 0.09576919016317076 0.12203387499999999
2 0.509405023828125 0.34016942777777776 0.024025419531250057 0.05186439444444441
2 0.48752473085937503 0.3432202736111111 0.03346397578125 0.05186439722222222
2 0.458780033203125 0.34855925555555556 0.04118643359374996 0.0655932083333333
2 0.402148687890625 0.3691524729166667 0.08580506796875001 0.10067794583333334
2 0.27344108515625 0.3813558597222223 0.20078386093749997 0.15254234444444445
