8 0.0842306625 0.055065790277777776 0.018984374999999998 0.09592105277777778
8 0.40896339453124997 0.2557894736111111 0.014987664062500006 0.07815789444444445
8 0.39447531874999997 0.35437500277777784 0.021981907812500045 0.03730263055555558
8 0.052256978125 0.05950657847222222 0.018984375000000005 0.07638157916666667
8 0.18464801484375 0.38013157986111107 0.015986842187499996 0.04618420972222223
9 0.123198590625 0.07371710555555555 0.0369695734375 0.11190789444444445
9 0.23660525234375002 0.09680921041666667 0.09991776406250001 0.05151315694444443
9 0.43494201289062495 0.24246710694444445 0.020982730468749988 0.023092105555555558
0 0.46841446367187506 0.44141447638888887 0.015986841406250018 0.03374999999999994
0 0.49389349296875 0.4742763173611111 0.024979440625000036 0.11368420972222218
0 0.517374168359375 0.45118421319444446 0.02198190859375 0.06394736805555555
2 0.39497490703125004 0.47072368750000004 0.020982729687500035 0.06394736944444451
0 0.354508212890625 0.4893750034722222 0.03597039453124999 0.13677631527777778
0 0.24959456132812502 0.46983552847222226 0.015986841406250018 0.07638157916666664
0 0.20463156796874998 0.46095395 0.01199013124999997 0.04440789444444451
0 0.19813691328125 0.47427631805555553 0.018984374999999987 0.06750000000000003
0 0.1546726859375 0.5018092138888889 0.019983553124999998 0.10835526388888886
0 0.092224083203125 0.5284539506944445 0.024979439843750006 0.11546052638888887
0 0.09122490624999999 0.5257894756944445 0.028976151562499997 0.14921052638888888
0 0.12919365625 0.5177960548611111 0.02298108593749999 0.12256579027777777
0 0.18614678203124999 0.5177960548611111 0.026977796874999994 0.1296710513888889
0 0.23460689765625 0.4707236868055555 0.01199013124999997 0.07460526250000005
0 0.25558962734375 0.48315789861111114 0.017985196874999998 0.09236842222222223
0 0.27507359062500003 0.4796052659722222 0.02098272968749999 0.09236842083333335
0 0.32103576328125005 0.5204605291666666 0.04096628281250001 0.2238157916666667
2 0.532361832421875 0.50802631875 0.07194078984374999 0.11723684305555555
2 0.093223261328125 0.514243425 0.06694490234375 0.10124999999999997
2 0.9809925925781251 0.4742763194444444 0.03397203984374997 0.08881578888888887
2 0.7661693996093749 0.43580583863926753 0.41166118671875 0.40266430227853495
4 0.07174094218749999 0.4520723694444445 0.1378865140625 0.11546052777777784
4 0.006394731250000001 0.4467434236111111 0.012789462500000001 0.09059210555555555
