8 0.557860916796875 0.2995582201388889 0.006958763281249958 0.028865981944444424
8 0.639046497265625 0.36966132500000004 0.0046391757812499716 0.0164948472222222
8 0.4778582078125 0.2769974694444444 0.008118557812499993 0.030927841666666664
9 0.967871175 0.3110180923611111 0.013917526562499916 0.028865984722222234
9 0.9678711742187499 0.3336985083333333 0.02551547031249992 0.02886598333333335
9 0.9197397234375 0.35740985347222226 0.024355674999999976 0.01443299305555558
9 0.8078196019531252 0.35225521249999997 0.013917527343750003 0.0164948472222222
8 0.46568036992187506 0.36050263680555555 0.011597939843750016 0.02061855972222221
1 0.35839942421875 0.5532861736111111 0.12177837031250002 0.38144336111111116
7 0.351440660546875 0.6553480472222222 0.11018043203124997 0.29690726666666667
0 0.11136330117187501 0.43576038194444444 0.01739691015625 0.15463920277777782
0 0.08990711210937499 0.45740986944444445 0.03943299609374999 0.20618559999999997
2 0.5474227707031251 0.40412377847222225 0.011597939843750016 0.02680412638888888
0 0.526546478515625 0.4123712027777778 0.006958763281249958 0.039175266666666646
2 0.5335052425781249 0.4164949138888889 0.025515467968749928 0.03917526388888888
2 0.49697173125000005 0.42577326597222226 0.05682990625000004 0.07835052916666664
2 0.48653358593749996 0.4453608972222222 0.04755155468749992 0.09690723055555558
2 0.643685673046875 0.4042710479166667 0.025515467968750018 0.03505155138888891
2 0.597873810546875 0.40942569027777775 0.10090207890625003 0.0412371194444445
3 0.571358016015625 0.38082479999999996 0.026675261718750055 0.030927841666666626
3 0.7024147386718751 0.39525779027777774 0.09394331484375007 0.1257732138888889
3 0.74358742578125 0.3540206715277778 0.09974228437499999 0.12577321527777782
2 0.8004173324218751 0.4220619194444445 0.03711340859375003 0.02268041666666668
2 0.7488064984375 0.4622681111111111 0.09858248906250004 0.17319590555555556
3 0.291711269921875 0.3439580647950975 0.37577325703125003 0.6102099351457505
2 0.9825149621093751 0.44135482499999995 0.031021714843750027 0.03386930277777778
2 0.8704484777343751 0.5255536626916525 0.2551546820312501 0.3219761499148211
2 0.615873692578125 0.5594717423611111 0.3073454117187501 0.48865987638888886
2 0.972510351171875 0.4635954381944444 0.05103093515625012 0.06597939305555553
