9 0.9017455222656249 0.5602768215277777 0.02901433515625005 0.04624507361111109
9 0.816203256640625 0.5665021194444445 0.022010874218749876 0.09426879722222223
9 0.8392146265625 0.5851780131944444 0.02201087656249996 0.03201581805555552
9 0.51105248828125 0.6127471909722222 0.028013840624999987 0.06936760694444438
9 0.39649588828125 0.6990120347222223 0.027013346874999965 0.04980238333333339
9 0.547070284765625 0.38418981944444447 0.028013841406249983 0.04980238333333331
9 0.3445704810390492 0.3984190736111111 0.030814726984401596 0.04980238333333331
2 0.6166380121093751 0.6536562923611111 0.008003955468749968 0.012450595833333406
2 0.6216404843750001 0.6661068888888888 0.012005931249999957 0.016007908333333317
2 0.6241417199218751 0.6714428583333333 0.011005436718749984 0.012450597222222212
2 0.607133315234375 0.6465416652777778 0.009004449218750033 0.012450594444444442
2 0.6091343046875 0.6563242763888889 0.01100543750000007 0.014229252777777803
2 0.59912936171875 0.6500989784722222 0.011005439062500066 0.012450595833333328
2 0.6006301023437499 0.6563242763888889 0.01000494218750001 0.014229252777777803
2 0.595127383984375 0.6696641993055555 0.01300642578125002 0.0160079097222222
2 0.6086340570312501 0.6696642006944444 0.012005932812500042 0.019565220833333303
2 0.59562763046875 0.6687748715277777 0.014006918749999996 0.01422925416666669
2 0.593626642578125 0.686561438888889 0.01400692109374999 0.014229255555555573
2 0.5661130492187499 0.6785574840277778 0.017008403125000005 0.023122534722222178
2 0.5045826484375 0.6972333784722222 0.010004943750000005 0.02490119027777777
2 0.49557819843749995 0.7016800180555556 0.01000494218750001 0.01956522222222227
2 0.48457276210937505 0.7016800194444445 0.01400692109374999 0.0302371611111112
2 0.4645628742187499 0.6990120340277778 0.0240118640625 0.03201581805555552
2 0.43955051640625004 0.7016800194444445 0.032015817187499976 0.03735178888888887
2 0.4200408769531251 0.7043480048611112 0.021010382031249986 0.03557313194444439
2 0.358343718359375 0.68478278125 0.02101038046874999 0.010671940277777736
2 0.37585236875 0.6892294229166667 0.014006920312499994 0.012450595833333328
2 0.370849898046875 0.7150199430555555 0.03601779453125 0.056917008333333366
2 0.338834079296875 0.7167986006944445 0.04001977265624999 0.0604743236111112
2 0.293311587890625 0.7212452430555557 0.07703806484375 0.0800395472222222
2 0.256793544921875 0.6901187520833333 0.038018783593749994 0.0498023847222222
2 0.221275996484375 0.6892294229166668 0.03901927890625001 0.04446641250000004
2 0.20476783945312502 0.6874507659722222 0.03801878515625001 0.04446641250000004
2 0.15857835078125 0.6812254701388889 0.06103015468750002 0.08537551527777777
2 0.11805833046875 0.6856721097222221 0.07603756874999999 0.0835968583333333
2 0.008003955078125 0.6634389027777778 0.01600791015625 0.021343880555555552
2 0.059029165625000005 0.6936760659722222 0.11805833125000001 0.09604745416666671
2 0.6412168070312501 0.6929646118055555 0.015007415624999965 0.032015818055555596
2 0.647720018359375 0.7018578951388889 0.014006919531249995 0.0498023847222222
2 0.65872545703125 0.7063045368055555 0.022010874999999964 0.06581029305555551
2 0.6777348484375001 0.7027472250000001 0.0240118640625 0.09782611388888895
2 0.788289501953125 0.7481029659722221 0.14507167734375007 0.1814229680555556
2 0.9902892691406251 0.9307709777777777 0.018008897656249977 0.12984192777777773
0 0.9651147847656251 0.6981227055555556 0.03634204921874993 0.15118581111111112
7 0.856723276953125 0.7283598680555556 0.02701334765624992 0.0622529805555556
8 0.5105550761718749 0.3838011923611111 0.024107153906250022 0.019897968055555597
8 0.380979125 0.39642874930555555 0.02496812343750001 0.021428581944444462
0 0.6991074570312501 0.7048472555555556 0.022385214062499957 0.12551026111111113
