2 0.065735401953125 0.605574868450691 0.13147080390625 0.1855960742097293
2 0.028923576953125002 0.6282551472222222 0.057847153906250004 0.17389204999999996
3 0.322366410546875 0.5983382340277777 0.12516020546875 0.059833823611111114
2 0.4380607171875 0.6086802538898353 0.091503678125 0.03167055888699603
0 0.465932528125 0.6123617888888889 0.012621196874999985 0.024307491666666674
0 0.512210250390625 0.602077848611111 0.016828263281250068 0.03365652499999996
9 0.5011667027343749 0.5029780791666667 0.01788002890625 0.04113575277777773
2 0.6410516390625001 0.5183104909722223 0.236647446875 0.20193915416666666
2 0.7292829203304674 0.5764981608886995 0.23851678284843478 0.20986568844406592
2 0.6052915796875 0.6146055506944444 0.024190628125000037 0.07292247361111105
2 0.85806611171875 0.626916524701874 0.27731574843750006 0.252129471890971
2 0.946589786328125 0.6944732681762257 0.10412487734375002 0.21347805253643753
8 0.772141173046875 0.3986428430555556 0.021035328906249973 0.07853189444444442
8 0.582823216015625 0.36685612361111114 0.014724730468750025 0.052354597222222195
8 0.9188625910156251 0.47717473680555555 0.0094658976562501 0.037396140277777726
8 0.9877530574218749 0.44128086041666664 0.02081463359375011 0.1084593930555556
