9 0.7157051015625 0.3088985236111111 0.028081684374999936 0.03536211944444448
9 0.657201594140625 0.32657958263888887 0.04680280703125002 0.04576274305555555
2 0.637834481640625 0.3649133006944445 0.010530632031249976 0.0166409986111111
2 0.6313990957031249 0.3669934256944444 0.009360561718750039 0.012480748611111163
2 0.6237936390625001 0.3669934256944444 0.010530631249999978 0.012480748611111163
2 0.612677973046875 0.36699342430555554 0.014040842968749967 0.020801245833333266
2 0.59044663984375 0.36283317430555556 0.016380981250000027 0.024961495833333323
2 0.576405798046875 0.3617931159722223 0.016380982031249935 0.031201870833333346
2 0.555929571484375 0.37115367361111107 0.03627217734374995 0.05408324444444443
2 0.488650535546875 0.35347261736111113 0.018721124218749986 0.01456087361111113
2 0.440092622265625 0.3732337986111111 0.07371442109374993 0.09568573611111111
2 0.345901975390625 0.3493123666666667 0.03276196328125001 0.027041622222222214
2 0.312554975 0.34827230486111116 0.04329259531249998 0.024961498611111133
9 0.9092907601562501 0.4023555451388889 0.010530631249999978 0.0166409986111111
9 0.836161376171875 0.40443566875000003 0.01404084140625006 0.020801245833333266
9 0.860147813671875 0.40131548125000005 0.01287077265624994 0.010400623611111114
9 0.5728955875 0.31187011805555553 0.11466687656250008 0.03120187222222223
