8 0.252525009375 0.35367275555555555 0.010796793749999978 0.03625589999999998
8 0.277717528125 0.41125565555555554 0.010796793749999978 0.023459700000000003
8 0.35569437187499997 0.4446679513888889 0.013196081250000002 0.03199050000000001
8 0.46786106484375 0.4350708027777778 0.01439572499999997 0.025592400000000026
9 0.33170149765625 0.42440730208333327 0.013196081250000002 0.021327001388888867
9 0.30051076015625 0.41694285 0.017994656249999963 0.01066350000000003
9 0.351495619140625 0.48305655 0.009597150781250008 0.014928899999999995
9 0.28011681640625 0.4702603506944445 0.017994656250000008 0.019194298611111153
9 0.22133427304687503 0.44680064999999997 0.00839750546875 0.023459700000000003
2 0.14376211181723808 0.5527247618055556 0.08916391699052384 0.08744070138888883
2 0.6684015175781249 0.5663666474895892 0.12836188046875002 0.17532273279859925
2 0.75837479921875 0.6465635625 0.05878254374999994 0.10876770000000001
2 0.5027131948699692 0.6533171145833333 0.22060952432256178 0.3625590180555556
9 0.506249664453125 0.46777222500000004 0.01919430078124993 0.02132699999999998
3 0.8922350417968751 0.47026034930555555 0.21233694453125002 0.8317530013888889
