2 0.16067482578124997 0.4722377826388888 0.04244240781250001 0.040785495833333366
2 0.202543686328125 0.46713959513888886 0.04129531484374997 0.03466767083333337
2 0.29897785349233386 0.47846771535349225 0.07953577512776833 0.10173951929301531
2 0.4042050206458955 0.47575704676793484 0.056900861604290934 0.08268956201968578
2 0.506523086328125 0.44878612222222225 0.036706946093749956 0.05506041944444446
2 0.247198342578125 0.4624055625 0.03785403828125 0.04282477222222225
2 0.32892865234375 0.45016991250000005 0.016059289062500027 0.02651057222222219
2 0.351296948046875 0.44813063749999993 0.026383117968750015 0.03058912222222219
2 0.4304463015625 0.44915027569444443 0.012618012499999942 0.020392748611111088
2 0.45109395820312503 0.449150275 0.012618011718749943 0.01631419722222221
2 0.4688738859375 0.4430324506944444 0.018353473437500066 0.032628395833333296
2 0.480918352734375 0.44609136250000003 0.02179474921875002 0.03058912222222219
2 0.554160188671875 0.44762081944444443 0.02179474921875002 0.02651057222222227
8 0.10897374687500001 0.33240179305555556 0.016059289062500003 0.030589122222222227
8 0.46055746835937494 0.33240179375 0.008029644531249946 0.02651057361111112
8 0.49497023046875005 0.3691087395833334 0.008029643750000037 0.01835347361111109
9 0.029523285937500005 0.33749997916666663 0.04817786718750001 0.026510572222222233
9 0.24517659570312497 0.38032475069444444 0.022941841406250017 0.018353473611111167
9 0.3521572671875 0.4149924222222222 0.009176735937499991 0.02039274722222228
9 0.79415271171875 0.17021571805555555 0.024088934375000016 0.04486404444444446
9 0.834300933984375 0.18652991805555555 0.04244240703125009 0.03262839722222222
9 0.812506184765625 0.2446492493055556 0.05620751171874998 0.042824770833333324
8 0.328029457421875 0.38104820972222225 0.00860969765624997 0.022959194444444442
8 0.1046078015625 0.3994155652777778 0.007748728125000004 0.029081644444444443
