0 0.6556801453125001 0.4279573791666667 0.0252657046875 0.09856744166666663
0 0.9497448839843748 0.4011320652777778 0.018949278906250023 0.12476891944444443
0 0.9346556437499999 0.3998843756944444 0.015440153125000045 0.12476891805555551
0 0.9164081890624999 0.3930220840277777 0.012632853125000131 0.08858592916666663
2 0.02008973359375 0.4919460173611111 0.039302207812500004 0.09232899583333333
2 0.0526368859375 0.4844153145833333 0.043513159375 0.059889079166666664
2 0.07439346601562499 0.47380995625 0.03509125703125 0.05614601249999996
2 0.79007966171875 0.39738899513888887 0.025967529687500067 0.026201470833333376
2 0.757795705078125 0.40113206319444444 0.03579308203125002 0.03368760694444448
2 0.689718666015625 0.4079943541666667 0.03579308359375002 0.039926052777777776
2 0.65357467109375 0.40861819861111115 0.04070585937500004 0.03867836388888893
2 0.621992538671875 0.4192235569444444 0.03368760703125 0.04242143333333333
2 0.5830412425781251 0.42421431180555563 0.05263688515625002 0.062384459722222216
2 0.533913482421875 0.43045275833333335 0.056847836718749975 0.06987059166666666
2 0.47215286875 0.43981042777777773 0.06807703749999998 0.06862290555555552
2 0.8855278828125 0.3886551715277778 0.02386205624999995 0.036182984722222186
2 0.8623676527343751 0.38803132708333327 0.01684380390624991 0.022458404166666668
2 0.8339437339843752 0.3899028611111111 0.018949278906250023 0.021210716666666702
2 0.725160835546875 0.40425128819444445 0.030178480468749935 0.034935301388888874
2 0.161595241015625 0.46164498680555555 0.014036503906249997 0.019963026388888888
2 0.1426459625 0.4610211430555556 0.019651106250000015 0.02869685000000004
2 0.09983462773437499 0.4635165222222222 0.01824745390624999 0.03368760833333337
2 0.11527478124999999 0.4628926763888889 0.015440154687499996 0.03493529999999999
2 0.183176363671875 0.4707947208333333 0.03649490703125002 0.054898322222222226
8 0.78253504140625 0.3275184027777778 0.005614600000000003 0.013724580555555557
8 0.9088635691406249 0.3219038020833333 0.0056146023437499085 0.01497227083333333
