8 0.5167100484375 0.6784648319444445 0.0062371640624999895 0.022176586111111143
8 0.523337032421875 0.6763857784722223 0.004677871093749975 0.02079054861111105
8 0.511252528125 0.6784648291666667 0.003898226562500007 0.019404511111111116
9 0.6964183343749999 0.6632184326388889 0.017152203125000032 0.011088295833333303
9 0.8830459734374999 0.5397918826388889 0.03527895937499999 0.04421455416666665
2 0.5975202992187499 0.7947532777777777 0.029626529687500014 0.07484596944444442
2 0.58933403359375 0.8016834569444444 0.02260971718749998 0.07761803611111115
2 0.5655548453125 0.8023764791666667 0.04677873124999996 0.12612931111111106
2 0.6329941796874999 0.7871300777777779 0.014813264062499965 0.08177615277777776
2 0.642418069921875 0.7982386361111111 0.027151303906250045 0.12616984166666675
2 0.7365078617187499 0.8452319638888889 0.15721060468749998 0.21511915833333337
2 0.5398265312499999 0.8224740083333333 0.06549022187500002 0.16909644722222228
2 0.028379576171874997 0.8579298923611112 0.056759152343749994 0.07091176805555553
2 0.084396625 0.8905284069444444 0.1668441359375 0.21344960833333348
2 0.338036828125 0.8149362465277779 0.4207255234374999 0.3567735486111111
2 0.6200767546874999 0.7698555659722222 0.022866996875000024 0.05250939861111116
2 0.6812459527343749 0.8122018583333332 0.07622332265624995 0.16260975833333333
