0 0.9944189558593749 0.618562711111111 0.010091352343749981 0.08297336388888894
0 0.971082696875 0.5938949534722222 0.013875612500000046 0.033637848611111174
0 0.9843275984375002 0.6230477590277778 0.012614190624999999 0.09194345972222225
0 0.9218873406249999 0.6133301361111112 0.01639845156249997 0.09194345833333328
0 0.9351322449218749 0.6159464229166667 0.02018271015624986 0.09867102361111112
0 0.9035967597656249 0.6133301361111112 0.02270554609375015 0.09194345833333328
0 0.8600777917968749 0.5931474215277778 0.013875611718749958 0.06503317361111113
0 0.8260194667968751 0.5931474215277778 0.016398449218750066 0.06503317361111113
0 0.12046555156250001 0.47167741527777785 0.0214441296875 0.04036542222222224
0 0.07442374140625 0.4843850430555555 0.020182709374999996 0.09418598055555552
0 0.06244026093749999 0.5045677506944445 0.016398453125 0.06279065416666667
2 0.6218797519531251 0.5651158798611111 0.017659871093750022 0.04036541805555558
2 0.59538994609375 0.5449331701388889 0.030274065624999923 0.02691028194444445
2 0.594759237109375 0.5763285 0.03910399921875003 0.07624579444444445
2 0.545563880078125 0.573705467061802 0.07442374140625 0.12185727143195153
2 0.47429368632812496 0.60099625625 0.13371045546875004 0.1704317736111111
2 0.684950721484375 0.657580919931857 0.17155303671874994 0.2555366269165248
2 0.204980648046875 0.65025928678781 0.40996129609375 0.4677948846867311
