2 0.31007801640625 0.43218734861111113 0.012656245312500003 0.026249991666666656
2 0.31851551367187503 0.43312484791666667 0.014765619531249996 0.020624993055555527
2 0.26103506484374994 0.4396873458333333 0.017929681250000006 0.03374998888888885
2 0.2457421015625 0.4434373444444445 0.016874993750000032 0.02999998888888887
2 0.197226493359375 0.44812484374999995 0.023203116406250012 0.050624984722222245
2 0.175078063671875 0.4584373395833333 0.02320311640624999 0.04124998472222217
2 0.15451166445312497 0.4424998451388889 0.011601558593750005 0.009374995833333344
2 0.14080073203125001 0.44531234375 0.013710932812499998 0.011249995833333375
2 0.124980425390625 0.4584373395833333 0.02847655390624999 0.03749998750000003
2 0.150292916015625 0.46406233750000003 0.03691404921874999 0.03749998611111115
2 0.085429657421875 0.4799998319444444 0.08648434453125001 0.08062497222222223
2 0.022675773437499998 0.4926944895218153 0.045351546874999996 0.05523565706748054
2 0.222538984375 0.4424998451388889 0.0400781109375 0.050624981944444473
2 0.28740224296875 0.42937484930555553 0.04113279843750002 0.050624981944444473
2 0.34119128671875 0.43124984930555554 0.03691404999999999 0.0506249819444444
2 0.35542956328124997 0.40968735625 0.01687499374999999 0.02624999027777777
2 0.410800637109375 0.41624985486111116 0.011601557031250032 0.020624993055555527
2 0.44455062539062506 0.41062485555555556 0.015820307031250015 0.024374988888888855
2 0.42820297499999993 0.41343735555555555 0.02742186562500004 0.04874998333333333
2 0.47091780390625004 0.42281235208333334 0.043242171875000054 0.05999997916666663
2 0.38548814609375004 0.4303123493055556 0.06222654062499999 0.09374996805555556
2 0.53841778046875 0.39562486180555556 0.02214842968749995 0.020624993055555603
2 0.551074026171875 0.39374986250000005 0.024257803906250076 0.024374991666666703
2 0.57427714296875 0.38812486458333334 0.045351546875 0.0356249875
2 0.6064451003906249 0.3862498652777778 0.09070309296875001 0.0393749861111111
2 0.619628689453125 0.3928123625 0.04113279765625002 0.026249991666666656
2 0.645995867578125 0.38999986388888885 0.02847655234374997 0.0318749888888889
2 0.686073978515625 0.3787498673611111 0.07066403828125001 0.0431249847222222
2 0.6924021011718751 0.40218735972222225 0.05589841796875002 0.0787499722222222
2 0.7203513105468751 0.4012498597222222 0.05695310546875003 0.08062497222222223
2 0.7762497281249999 0.3899998631944444 0.09281246718749996 0.10687496249999996
2 0.8442770480468751 0.3787498673611111 0.15925775703125006 0.15562494583333328
2 0.9233785828125001 0.3843748652777778 0.15187494687500003 0.19312493333333333
2 0.97980434453125 0.41437485486111114 0.03691405000000003 0.15562494583333328
9 0.5320896570312501 0.3421873798611111 0.009492182812499994 0.018749993055555532
9 0.590624793359375 0.2896873986111111 0.01898436796874998 0.02999998888888887
