9 0.091148004296875 0.2688279375 0.10810539296875002 0.10078118055555557
9 0.08653374960937499 0.18281237430555555 0.10942375234374999 0.0749999486111111
9 0.263852964453125 0.4089840923611111 0.02636716953125 0.07734369583333331
9 0.222324672265625 0.4546871854166666 0.022412094531250037 0.04218747083333333
2 0.5146485116715024 0.4558590618055556 0.03366244071949529 0.05390621249999994
2 0.5407082421875 0.4453121944444444 0.02109373437500004 0.028124980555555526
2 0.5591652605468751 0.43945282152777776 0.013183585156250021 0.011718743055555573
2 0.5960792984375 0.43593719999999997 0.015820301562500028 0.018749986111111068
2 0.63299333515625 0.47906577983626725 0.06591792343750003 0.08249271810524321
9 0.6145363164062501 0.41015596805555554 0.007910150000000015 0.018749986111111148
9 0.5426857796875 0.3949216034722222 0.01186522656250002 0.011718743055555573
4 0.17679940374787054 0.47018739352640543 0.0709114139693356 0.027257240204429285
