8 0.154672686328125 0.5852960569444444 0.01199013203124999 0.04085526388888891
8 0.14318214296875 0.6421381611111111 0.012989309375000003 0.015986841666666703
8 0.5018869148437499 0.4893750027777778 0.014987664062500006 0.062171052777777826
8 0.790649251953125 0.24157894861111112 0.0229810851562501 0.0888157888888889
8 0.676243412890625 0.5364473715277778 0.01598684140624993 0.042631579166666635
8 0.7571768011718749 0.48404605486111113 0.04396381640625 0.06572368472222215
8 0.9055546796874999 0.3934539506944444 0.02098272968749999 0.0799342097222222
8 0.92254070078125 0.3668092125 0.030974506249999933 0.15098684166666668
9 0.92753658828125 0.2131578958333333 0.03896792812500003 0.049736841666666684
0 0.6567594476562499 0.6687828979166667 0.016986020312500027 0.07993420972222225
0 0.8660871636718749 0.6501315819444444 0.01798519765625013 0.09592105277777783
0 0.11870229023437502 0.71407895 0.01998355234375 0.07815789444444445
0 0.0462619125 0.6758881611111112 0.0469613484375 0.14032894722222228
0 0.102215859765625 0.713190792361111 0.016986019531250007 0.07638157916666664
0 0.350511502734375 0.699868425 0.05795230234375 0.20960526388888892
0 0.8456040218750001 0.6750000034722223 0.050958059374999996 0.19539473750000008
2 0.328030006640625 0.6794407923611111 0.016986019531249986 0.026644734722222237
2 0.3190374078125 0.6883223722222223 0.018984375000000008 0.03374999999999994
2 0.372493410546875 0.6821052666666667 0.023980263281250025 0.03552631666666662
2 0.234606896484375 0.7060855298611111 0.051957238281250005 0.058618420833333254
4 0.406465450390625 0.6323252145833334 0.05595394765625002 0.12087589027777779
2 0.9736096501537211 0.6510197402777778 0.05273463250505746 0.19717105277777772
2 0.051757389453125004 0.8483781303970281 0.10191611953124999 0.29982270031705466
2 0.518872934765625 0.7664802680555555 0.35071135078125 0.46361842499999995
2 0.28406618984375004 0.7007565833333333 0.05695312500000003 0.0657236861111112
