2 0.6749305828125001 0.4991482112436116 0.10291689374999997 0.09880749574105623
2 0.5405019943449212 0.45920058263888897 0.04878732306484244 0.07246791805555554
2 0.41751577734375 0.4478551243055556 0.027371181250000022 0.045047373611111156
2 0.47057946264041206 0.4540391281504354 0.029560836218324126 0.0426608798102404
2 0.45347945625 0.45081008749999996 0.013917528125 0.030338741666666634
2 0.44362120664062504 0.4515464659722222 0.012757733593749964 0.03298969583333336
2 0.434487829296875 0.44819595000000007 0.006088917968749996 0.022164952777777813
2 0.3901547140625 0.44556709652777776 0.009278351562500032 0.01855670416666663
2 0.38012248515625 0.44381450555555546 0.008118557812499993 0.02268041388888891
2 0.3702642359375 0.43969079305555553 0.013917526562500004 0.030927838888888854
2 0.35570881796875 0.4391753305555555 0.015077321874999994 0.037113408333333334
2 0.35164953906249996 0.4402062569444445 0.01623711562500003 0.030927838888888934
2 0.33947170273437505 0.4412371868055555 0.015077324218749988 0.03298969861111113
2 0.327873761328125 0.4412371861111112 0.01275773359375001 0.037113408333333334
2 0.3116366453125 0.4422681131944444 0.017396909375000026 0.03505155138888891
2 0.19136601132812497 0.43298976250000004 0.03943299765624999 0.049484544444444445
2 0.1617912640625 0.43706075196266325 0.03595361406249999 0.0495899877413401
2 0.11713919453125002 0.43212915844572214 0.05798970000000001 0.06357688588633349
2 0.05277062734375 0.4381444027777778 0.068427846875 0.06391753888888888
2 0.012177837109375 0.4371134729166667 0.02435567421875 0.07422681250000002
8 0.41404645976562493 0.36048116527777774 0.011597939843750016 0.026804130555555538
8 0.47454907109375 0.3701031541666667 0.008118557812499993 0.02268041666666668
9 0.3429124515625 0.3546392340277778 0.013917528125 0.028865984722222234
8 0.45560574882812493 0.36838493958333335 0.006572172656249986 0.026116845833333357
9 0.168363436328125 0.21202752291666663 0.01739691015625 0.030927837500000006
9 0.18440724687499999 0.21408938055555554 0.009278351562500009 0.039175266666666646
