2 0.7239048472656251 0.43273928611111107 0.017291272656250013 0.02305503055555557
2 0.745158704296875 0.4365817909722222 0.010807046093750028 0.015370020833333341
2 0.8139635636718751 0.4404242965277777 0.012968455468749873 0.01793169027777779
2 0.802436048828125 0.4397838791666667 0.012968455468750051 0.016650855555555604
2 0.77073538125 0.4814110194444445 0.07925167031250009 0.11783682777777776
2 0.9025813417968749 0.4385030451388889 0.07636979140624992 0.04995256805555554
2 0.8914140601562501 0.4525922319444444 0.04394865312499992 0.044829227777777765
2 0.9375241246093751 0.45707515277777777 0.06844462578124996 0.05891841388888884
2 0.70913521796875 0.43786262638888884 0.007925167187499938 0.02305503055555557
2 0.6983281722656249 0.43273928680555557 0.018011742968749987 0.03074004305555557
2 0.686800656640625 0.4353009548611111 0.022334561718750034 0.03330171250000002
2 0.657261398046875 0.44042429513888887 0.028098319531250037 0.03330171250000002
2 0.5985244353785136 0.45195181180555555 0.05767493549297269 0.06148008194444448
3 0.5041615796875 0.44939014236111113 0.10518858125000001 0.1024668069444445
3 0.322706112109375 0.388550475 0.31124292421875 0.3035579138888889
2 0.03851296640625 0.5025447972222222 0.0770259328125 0.17547440555555555
