0 0.009825573828125 0.6612362618055555 0.01824745390625 0.16095190138888885
2 0.20932282351003512 0.7054650960817718 0.10912690766742975 0.16731860783645658
2 0.3095049125 0.6899331125 0.0378985578125 0.05614601111111115
2 0.417585985546875 0.6874377340277777 0.02526570546875 0.041173743055555594
2 0.5597055785156251 0.7111438277777777 0.08351719296875001 0.113539713888889
2 0.39758396875 0.6843185118055556 0.013334678125000022 0.019963026388888888
2 0.4361843515625 0.6911808013888888 0.014738328125000066 0.02869684999999996
2 0.045267743359375 0.67620853125 0.03438943203125 0.03368760694444448
2 0.081411738671875 0.6755846868055555 0.02526570546875 0.03493529583333333
2 0.7628839375 0.721749186111111 0.0814117171875001 0.07985210555555547
2 0.9523767277343751 0.7198776520833333 0.09123726953125004 0.0885859291666667
0 0.707439772265625 0.7167584298611112 0.022458405468749998 0.09731975416666666
0 0.8113098945312499 0.7729044416666666 0.0364949078125 0.20711639999999992
0 0.65725927421875 0.7074007604166667 0.020352929687500066 0.08109979583333345
0 0.506015954296875 0.6905569569444444 0.014036502343750002 0.05240294444444436
0 0.9064071804687501 0.7061530715277778 0.014738328124999889 0.11353971250000004
0 0.8958798035156249 0.7074007604166667 0.01614197890625011 0.10106282083333337
8 0.533036222265625 0.6244294312499999 0.010527377343749932 0.019963026388888888
8 0.27371182968749996 0.4815690236111111 0.009825551562500002 0.04366911944444449
2 0.13966322617187502 0.6687223965277778 0.02105475390625 0.028696851388888927
2 0.26914996640625 0.6818231326388889 0.024563879687500022 0.029944540277777855
2 0.38038925234375 0.6824469770833334 0.015440153125 0.02121071527777774
8 0.33441970507812496 0.6531262826388888 0.004912775781249978 0.019963026388888888
9 0.5042613914062499 0.59573258125 0.01894927968750002 0.054898323611111105
6 0.847804780859375 0.7292353208333334 0.03088030703125 0.05739370000000008
9 0.9688696191406251 0.38237773541666664 0.020352928906249977 0.029944540277777775
8 0.9846606851562498 0.38799233680555556 0.028073006249999997 0.1085489569444444
9 0.53198348515625 0.5676595756944445 0.014036503124999999 0.031192229166666703
