9 0.6393271625000001 0.5531248062499999 0.05800779218749996 0.041249984722222244
9 0.972080953515625 0.6093747881944445 0.01687499453125003 0.03749998750000003
2 0.9747176710937501 0.6543747715277778 0.04324217187499997 0.029999990277777833
2 0.44262801367187504 0.6187497833333333 0.014765619531249996 0.071249975
2 0.5006358058593751 0.6121872854166667 0.01054687109375001 0.020624993055555527
2 0.53807719921875 0.6056247881944444 0.01792968124999996 0.018749993055555574
2 0.616651390234375 0.6168747833333333 0.023203116406249967 0.026249988888888885
2 0.581846714453125 0.5981247909722223 0.00843749765625006 0.018749993055555574
2 0.5992490523437499 0.62437478125 0.03058592656250001 0.018749993055555574
2 0.22380192769112012 0.6271872805555555 0.07483980086775983 0.07687497222222224
2 0.40518662070312506 0.6271872819444444 0.07699216171874998 0.1106249611111111
