9 0.229575644140625 0.3421872645833333 0.007910150781250014 0.01874998750000003
0 0.09378472109375 0.40898409444444445 0.03955075312499999 0.16171863888888885
9 0.43128448945312503 0.38554660972222227 0.02109373515624995 0.035156224999999985
9 0.43392120664062495 0.34804663541666664 0.013183585156250021 0.03046872916666668
2 0.477427035546875 0.3949216034722222 0.018457017968749944 0.02578123194444441
2 0.49258815859375 0.38671848472222226 0.01186522656250002 0.02343748611111107
2 0.49588405429687493 0.40078097430555554 0.00527343359375001 0.03281247638888887
2 0.523569581640625 0.41120022890876395 0.05009762109375 0.07708846892863903
2 0.554551006640625 0.40078097430555554 0.01713866015625003 0.03281247638888887
8 0.561801977734375 0.3539060069444444 0.007910150781250014 0.028124980555555564
8 0.47347196054687507 0.364452875 0.007910150781250014 0.025781233333333337
9 0.602011911328125 0.33562476736111113 0.014501942968750025 0.01874998750000003
2 0.5744782793867121 0.40204429301533223 0.015332197614991471 0.030664395229982943
