2 0.649767009301134 0.594416163888889 0.09857075141476787 0.11437745
2 0.33874572617187504 0.5892171875 0.055564047656250004 0.06585368611111109
2 0.4610841109375 0.5762197486111111 0.027294620312499962 0.03985880833333337
2 0.42686835624999997 0.5692877826388889 0.019691115625000054 0.025994876388888914
0 0.37822544375 0.5866177013888888 0.0116976953125 0.0502567611111111
0 0.27782023632812497 0.5848847069444444 0.013647310156249981 0.06758667500000004
0 0.29146754765625 0.5848847069444444 0.009748079687499977 0.06758667500000004
2 0.603893460546875 0.5822852208333333 0.049715200781250066 0.10397950277777773
2 0.579035861328125 0.5909501777777778 0.023395389843750003 0.0658536833333334
2 0.57172479921875 0.5857512034722222 0.032168659375 0.05545573472222224
2 0.557102685546875 0.5814187243055555 0.02437019453125 0.05372274027777774
2 0.5439427792968751 0.5788192347222223 0.013647308593750029 0.03812581944444441
2 0.534682104296875 0.5623558138888889 0.014622117968750015 0.03292684444444439
2 0.48740392226562507 0.5415599159722223 0.013647308593750029 0.019062909722222247
2 0.4727818046875 0.5372274354166666 0.00974807812500007 0.013863931944444375
3 0.473756614453125 0.5250964916666667 0.015596925781250003 0.02079590000000001
2 0.98455592578125 0.5632223097222223 0.027294620312499872 0.1490372888888889
0 0.785190309375 0.5923118284722222 0.019496156249999962 0.10224651249999997
9 0.5775736480468749 0.5216305097222222 0.010722885156250061 0.017329919444444484
9 0.34215755390625 0.5216305097222222 0.00584884687499998 0.017329919444444484
