9 0.561801977734375 0.3871872263888889 0.010546867968750017 0.014062488888888837
2 0.4866555453125 0.41414033333333333 0.01054686718750002 0.021093736111111146
2 0.47808621562500003 0.4153122076388889 0.00922850781249993 0.01874998750000003
2 0.46490263046875 0.41296845972222224 0.014501943750000024 0.023437483333333377
2 0.45369658398437507 0.41882783055555556 0.015820302343750026 0.025781233333333375
2 0.43919464062499997 0.4164840805555556 0.018457018750000033 0.03515622500000006
2 0.422055980078125 0.41765595555555557 0.026367169531249957 0.03749997500000006
2 0.40821321601562505 0.42703094861111107 0.019775377343750032 0.03281247499999999
2 0.39568881132812506 0.42820282361111106 0.02636716953125 0.03984372222222221
2 0.3805276875 0.4317184465277778 0.022412093749999994 0.046874968055555556
2 0.3548196984375 0.42820282291666667 0.036914037499999976 0.05859370972222225
2 0.323838274609375 0.4387496916666666 0.04877926328125 0.06093745833333336
2 0.2849467 0.45164030763888896 0.05537105624999996 0.0679687041666667
2 0.226279747265625 0.46335904930555555 0.09360345078125001 0.0914061875
2 0.1063091265625 0.4797652881944444 0.1516112234375 0.1429686513888889
2 0.54004906328125 0.40945283680555555 0.022412093749999952 0.03046872916666664
2 0.5552101855468751 0.4141403326388889 0.013183585156250021 0.03046872916666672
2 0.5637795152343751 0.4164840833333334 0.017138658593750033 0.04921871666666667
2 0.5723488457031249 0.4164840833333334 0.02109373515624995 0.04921871666666667
2 0.586191609765625 0.42234345347222224 0.03295896171874997 0.05624996249999994
2 0.634311694140625 0.4235153277777778 0.07646479140625004 0.12421866388888894
2 0.717368277734375 0.4551559298611111 0.14501943046875 0.21093735416666667
2 0.5070901015625 0.41531220625 0.03823239531250007 0.03281247638888895
2 0.02118437109375 0.48328090972222226 0.0423687421875 0.18749986944444438
2 0.859091812109375 0.5114058916666667 0.28081035390625003 0.4640621805555556
