8 0.42116981640624995 0.5882387243055557 0.006832418750000002 0.02082260972222222
0 0.975083769140625 0.6576474215277778 0.02928179453124997 0.12146522361111106
0 0.6993468675781249 0.6394276388888889 0.016593016406249994 0.07808478611111111
0 0.6808017308593749 0.6402952493055556 0.020497257031250004 0.07287913472222224
2 0.5275603375 0.6229430736111111 0.0439226921875 0.0589973944444445
2 0.43678677421874995 0.6238106819444444 0.018545135937500047 0.03643956666666668
2 0.452891761328125 0.6281487256944445 0.02537755546874996 0.05552695972222218
2 0.574411209375 0.6410995765533315 0.081012965625 0.11625957083333331
2 0.48266158554687505 0.6507065527777779 0.07125236796875001 0.1041130472222222
2 0.42360996640625004 0.6212078555555556 0.01561695624999997 0.031233913888888923
2 0.32405186328125 0.6177374208333333 0.027329675000000008 0.03470434999999997
2 0.3635642822648265 0.6097716210545617 0.04005445890784709 0.06451768844643198
2 0.395792260546875 0.6230205615878762 0.028305735156250032 0.045270631509085744
2 0.278665081640625 0.6281487250000001 0.03220997578125 0.04164521944444444
3 0.18545136835937498 0.5830330694444444 0.18154712890624997 0.25681218611111106
3 0.0606100936967632 0.6240330395123509 0.1212201873935264 0.17481224597529807
0 0.6414235625 0.6299424923611111 0.007798462500000003 0.04679077638888892
