2 0.14307068828124997 0.5629448069444445 0.05402669375 0.10494073611111109
2 0.389192291796875 0.4882412291666667 0.008003953906249972 0.012450594444444442
2 0.40219871835937504 0.49535585625000006 0.010004942968750008 0.0160079097222222
2 0.39169352773437505 0.49980249722222225 0.009004449218749988 0.014229252777777725
2 0.39469501054687506 0.5184783930555555 0.01900939140625 0.026679850000000015
2 0.38268907890625 0.5433795833333334 0.023011370312500022 0.044466413888888924
2 0.366681170703125 0.5407115986111111 0.03301631328125003 0.06758894999999998
2 0.333164609765625 0.5469368972222223 0.06403163671874998 0.08715417222222226
2 0.2401186375 0.5504942097222222 0.15007415000000002 0.17608699999999994
2 0.61305289765625 0.5487638055579217 0.09604745625 0.1333027388841567
2 0.4829886359375 0.5620554777777778 0.1940958984375 0.2739131111111111
2 0.078288680859375 0.6482112436115844 0.15607711484375 0.4718909710391823
0 0.83966486171875 0.4998024979166666 0.03501730156249998 0.19209490972222223
0 0.9071982269531251 0.48468391666666666 0.05402669140625012 0.23122535555555557
0 0.874181916015625 0.5291503298611111 0.05402669453124993 0.3059289319444445
9 0.8071487953125001 0.017786565972222224 0.03401680781250009 0.03557313194444445
9 0.80364706484375 0.09249014305555557 0.0270133468750001 0.14407118333333332
8 0.8331616484375001 0.13606722986111108 0.04001977343750003 0.16719371805555555
8 0.8901898242187499 0.11027670763888889 0.038018784374999906 0.16541506250000002
8 0.8411656031250001 0.2694664715277778 0.05202570468750008 0.0782608902777778
