2 0.251500423828125 0.5230938795393243 0.17546541171875002 0.18077038258801814
2 0.34410716953125 0.5094995673611111 0.02924423593750003 0.07278565138888887
2 0.375301021484375 0.5025675993055556 0.040941928906249994 0.0693196680555555
2 0.432327279296875 0.48610417916666665 0.05166481484374996 0.06065471111111115
2 0.506412676171875 0.4835046923611111 0.03606789140625004 0.045057784722222195
2 0.6745670292968751 0.49303614583333333 0.05848847109374997 0.07105266111111111
2 0.8706628804687501 0.5622430788933843 0.25766821874999996 0.5075410994534355
2 0.741828770703125 0.4921696506944444 0.04679077734375001 0.06931967083333335
2 0.7008868406250001 0.4791722118055555 0.021445773437500027 0.04332479305555555
2 0.47960545976562496 0.48437118611111113 0.021445771093749944 0.03985880833333337
2 0.5283458527343751 0.47310674236111117 0.007798461718749916 0.02426188472222219
2 0.54053095078125 0.4722402458333333 0.010722887499999967 0.019062911111111133
2 0.553690856640625 0.4731067395833333 0.011697694531250047 0.013863934722222224
2 0.6136415390625001 0.4653082791666667 0.014622117187500016 0.019062911111111133
2 0.63216288828125 0.46790776597222217 0.012672501562500039 0.020795901388888892
2 0.575136628125 0.4679077673611111 0.007798462500000003 0.013863934722222224
2 0.585372110546875 0.46444178263888886 0.00877327109374999 0.017329918055555598
2 0.601456441015625 0.46704126874999996 0.011697694531250047 0.015596926388888951
