2 0.395831802734375 0.4911024972222222 0.011958664843750012 0.025511819444444465
2 0.40659459960937505 0.4964174611111111 0.023917328906250025 0.04039371388888892
2 0.42034706562499996 0.49535446805555555 0.027504929687499936 0.03826772777777781
2 0.44247059531250005 0.5144883305555555 0.055009857812499965 0.06803151388888888
2 0.4927073743079216 0.540885860306644 0.08368987638415666 0.10051107325383318
2 0.595421919140625 0.5818035781173102 0.16383370703125005 0.20266200901239825
2 0.376578354296875 0.5102363638888889 0.03468012734374999 0.09779530555555548
2 0.304826366015625 0.5107315231012209 0.12556598046875003 0.18807698786910848
2 0.23905371015625 0.48791351944444444 0.013154531250000013 0.027637800000000032
2 0.22649711289062502 0.4889765131944444 0.014350397656249968 0.029763787500000027
2 0.21154877968750002 0.48791352083333334 0.02511319687500002 0.03188977222222225
3 0.10472053007812501 0.4350941793606852 0.20911220390625002 0.196251164276926
2 0.8068835178875637 0.7240204429301532 0.38623296422487224 0.5519591141396933
9 0.0107627984375 0.3561024611111111 0.021525596875 0.014881894444444457
8 0.231400162109375 0.36779537708333326 0.005979333593750002 0.0255118180555555
8 0.240967094921875 0.3709843555555556 0.008371066406250006 0.027637808333333347
8 0.407409499609375 0.42346286875 0.0035091257812499776 0.011972140277777755
8 0.47296519101562495 0.40925208125 0.005979333593750002 0.019133862500000022
8 0.46100652617187504 0.4581497340277778 0.008371064843750008 0.019133862499999942
8 0.47954245507812504 0.46027571944444445 0.009566930468750012 0.014881897222222228
9 0.47416105703125 0.4485828027777778 0.01554626562500001 0.021259850000000018
9 0.570229008203125 0.42377965 0.017937997656250017 0.04251969444444449
9 0.573218674609375 0.45248044513888885 0.014350397656250014 0.019133862499999942
9 0.26388625625 0.40437606249999997 0.009825551562500002 0.013724580555555517
8 0.40383018710937496 0.42234277916666674 0.0028073007812499996 0.013724580555555517
8 0.391197333984375 0.45041578472222227 0.0028073007812499996 0.009981513888888887
8 0.421375815625 0.4510396298611111 0.007018251562499955 0.01871533750000004
9 0.042811333984375 0.35421896249999996 0.01263285234375 0.023706094444444444
