2 0.5169299773437499 0.5049750749999999 0.011476706249999946 0.02210328611111115
2 0.500193113671875 0.5083755805555557 0.014345882031249957 0.025503791666666664
2 0.491107388671875 0.50752545625 0.011476705468749949 0.037405565277777775
2 0.483456251953125 0.5092257097222223 0.017215058593749964 0.03740556666666666
2 0.47102315195312505 0.5134763388888888 0.019127844531250028 0.04930733055555558
2 0.458590056640625 0.5126262145833334 0.02104063046875 0.047607081944444476
2 0.45332989843749993 0.5177269729166667 0.020084234374999975 0.0544080930555555
2 0.43754942734375 0.5177269701388889 0.03060455156249997 0.07141061805555561
2 0.416508798046875 0.5194272222222222 0.038255686718750015 0.07821162777777775
2 0.3720365609375 0.5287786145833334 0.07172941406249995 0.10371541805555554
2 0.31034926640625005 0.5545144804088585 0.11859263125 0.13798977853492328
2 0.5370142140625 0.5049750749999999 0.01912784374999994 0.025503794444444436
2 0.548490919921875 0.5041249486111111 0.009563921093750061 0.02380354166666668
2 0.5614022140625 0.5058252013888889 0.02582258906249999 0.040806066666666634
2 0.56283680390625 0.5126262118055556 0.0210406296875 0.04080606805555552
2 0.5911832520749043 0.5415305097222223 0.07008238852480835 0.09861466388888893
8 0.961652360546875 0.1396636138888889 0.025822588281249993 0.10881617500000001
9 0.97456365625 0.23512066666666667 0.049732393749999916 0.040806066666666675
8 0.96595612421875 0.3192831798611111 0.02295341250000007 0.05610834027777775
9 0.9920974984375001 0.027204044444444443 0.013389489062500103 0.03060455
9 0.9619711468750001 0.06460960555555555 0.02199702343749994 0.03740556388888889
8 0.063773975 0.016869694444444444 0.03347372656249999 0.03373938888888889
