2 0.42798550390625 0.5032748229166667 0.010520314062500003 0.01700252916666669
2 0.464328408984375 0.536045088594312 0.08129333671875001 0.11808677003359835
2 0.5078442523437501 0.5049750763888888 0.007651137499999993 0.02380353888888883
2 0.512148016796875 0.5075254548611111 0.012433099218750066 0.03910581249999999
2 0.523624723046875 0.5109259611111111 0.025822588281249993 0.05610834444444445
2 0.4131614257812499 0.5168768458333334 0.022953412499999982 0.0782116305555556
2 0.372992953515625 0.5279284895833333 0.07842416015625 0.1377204791666667
2 0.324695148828125 0.5517320277777777 0.10042118046875 0.17172553333333332
2 0.19165247018739354 0.5770863236868257 0.25968909710391824 0.298976735959682
2 0.10159494023437499 0.645939293869487 0.20266819609374997 0.4014774599611963
4 0.68447250546875 0.40210827772690705 0.32804252031250003 0.5350513084350749
9 0.9241139531249999 0.03528024652777778 0.040168471874999945 0.06630985972222223
9 0.9767155230468749 0.048882269444444446 0.042081255468749926 0.03570530833333334
9 0.95376211015625 0.11349187152777777 0.07651137500000012 0.04590682361111112
9 0.967629796875 0.221457925 0.0468632171874999 0.054408088888888886
8 0.50640966484375 0.45906825138888885 0.00669474531250005 0.017002527777777804
9 0.529602173828125 0.46714445138888894 0.00860752890624994 0.011901769444444455
