2 0.0873359375 0.596990351627863 0.174309334375 0.1927313921446148
2 0.201114099476283 0.5822852194444444 0.077377261984934 0.11784343611111107
2 0.263198118359375 0.5597563270833333 0.07018616484375002 0.09704753472222218
2 0.312913319140625 0.5451803358023377 0.040941928906249994 0.07829350216023098
2 0.345081976171875 0.5441594013888889 0.035093082031250014 0.06585368333333332
2 0.364090730078125 0.5441594034722222 0.024370196093749998 0.04852376805555557
2 0.377250637109375 0.5346279458333333 0.03119385078125001 0.060654711111111065
2 0.5956075925781249 0.5276959812500001 0.04874039140624999 0.09184855972222224
2 0.568800378125 0.5207640145833333 0.026319814062500058 0.06758667638888893
2 0.55612787578125 0.5198975180555555 0.02047096562500004 0.062387702777777714
2 0.543455373046875 0.5164315340277779 0.018521349218749972 0.051989751388888866
2 0.5376065265625 0.5146985409722222 0.016571732812499997 0.045057784722222195
2 0.515185945703125 0.5034340965277778 0.012672502343749947 0.025994876388888914
2 0.520059985546875 0.5034340951388889 0.012672502343750036 0.02252889305555554
2 0.44110055 0.5112325604166666 0.006823654687500014 0.02426188472222227
2 0.450361225 0.5077665763888889 0.007798462500000003 0.024261886111111075
2 0.459621898828125 0.5069000798611111 0.00877327109374999 0.02252889305555554
2 0.4133185265625 0.526045114485141 0.050690007812500014 0.06742242658527352
2 0.6478587569394165 0.5415599145833333 0.09280463262883307 0.12997437916666665
0 0.467420362109375 0.5120990548611111 0.00877327109374999 0.046790776388888844
8 0.44743680117187506 0.44017989930555557 0.005848847656249934 0.027727868055555563
8 0.443050166015625 0.4367139145833333 0.00877327109374999 0.027727868055555563
9 0.5907335546875 0.44797835972222216 0.013647309375000027 0.036392825
2 0.9515545144804088 0.47870528109028954 0.05078790459965923 0.040885860306644005
